 2008  0006    12  0.6192408333E+00  0.3118873795E+00 
 2008  0012    12  -0.2702500000E-02  0.2907930250E+00 
 2008  0018    12  -0.3598666667E+00  0.2727425258E+00 
 2008  0024    12  -0.6136000000E+00  0.2586575406E+00 
 2008  0030    12  -0.9355666667E+00  0.3099049998E+00 
 2008  0036    12  -0.9365333333E+00  0.3399804684E+00 
 2008  0042    12  -0.5669083333E+00  0.3005167895E+00 
 2008  0048    12  -0.2976082500E+00  0.2910590443E+00 
 2008  0054    12  0.8420000000E-02  0.2681965446E+00 
 2008  0060    12  0.1316375000E+00  0.2607995495E+00 
 2008  0066    12  0.1443503333E+00  0.2392127727E+00 
 2008  0072    12  -0.7335000000E-01  0.2213042442E+00 
 2008  0078    12  -0.1311941667E+00  0.1702627625E+00 
 2008  0084    12  -0.2931374167E+00  0.1620323948E+00 
 2008  0090    12  -0.1036266667E+00  0.1460922394E+00 
 2008  0096    12  0.3790000000E-02  0.1343512671E+00 
 2008  0102    12  0.1502833333E-01  0.1033723717E+00 
 2008  0108    12  -0.1625831667E+00  0.1279384657E+00 
 2008  0114    12  -0.4888333333E+00  0.1799104237E+00 
 2008  0120    12  -0.6403416667E+00  0.1117612668E+00 
 2008  0126    12  -0.7828333333E+00  0.1642534035E+00 
 2008  0132    12  -0.9794500000E+00  0.2064569992E+00 
 2008  0138    12  -0.8507750000E+00  0.1582208326E+00 
 2008  0144    12  -0.7186916667E+00  0.2147095459E+00 
 2008  0150    12  -0.8405583333E+00  0.2288367958E+00 
 2008  0156    12  -0.7176750000E+00  0.2301105065E+00 
 2008  0162    12  -0.3251100000E+00  0.1746395997E+00 
 2008  0168    12  -0.1692473333E+00  0.1170900776E+00 
 2008  0174    12  0.6145116667E-01  0.1240811341E+00 
 2008  0180    12  0.2496983333E+00  0.1340441704E+00 
 2008  0186    12  0.5491333333E+00  0.1473382126E+00 
 2008  0192    12  0.5634916667E+00  0.1508663562E+00 
 2008  0198    12  0.5973416667E+00  0.1423143789E+00 
 2008  0204    12  0.3512833333E+00  0.1357253712E+00 
 2008  0210    12  0.1613300000E+00  0.1325284582E+00 
 2008  0216    12  0.2131833333E-01  0.1825553167E+00 
 2008  0222    12  0.1270618333E+00  0.1849908186E+00 
 2008  0228    12  -0.3559416667E-01  0.1803692367E+00 
 2008  0234    12  -0.6777500000E-01  0.1704108987E+00 
 2008  0240    12  -0.1101475000E+00  0.1486559072E+00 
 2008  0246    12  -0.1104375000E+00  0.1198679581E+00 
 2008  0252    12  -0.3975833333E+00  0.1073648362E+00 
 2008  0258    12  -0.4451833333E+00  0.1003290323E+00 
 2008  0264    12  -0.5998916667E+00  0.8855538247E-01 
 2008  0270    12  -0.5345500000E+00  0.1008379930E+00 
 2008  0276    12  -0.5007583333E+00  0.1350734828E+00 
 2008  0282    12  -0.2531408333E+00  0.1594382702E+00 
 2008  0288    12  0.4953000000E-01  0.1671489186E+00 
 2008  0294    12  0.8310416667E-01  0.2153911439E+00 
 2008  0300    12  0.4044416667E-01  0.2368927095E+00 
 2008  0306    12  0.2255183333E+00  0.2497054759E+00 
 2008  0312    12  0.1066666667E-02  0.2131351617E+00 
 2008  0318    12  -0.3799416667E+00  0.1835657850E+00 
 2008  0324    12  -0.1080183333E+01  0.1674206371E+00 
 2008  0330    12  -0.1213316667E+01  0.2221233697E+00 
 2008  0336    12  -0.1175750000E+01  0.2079341623E+00 
 2008  0342    12  -0.1203008333E+01  0.2276683387E+00 
 2008  0348    12  -0.1274583333E+01  0.2387200132E+00 
 2008  0354    12  -0.1434083333E+01  0.2489449264E+00 
 2008  0360    12  -0.1277500000E+01  0.2440248143E+00 
 2008  0366    12  -0.1274208333E+01  0.2377118370E+00 
 2008  0372    12  -0.1034433333E+01  0.2435564183E+00 
 2008  0378    12  -0.9486083333E+00  0.2542457652E+00 
 2008  0384    12  -0.7953583333E+00  0.2497926455E+00 
 2008  0390    12  -0.7366500000E+00  0.2380372852E+00 
 2008  0396    12  -0.5452333333E+00  0.2014182271E+00 
 2008  0402    12  -0.4828250000E+00  0.1726595645E+00 
 2008  0408    12  -0.5364750000E+00  0.1658921544E+00 
 2008  0414    12  -0.6222666667E+00  0.1632823339E+00 
 2008  0420    12  -0.3312250000E+00  0.1490059066E+00 
 2008  0426    12  -0.1830439167E+00  0.1302219703E+00 
 2008  0432    12  0.4636250000E-01  0.1119501353E+00 
 2008  0438    12  -0.1210782500E+00  0.1070438013E+00 
 2008  0444    12  -0.2667333333E-01  0.1025383608E+00 
 2008  0450    12  -0.2367091667E-01  0.1056715461E+00 
 2008  0456    12  0.2488166667E-01  0.1306161962E+00 
 2008  0462    12  -0.1600690833E+00  0.1607613421E+00 
 2008  0468    12  0.5159925000E-01  0.1841170943E+00 
 2008  0474    12  0.2579983333E+00  0.2311644463E+00 
 2008  0480    12  0.6066916667E+00  0.2476049961E+00 
 2008  0486    12  0.6828083333E+00  0.2688076557E+00 
 2008  0492    12  0.7216583333E+00  0.2679353294E+00 
 2008  0498    12  0.8064333333E+00  0.2603844892E+00 
 2008  0504    12  0.7334000000E+00  0.2394877902E+00 
 2008  0510    12  0.6615333333E+00  0.1976922285E+00 
 2008  0516    12  0.4280608333E+00  0.1881763695E+00 
 2008  0522    12  0.3880141667E+00  0.1632609252E+00 
 2008  0528    12  0.1818558333E+00  0.1936998392E+00 
 2008  0534    12  -0.1945000000E-01  0.2228971043E+00 
 2008  0540    12  -0.1016205000E+00  0.2577954777E+00 
 2008  0546    12  0.3217125000E-01  0.2973295758E+00 
 2008  0552    12  0.1377591667E+00  0.3241967335E+00 
 2008  0558    12  0.1766125000E+00  0.3480543433E+00 
 2008  0564    12  0.3441795000E+00  0.3445562765E+00 
 2008  0570    12  0.8423666667E+00  0.3488416172E+00 
 2008  0576    12  0.1163750000E+01  0.3358698297E+00 
 2008  0582    12  0.1251000000E+01  0.2619029814E+00 
 2008  0588    12  0.9544500000E+00  0.2017919865E+00 
 2008  0594    12  0.4820583333E+00  0.1263750599E+00 
 2008  0600    12  0.2181583333E-02  0.8681796578E-01 
 2008  0606    12  -0.3597000000E+00  0.1559707184E+00 
 2008  0612    12  -0.6071666667E+00  0.1690087391E+00 
 2008  0618    12  -0.6447166667E+00  0.1534082073E+00 
 2008  0624    12  -0.8523083333E+00  0.1824445142E+00 
 2008  0630    12  -0.6578583333E+00  0.1785613781E+00 
 2008  0636    12  -0.6366583333E+00  0.1813224957E+00 
 2008  0642    12  -0.4009250000E+00  0.1557285519E+00 
 2008  0648    12  -0.2530250000E+00  0.1435489006E+00 
 2008  0654    12  -0.3264583333E+00  0.1442251392E+00 
 2008  0660    12  -0.5414333333E+00  0.1239117518E+00 
 2008  0666    12  -0.4365333333E+00  0.7058373672E-01 
 2008  0672    12  -0.4419916667E+00  0.5109022180E-01 
 2008  0678    12  -0.4131916667E+00  0.7392261109E-01 
 2008  0684    12  -0.7394166667E+00  0.4869994581E-01 
 2008  0690    12  -0.8961500000E+00  0.4852275240E-01 
 2008  0696    12  -0.1084166667E+01  0.7176795168E-01 
 2008  0702    12  -0.9426583333E+00  0.6427675135E-01 
 2008  0708    12  -0.1119750000E+01  0.6277356795E-01 
 2008  0714    12  -0.1105916667E+01  0.6997315954E-01 
 2008  0720    12  -0.1321500000E+01  0.9416696165E-01 
 2008  0726    12  -0.1302833333E+01  0.7253026188E-01 
 2008  0732    12  -0.1131916667E+01  0.6413716854E-01 
 2008  0738    12  -0.1005508333E+01  0.6417452062E-01 
 2008  0744    12  -0.1049058333E+01  0.6853731901E-01 
 2008  0750    12  -0.1043208333E+01  0.8296693577E-01 
 2008  0756    12  -0.1049125000E+01  0.7571995691E-01 
 2008  0762    12  -0.5581833333E+00  0.8672584038E-01 
 2008  0768    12  -0.3944333333E+00  0.9865759249E-01 
 2008  0774    12  -0.2708333333E+00  0.1279484911E+00 
 2008  0780    12  -0.3178750000E+00  0.1449016685E+00 
 2008  0786    12  -0.1275845000E+00  0.1509025201E+00 
 2008  0792    12  0.1234108333E+00  0.1351298805E+00 
 2008  0798    12  0.9590625000E-01  0.1504241389E+00 
 2008  0804    12  -0.2579133333E-01  0.1548786437E+00 
 2008  0810    12  -0.7074425000E-01  0.1689406492E+00 
 2008  0816    12  -0.2208458333E+00  0.1899188880E+00 
 2008  0822    12  -0.5227666667E+00  0.2192015676E+00 
 2008  0828    12  -0.6361833333E+00  0.2087495622E+00 
 2008  0834    12  -0.5717250000E+00  0.1983856099E+00 
 2008  0840    12  -0.5292750000E+00  0.2147959734E+00 
 2008  0846    12  -0.4387491667E+00  0.2299754253E+00 
 2008  0852    12  -0.3420125000E+00  0.1909148219E+00 
 2008  0858    12  0.1779416667E-01  0.1367502741E+00 
 2008  0864    12  0.1312411667E+00  0.1234003607E+00 
 2008  0870    12  -0.1151791667E+00  0.1249079434E+00 
 2008  0876    12  -0.3316533333E+00  0.1396398175E+00 
 2008  0882    12  -0.3137966667E+00  0.1623536617E+00 
 2008  0888    12  -0.9864583333E-01  0.2151854934E+00 
 2008  0894    12  -0.2821875000E-01  0.2645744598E+00 
 2008  0900    12  0.1308108333E+00  0.3271635693E+00 
 2008  0906    12  0.4452508333E+00  0.3583595170E+00 
 2008  0912    12  0.8216083333E+00  0.3137319489E+00 
 2008  0918    12  0.8251166667E+00  0.2647112132E+00 
 2008  0924    12  0.6918916667E+00  0.1785463033E+00 
 2008  0930    12  0.2000733333E+00  0.1351495008E+00 
 2008  0936    12  0.1008650000E+00  0.1902848441E+00 
 2008  0942    12  -0.3074641667E+00  0.1785586443E+00 
 2008  0948    12  -0.5341666667E+00  0.1726289679E+00 
 2008  0954    12  -0.3236083333E+00  0.1826352305E+00 
 2008  0960    12  -0.1527133333E+00  0.1696891945E+00 
 2008  0966    12  -0.4183991667E-01  0.1775865606E+00 
 2008  0972    12  0.3277333333E-01  0.2055212545E+00 
 2008  0978    12  0.4300000000E-02  0.2096330888E+00 
 2008  0984    12  0.5171583333E-01  0.1880347138E+00 
 2008  0990    12  -0.1415150000E+00  0.1898537199E+00 
 2008  0996    12  -0.4775916667E-01  0.1468415000E+00 
 2008  1002    12  0.7240433333E-01  0.1350998849E+00 
 2008  1008    12  0.1188233333E+00  0.1250358963E+00 
 2008  1014    12  -0.9499916667E-01  0.1276661244E+00 
 2008  1020    12  -0.6376500000E+00  0.1524583905E+00 
 2008  1026    12  -0.1473750000E+01  0.1717789883E+00 
 2008  1032    12  -0.2053666667E+01  0.1304443261E+00 
 2008  1038    12  -0.2490833333E+01  0.1946196433E+00 
 2008  1044    12  -0.2432333333E+01  0.1728237702E+00 
 2008  1050    12  -0.2298833333E+01  0.2102228315E+00 
 2008  1056    12  -0.2012250000E+01  0.1976748698E+00 
 2008  1062    12  -0.1646000000E+01  0.1797845933E+00 
 2008  1068    12  -0.1242333333E+01  0.1440823453E+00 
 2008  1074    12  -0.6364583333E+00  0.1553811736E+00 
 2008  1080    12  -0.2652858333E+00  0.1918441612E+00 
 2008  1086    12  -0.1250266667E+00  0.2345485639E+00 
 2008  1092    12  -0.5127858333E+00  0.2876617766E+00 
 2008  1098    12  -0.1022625000E+01  0.3325511217E+00 
 2008  1104    12  -0.1702666667E+01  0.3659436052E+00 
 2008  1110    12  -0.1942416667E+01  0.2956705538E+00 
 2008  1116    12  -0.2083833333E+01  0.3136863703E+00 
 2008  1122    12  -0.2104333333E+01  0.2960468244E+00 
 2008  1128    12  -0.2142083333E+01  0.3399787881E+00 
 2008  1134    12  -0.2256166667E+01  0.3357511066E+00 
 2008  1140    12  -0.2024833333E+01  0.3046842172E+00 
 2008  1146    12  -0.1451250000E+01  0.3297913798E+00 
 2008  1152    12  -0.1147008333E+01  0.3104015342E+00 
 2008  1158    12  -0.7779083333E+00  0.2364841448E+00 
 2008  1164    12  -0.3891250000E+00  0.2377930898E+00 
 2008  1170    12  0.2806483333E-01  0.2014258419E+00 
 2008  1176    12  0.5218750000E-01  0.1668132973E+00 
 2008  1182    12  -0.4441583333E-02  0.1225852452E+00 
 2008  1188    12  -0.1139772500E+00  0.1074693480E+00 
 2008  1194    12  -0.1038208333E+00  0.1097897759E+00 
 2008  1200    12  -0.3084083333E+00  0.8576009618E-01 
 2008  1206    12  -0.3358750000E+00  0.1243857583E+00 
 2008  1212    12  -0.1617928333E+00  0.1603282213E+00 
 2008  1218    12  0.2753225000E+00  0.2388549976E+00 
 2008  1224    12  0.2277925000E+00  0.2580233997E+00 
 2008  1230    12  0.1659691667E+00  0.2764941659E+00 
 2008  1236    12  0.3351575000E-01  0.2442520542E+00 
 2008  1242    12  0.1678441667E-01  0.1807676237E+00 
 2008  1248    12  -0.3687916667E+00  0.1375010149E+00 
 2008  1254    12  -0.6228833333E+00  0.1701134123E+00 
 2008  1260    12  -0.7733750000E+00  0.1765669143E+00 
 2008  1266    12  -0.7736750000E+00  0.1433794158E+00 
 2008  1272    12  -0.7989166667E+00  0.1699177587E+00 
 2008  1278    12  -0.1086833333E+01  0.1363953588E+00 
 2008  1284    12  -0.1405750000E+01  0.1709337713E+00 
 2008  1290    12  -0.1285000000E+01  0.1638429126E+00 
 2008  1296    12  -0.9966750000E+00  0.1344300011E+00 
 2008  1302    12  -0.8311416667E+00  0.1438964006E+00 
 2008  1308    12  -0.5504000000E+00  0.1274158546E+00 
 2008  1314    12  -0.5894333333E+00  0.1331313032E+00 
 2008  1320    12  -0.8781916667E+00  0.1111481628E+00 
 2008  1326    12  -0.1176991667E+01  0.1465101502E+00 
 2008  1332    12  -0.1127166667E+01  0.1413529114E+00 
 2008  1338    12  -0.1283250000E+01  0.1585781222E+00 
 2008  1344    12  -0.1487916667E+01  0.1355214979E+00 
 2008  1350    12  -0.1929666667E+01  0.1609944789E+00 
 2008  1356    12  -0.2301583333E+01  0.1584773687E+00 
 2008  1362    12  -0.2263666667E+01  0.1443637381E+00 
 2008  1368    12  -0.2246750000E+01  0.1719816487E+00 
 2008  1374    12  -0.2055500000E+01  0.1343369520E+00 
 2008  1380    12  -0.1745916667E+01  0.1266356047E+00 
 2008  1386    12  -0.1294083333E+01  0.1553680889E+00 
 2008  1392    12  -0.9669250000E+00  0.1696771352E+00 
 2008  1398    12  -0.9954250000E+00  0.1694268137E+00 
 2008  1404    12  -0.8704333333E+00  0.1743269836E+00 
 2008  1410    12  -0.5999500000E+00  0.1685139139E+00 
 2008  1416    12  -0.2588450000E+00  0.1725633168E+00 
 2008  1422    12  -0.3222941667E+00  0.1603852067E+00 
 2008  1428    12  -0.4292500000E+00  0.1397952640E+00 
 2008  1434    12  -0.5985333333E+00  0.1418662359E+00 
 2008  1440    12  -0.7271583333E+00  0.1600904508E+00 
 2008  1446    12  -0.4977333333E+00  0.1705622581E+00 
 2008  1452    12  -0.1427716667E+00  0.1771279490E+00 
 2008  1458    12  -0.1927500000E+00  0.2130037923E+00 
 2008  1464    12  -0.7883166667E+00  0.2597489135E+00 
 2008  1470    12  -0.1999500000E+01  0.2388358921E+00 
 2008  1476    12  -0.2353166667E+01  0.2872956762E+00 
 2008  1482    12  -0.2600666667E+01  0.3473752374E+00 
 2008  1488    12  -0.2421166667E+01  0.3880311056E+00 
 2008  1494    12  -0.2310000000E+01  0.4699751766E+00 
 2008  1500    12  -0.2388500000E+01  0.4549561334E+00 
 2008  1506    12  -0.2140666667E+01  0.4564514091E+00 
 2008  1512    12  -0.1622666667E+01  0.3298985534E+00 
 2008  1518    12  -0.1439183333E+01  0.3507132894E+00 
 2008  1524    12  -0.9999166667E+00  0.3012465680E+00 
 2008  1530    12  -0.7928666667E+00  0.2892334620E+00 
 2008  1536    12  -0.6244333333E+00  0.3079431639E+00 
 2008  1542    12  -0.6711750000E+00  0.3218445202E+00 
 2008  1548    12  -0.4369100000E+00  0.2935323017E+00 
 2008  1554    12  -0.3448158333E+00  0.2494549089E+00 
 2008  1560    12  -0.1501050000E+00  0.2113866125E+00 
 2008  1566    12  -0.1320533333E+00  0.2039435199E+00 
 2008  1572    12  -0.3020741667E+00  0.2198165643E+00 
 2008  1578    12  -0.4923916667E+00  0.1891433383E+00 
 2008  1584    12  -0.3829666667E+00  0.1803289371E+00 
 2008  1590    12  -0.6742916667E+00  0.1823848745E+00 
 2008  1596    12  -0.7410666667E+00  0.1655310562E+00 
 2008  1602    12  -0.7377500000E+00  0.2010188818E+00 
 2008  1608    12  -0.5342666667E+00  0.2142015653E+00 
 2008  1614    12  -0.3281416667E+00  0.2223349448E+00 
 2008  1620    12  0.8130833333E-01  0.2610255946E+00 
 2008  1626    12  0.5884975000E+00  0.2439490293E+00 
 2008  1632    12  0.9064750000E+00  0.2235303974E+00 
 2008  1638    12  0.8970666667E+00  0.2544624705E+00 
 2008  1644    12  0.1074658333E+01  0.2140148455E+00 
 2008  1650    12  0.9329750000E+00  0.2154379188E+00 
 2008  1656    12  0.1033266667E+01  0.1891269386E+00 
 2008  1662    12  0.7766333333E+00  0.1992671211E+00 
 2008  1668    12  0.5189166667E+00  0.1960378528E+00 
 2008  1674    12  0.3461683333E+00  0.1841462650E+00 
 2008  1680    12  0.8306916667E-01  0.1846664411E+00 
 2008  1686    12  -0.1276671667E+00  0.1495824402E+00 
 2008  1692    12  0.1966333333E-01  0.1582305627E+00 
 2008  1698    12  0.4097558333E+00  0.1685527305E+00 
 2008  1704    12  0.9514083333E+00  0.1796916871E+00 
 2008  1710    12  0.1145758333E+01  0.2448678741E+00 
 2008  1716    12  0.1133916667E+01  0.2460904875E+00 
 2008  1722    12  0.1352875000E+01  0.2607457354E+00 
 2008  1728    12  0.1589666667E+01  0.2532993398E+00 
 2008  1734    12  0.1380658333E+01  0.2616883657E+00 
 2008  1740    12  0.1305725000E+01  0.2252761976E+00 
 2008  1746    12  0.1308850000E+01  0.2141280322E+00 
 2008  1752    12  0.1486416667E+01  0.2066532758E+00 
 2008  1758    12  0.1592250000E+01  0.2168287054E+00 
 2008  1764    12  0.1750000000E+01  0.2565401203E+00 
 2008  1770    12  0.1619641667E+01  0.3487442890E+00 
 2008  1776    12  0.1607608333E+01  0.3924895805E+00 
 2008  1782    12  0.1430841667E+01  0.4194261664E+00 
 2008  1788    12  0.1607241667E+01  0.4364701698E+00 
 2008  1794    12  0.1545900000E+01  0.3955914686E+00 
 2008  1800    12  0.1149283333E+01  0.3635879005E+00 
 2008  1806    12  0.5034383333E+00  0.3458124764E+00 
 2008  1812    12  -0.2962950000E+00  0.2765944214E+00 
 2008  1818    12  -0.5993583333E+00  0.2919345830E+00 
 2008  1824    12  -0.4650250000E+00  0.1842601699E+00 
 2008  1830    12  -0.9942166667E+00  0.1693676023E+00 
 2008  1836    12  -0.1433333333E+01  0.8207347657E-01 
 2008  1842    12  -0.1711250000E+01  0.2078986632E+00 
 2008  1848    12  -0.1410166667E+01  0.1454824350E+00 
 2008  1854    12  -0.1492916667E+01  0.1465568481E+00 
 2008  1860    12  -0.1460916667E+01  0.1279312695E+00 
 2008  1866    12  -0.1749083333E+01  0.2051797823E+00 
 2008  1872    12  -0.1627916667E+01  0.2228749494E+00 
 2008  1878    12  -0.1545333333E+01  0.2660871829E+00 
 2008  1884    12  -0.1137858333E+01  0.2663114544E+00 
 2008  1890    12  -0.7037916667E+00  0.2404258356E+00 
 2008  1896    12  -0.3468744167E+00  0.2253125332E+00 
 2008  1902    12  -0.2864466667E+00  0.2216489338E+00 
 2008  1908    12  -0.2081000000E+00  0.2274720793E+00 
 2008  1914    12  -0.8075083333E-01  0.2320918854E+00 
 2008  1920    12  0.6940666667E-01  0.2181972254E+00 
 2008  1926    12  -0.8379166667E-02  0.2469319046E+00 
 2008  1932    12  -0.4895416667E-01  0.2668341989E+00 
 2008  1938    12  0.1171666667E-02  0.2694145136E+00 
 2008  1944    12  0.2430950000E+00  0.2188115329E+00 
 2008  1950    12  0.6079708333E-01  0.1743911124E+00 
 2008  1956    12  -0.3314941667E-01  0.1654814187E+00 
 2008  1962    12  -0.1389618333E+00  0.1785050642E+00 
 2008  1968    12  -0.3390433333E+00  0.2066169346E+00 
 2008  1974    12  -0.8982083333E+00  0.2713501043E+00 
 2008  1980    12  -0.9912000000E+00  0.2739382838E+00 
 2008  1986    12  -0.1102958333E+01  0.3039446344E+00 
 2008  1992    12  -0.9023500000E+00  0.3289544079E+00 
 2008  1998    12  -0.8425916667E+00  0.3604089378E+00 
 2008  2004    12  -0.7986250000E+00  0.3529543836E+00 
 2008  2010    12  -0.5672600000E+00  0.3652568065E+00 
 2008  2016    12  -0.8368500000E-01  0.4025234039E+00 
 2008  2022    12  -0.5782833333E-01  0.4216622332E+00 
 2008  2028    12  0.2726983333E+00  0.4068877369E+00 
 2008  2034    12  0.3385975000E+00  0.4368606087E+00 
 2008  2040    12  0.4581375000E+00  0.4791420445E+00 
 2008  2046    12  0.2755186667E+00  0.4975205736E+00 
 2008  2052    12  0.4449850000E+00  0.5089073516E+00 
 2008  2058    12  0.3445016667E+00  0.5332043013E+00 
 2008  2064    12  0.3440766667E+00  0.5207479093E+00 
 2008  2070    12  0.7955166667E-01  0.5003644985E+00 
 2008  2076    12  0.1666775000E+00  0.4239620363E+00 
 2008  2082    12  0.3282416667E-01  0.3685312481E+00 
 2008  2088    12  0.1031566667E+00  0.3220199244E+00 
 2008  2094    12  -0.5869500000E-01  0.3136067770E+00 
 2008  2100    12  -0.8959166667E-02  0.2649530075E+00 
 2008  2106    12  -0.1166333333E-01  0.2492074279E+00 
 2008  2112    12  0.2645075000E+00  0.2346866062E+00 
 2008  2118    12  0.2056375000E+00  0.2389112703E+00 
 2008  2124    12  0.1807683333E+00  0.2260296851E+00 
 2008  2130    12  0.2103983333E+00  0.2470099614E+00 
 2008  2136    12  0.6430083333E+00  0.1913034346E+00 
 2008  2142    12  0.4962750000E+00  0.1720127666E+00 
 2008  2148    12  0.2927083333E+00  0.1453803028E+00 
 2008  2154    12  -0.7796500000E-01  0.1366900540E+00 
 2008  2160    12  -0.9986416667E-01  0.1108766976E+00 
 2008  2166    12  -0.1589325000E+00  0.8000933478E-01 
 2008  2172    12  -0.4723800000E-01  0.7910112421E-01 
 2008  2178    12  -0.8558583333E-02  0.1120337583E+00 
 2008  2184    12  0.4255416667E+00  0.1276772458E+00 
 2008  2190    12  0.5758916667E+00  0.1487884374E+00 
 2008  2196    12  0.5346250000E+00  0.1118666999E+00 
 2008  2202    12  0.2775083333E+00  0.1224708636E+00 
 2008  2208    12  0.2697565000E+00  0.1339374570E+00 
 2008  2214    12  0.7662000000E+00  0.1247955662E+00 
 2008  2220    12  0.1510916667E+01  0.8572869836E-01 
 2008  2226    12  0.2378666667E+01  0.9164181481E-01 
 2008  2232    12  0.3141416667E+01  0.1427891559E+00 
 2008  2238    12  0.3097750000E+01  0.1445603248E+00 
 2008  2244    12  0.3450500000E+01  0.2716678425E+00 
 2008  2250    12  0.3299416667E+01  0.2794764326E+00 
 2008  2256    12  0.3212500000E+01  0.2933415245E+00 
 2008  2262    12  0.3245750000E+01  0.3728393588E+00 
 2008  2268    12  0.3322333333E+01  0.2760740641E+00 
 2008  2274    12  0.3304166667E+01  0.2545508572E+00 
 2008  2280    12  0.3155083333E+01  0.2324903074E+00 
 2008  2286    12  0.2600833333E+01  0.2232811506E+00 
 2008  2292    12  0.2300333333E+01  0.2000463835E+00 
 2008  2298    12  0.2029166667E+01  0.1861835265E+00 
 2008  2304    12  0.2039083333E+01  0.1548727748E+00 
 2008  2310    12  0.1596000000E+01  0.1901030422E+00 
 2008  2316    12  0.1484416667E+01  0.2043230524E+00 
 2008  2322    12  0.1238391667E+01  0.2355996338E+00 
 2008  2328    12  0.1401275000E+01  0.2933555383E+00 
 2008  2334    12  0.1153250000E+01  0.2334825101E+00 
 2008  2340    12  0.8645583333E+00  0.2662658429E+00 
 2008  2346    12  0.6590666667E+00  0.2979248460E+00 
 2008  2352    12  0.1187941667E+01  0.2513110571E+00 
 2008  2358    12  0.1310283333E+01  0.2373655789E+00 
 2008  2364    12  0.1102733333E+01  0.1953460619E+00 
 2008  2370    12  0.6503166667E+00  0.2053917064E+00 
 2008  2376    12  0.5117325000E+00  0.2757840144E+00 
 2008  2382    12  0.2686033333E+00  0.3645707038E+00 
 2008  2388    12  0.4957091667E+00  0.4635861289E+00 
 2008  2394    12  0.3369741667E+00  0.5225923490E+00 
 2008  2400    12  0.2548350000E+00  0.5394087494E+00 
 2008  2406    12  -0.3577500000E-01  0.5698267370E+00 
 2008  2412    12  0.1076000000E-01  0.5698255598E+00 
 2008  2418    12  0.1575291667E+00  0.5430483919E+00 
 2008  2424    12  0.3252858333E+00  0.5101819447E+00 
 2008  2430    12  -0.4736900000E+00  0.4113996279E+00 
 2008  2436    12  -0.9040083333E+00  0.3604881077E+00 
 2008  2442    12  -0.1275958333E+01  0.3033200605E+00 
 2008  2448    12  -0.1455000000E+01  0.2308801998E+00 
 2008  2454    12  -0.1993083333E+01  0.2402077082E+00 
 2008  2460    12  -0.2220416667E+01  0.2521452816E+00 
 2008  2466    12  -0.2320000000E+01  0.2794378285E+00 
 2008  2472    12  -0.2117583333E+01  0.2921804403E+00 
 2008  2478    12  -0.2169250000E+01  0.3373055304E+00 
 2008  2484    12  -0.2216416667E+01  0.3425218870E+00 
 2008  2490    12  -0.2174166667E+01  0.3578709808E+00 
 2008  2496    12  -0.1565083333E+01  0.3281857854E+00 
 2008  2502    12  -0.1386591667E+01  0.3450145177E+00 
 2008  2508    12  -0.1397866667E+01  0.3682327102E+00 
 2008  2514    12  -0.1337591667E+01  0.3278173894E+00 
 2008  2520    12  -0.8928666667E+00  0.2697660818E+00 
 2008  2526    12  -0.5103333333E+00  0.2081786986E+00 
 2008  2532    12  -0.1873583333E+00  0.1978794187E+00 
 2008  2538    12  0.6391416667E-01  0.2021467821E+00 
 2008  2544    12  0.2753491667E+00  0.1995486174E+00 
 2008  2550    12  0.3810166667E+00  0.1937318630E+00 
 2008  2556    12  0.4724166667E+00  0.2020309747E+00 
 2008  2562    12  0.5300416667E+00  0.2111215742E+00 
 2008  2568    12  0.5839500000E+00  0.2052388060E+00 
 2008  2574    12  0.3180625000E+00  0.2155295848E+00 
 2008  2580    12  0.3590500000E+00  0.1854744255E+00 
 2008  2586    12  0.5003666667E+00  0.1659228502E+00 
 2008  2592    12  0.8005416667E+00  0.1647338027E+00 
 2008  2598    12  0.9538416667E+00  0.1640535048E+00 
 2008  2604    12  0.1239458333E+01  0.1534887969E+00 
 2008  2610    12  0.1465916667E+01  0.1491416879E+00 
 2008  2616    12  0.2021833333E+01  0.1370509840E+00 
 2008  2622    12  0.2029333333E+01  0.1328905147E+00 
 2008  2628    12  0.1932416667E+01  0.1370908813E+00 
 2008  2634    12  0.2055333333E+01  0.1653034247E+00 
 2008  2640    12  0.2531916667E+01  0.1629061378E+00 
 2008  2646    12  0.2085583333E+01  0.1836534138E+00 
 2008  2652    12  0.1679583333E+01  0.1718800252E+00 
 2008  2658    12  0.1710000000E+01  0.2278351012E+00 
 2008  2664    12  0.1747666667E+01  0.2132402141E+00 
 2008  2670    12  0.1479250000E+01  0.2190803220E+00 
 2008  2676    12  0.9514583333E+00  0.2152500269E+00 
 2008  2682    12  0.3645000000E+00  0.2513984255E+00 
 2008  2688    12  0.2001166667E-01  0.1393037268E+00 
 2008  2694    12  -0.1293808333E+00  0.1909936130E+00 
 2008  2700    12  -0.3752500000E+00  0.1162776096E+00 
 2008  2706    12  -0.2835875000E+00  0.1426911615E+00 
 2008  2712    12  -0.3656666667E-02  0.1328404440E+00 
 2008  2718    12  0.9809725000E-01  0.1727316382E+00 
 2008  2724    12  0.9426250000E-01  0.2496779793E+00 
 2008  2730    12  -0.6532250000E-01  0.3183884027E+00 
 2008  2736    12  0.1392583333E-01  0.3232619687E+00 
 2008  2742    12  -0.1278250000E+00  0.3697992387E+00 
 2008  2748    12  -0.1240130833E+00  0.3875778522E+00 
 2008  2754    12  -0.4002033333E+00  0.4425068536E+00 
 2008  2760    12  -0.4837116667E+00  0.4356499334E+00 
 2008  2766    12  -0.7806166667E+00  0.4048347622E+00 
 2008  2772    12  -0.8391000000E+00  0.3438531857E+00 
 2008  2778    12  -0.9299916667E+00  0.2565908204E+00 
 2008  2784    12  -0.8956583333E+00  0.1455294441E+00 
 2008  2790    12  -0.1537250000E+01  0.1084482403E+00 
 2008  2796    12  -0.2064500000E+01  0.6004789755E-01 
 2008  2802    12  -0.2369416667E+01  0.1045111305E+00 
 2008  2808    12  -0.2259833333E+01  0.2286295524E+00 
 2008  2814    12  -0.2228833333E+01  0.2807848623E+00 
 2008  2820    12  -0.2179000000E+01  0.3064041449E+00 
 2008  2826    12  -0.1680083333E+01  0.3447330993E+00 
 2008  2832    12  -0.1352316667E+01  0.3324459125E+00 
 2008  2838    12  -0.1042550000E+01  0.3629644163E+00 
 2008  2844    12  -0.5865033333E+00  0.3601791927E+00 
 2008  2850    12  -0.4857126750E+00  0.3785174184E+00 
 2008  2856    12  -0.7719416667E-01  0.3542140512E+00 
 2008  2862    12  -0.9173333333E-01  0.3392969308E+00 
 2008  2868    12  -0.2773358333E+00  0.3107875785E+00 
 2008  2874    12  -0.2124525000E+00  0.2813469496E+00 
 2008  2880    12  -0.1050083333E+00  0.2411947645E+00 
 2008  2886    12  -0.1996158333E+00  0.2361828443E+00 
 2008  2892    12  -0.1672433333E+00  0.2234166313E+00 
 2008  2898    12  -0.4219416667E+00  0.1854605190E+00 
 2008  2904    12  -0.6704000000E+00  0.2043908959E+00 
 2008  2910    12  -0.8467833333E+00  0.2091983343E+00 
 2008  2916    12  -0.9509500000E+00  0.2103310545E+00 
 2008  2922    12  -0.1195108333E+01  0.2033305907E+00 
 2008  2928    12  -0.1598416667E+01  0.2051562243E+00 
 2008  2934    12  -0.2445250000E+01  0.1983881402E+00 
 2008  2940    12  -0.2726916667E+01  0.1606670773E+00 
 2008  2946    12  -0.3157333333E+01  0.1762168803E+00 
 2008  2952    12  -0.2999750000E+01  0.1898192671E+00 
 2008  2958    12  -0.3253750000E+01  0.1862346750E+00 
 2008  2964    12  -0.2946416667E+01  0.1744794440E+00 
 2008  2970    12  -0.2779083333E+01  0.1365213404E+00 
 2008  2976    12  -0.1881500000E+01  0.1445697640E+00 
 2008  2982    12  -0.1568333333E+01  0.8344792122E-01 
 2008  2988    12  -0.1292416667E+01  0.5095988346E-01 
 2008  2994    12  -0.1239916667E+01  0.8185399434E-01 
 2008  3000    12  -0.9943666667E+00  0.1018106685E+00 
 2008  3006    12  -0.1190125000E+01  0.1179933128E+00 
 2008  3012    12  -0.1180583333E+01  0.6832942062E-01 
 2008  3018    12  -0.1296416667E+01  0.2096210205E-01 
 2008  3024    12  -0.1034300000E+01  0.3234555611E-01 
 2008  3030    12  -0.8541750000E+00  0.5141230600E-01 
 2008  3036    12  -0.3998166667E+00  0.4491211480E-01 
 2008  3042    12  -0.2748833333E+00  0.4323025240E-01 
 2008  3048    12  -0.4654758333E-01  0.5838531441E-01 
 2008  3054    12  -0.3132250000E+00  0.7331539317E-01 
 2008  3060    12  -0.3751500000E+00  0.9865282983E-01 
 2008  3066    12  -0.5691750000E+00  0.1183797993E+00 
 2008  3072    12  -0.3549833333E+00  0.1603191184E+00 
 2008  3078    12  -0.2713474167E+00  0.2241516978E+00 
 2008  3084    12  -0.4508591667E+00  0.2479506214E+00 
 2008  3090    12  -0.4860083333E+00  0.2444839854E+00 
 2008  3096    12  -0.2757691667E+00  0.2575164854E+00 
 2008  3102    12  -0.1486925000E+00  0.2634469930E+00 
 2008  3108    12  -0.5135333333E-01  0.2653051154E+00 
 2008  3114    12  -0.4466750000E-01  0.2453451754E+00 
 2008  3120    12  0.1394616667E+00  0.2551619050E+00 
 2008  3126    12  0.9677225000E-01  0.2759305045E+00 
 2008  3132    12  0.9447500000E-02  0.3096556351E+00 
 2008  3138    12  -0.6613750000E-01  0.3720305740E+00 
 2008  3144    12  -0.1241441667E+00  0.4009700263E+00 
 2008  3150    12  -0.3855216667E+00  0.4148562163E+00 
 2008  3156    12  -0.5823919167E+00  0.4002501911E+00 
 2008  3162    12  -0.6691425000E+00  0.3879111304E+00 
 2008  3168    12  -0.3189450000E+00  0.3544911919E+00 
 2008  3174    12  -0.2016633333E+00  0.3414201639E+00 
 2008  3180    12  0.1656250000E-02  0.3382122870E+00 
 2008  3186    12  0.1415931667E+00  0.3179335488E+00 
 2008  3192    12  0.2148291667E+00  0.2681366145E+00 
 2008  3198    12  0.1133583333E-01  0.1838860836E+00 
 2008  3204    12  -0.1843375000E+00  0.7199694370E-01 
 2008  3210    12  -0.6352000000E+00  0.1224192251E+00 
 2008  3216    12  -0.5719666667E+00  0.1483107005E+00 
 2008  3222    12  -0.1097041667E+01  0.1435541330E+00 
 2008  3228    12  -0.1470666667E+01  0.1747275657E+00 
 2008  3234    12  -0.1563583333E+01  0.2042655373E+00 
 2008  3240    12  -0.1256291667E+01  0.1474639021E+00 
 2008  3246    12  -0.1151933333E+01  0.1097813686E+00 
 2008  3252    12  -0.1030525000E+01  0.8181198084E-01 
 2008  3258    12  -0.8770916667E+00  0.1410233577E+00 
 2008  3264    12  -0.4580916667E+00  0.2257943440E+00 
 2008  3270    12  -0.4611458333E+00  0.2532278466E+00 
 2008  3276    12  -0.4166541667E+00  0.3296329969E+00 
 2008  3282    12  -0.2773933333E+00  0.3464548054E+00 
 2008  3288    12  -0.1408400000E+00  0.4116805594E+00 
 2008  3294    12  -0.5632050000E+00  0.4364338128E+00 
 2008  3300    12  -0.8520250000E+00  0.3642863597E+00 
 2008  3306    12  -0.1022425000E+01  0.3203216694E+00 
 2008  3312    12  -0.9244166667E+00  0.3037637345E+00 
 2008  3318    12  -0.4495666667E+00  0.2987936616E+00 
 2008  3324    12  -0.2338550000E+00  0.2764829918E+00 
 2008  3330    12  0.3907489167E+00  0.1834534571E+00 
 2008  3336    12  0.1098058333E+01  0.1529595832E+00 
 2008  3342    12  0.1383083333E+01  0.1541424981E+00 
 2008  3348    12  0.1427325000E+01  0.2335599749E+00 
 2008  3354    12  0.9592000000E+00  0.2965909192E+00 
 2008  3360    12  0.1266658333E+01  0.2136163245E+00 
 2008  3366    12  0.1341500000E+01  0.1873426006E+00 
 2008  3372    12  0.1430666667E+01  0.1963204580E+00 
 2008  3378    12  0.1886666667E+01  0.2552947099E+00 
 2008  3384    12  0.2109000000E+01  0.3010739112E+00 
 2008  3390    12  0.1982916667E+01  0.3465836740E+00 
 2008  3396    12  0.2081166667E+01  0.3489978112E+00 
 2008  3402    12  0.1959166667E+01  0.3347130197E+00 
 2008  3408    12  0.1779833333E+01  0.3188416099E+00 
 2008  3414    12  0.1278558333E+01  0.2956819278E+00 
 2008  3420    12  0.6392000000E+00  0.2848862346E+00 
 2008  3426    12  0.8057000000E+00  0.3119862283E+00 
 2008  3432    12  0.1599166667E+01  0.2998582536E+00 
 2008  3438    12  0.1795500000E+01  0.3259835119E+00 
 2008  3444    12  0.1970416667E+01  0.3754886723E+00 
 2008  3450    12  0.1855833333E+01  0.4419907302E+00 
 2008  3456    12  0.1453775000E+01  0.4425693131E+00 
 2008  3462    12  0.1487366667E+01  0.4300514065E+00 
 2008  3468    12  0.1453241667E+01  0.4133689463E+00 
 2008  3474    12  0.1063100000E+01  0.3998672967E+00 
 2008  3480    12  0.5769733333E+00  0.4706932170E+00 
 2008  3486    12  0.2036131667E+00  0.4881727460E+00 
 2008  3492    12  -0.2472325000E+00  0.5283386850E+00 
 2008  3498    12  -0.1747445000E+00  0.2801948139E+00 
 2008  3504    12  0.3011883333E+00  0.3004884844E+00 
 2008  3510    12  0.2748050833E+00  0.2530677275E+00 
 2008  3516    12  0.3884808333E+00  0.2636320167E+00 
 2008  3522    12  0.7184525000E+00  0.3699586141E+00 
 2008  3528    12  0.1554241667E+01  0.4138792204E+00 
 2008  3534    12  0.1726216667E+01  0.4796163221E+00 
 2008  3540    12  0.1730141667E+01  0.5214685073E+00 
 2008  3546    12  0.1665575000E+01  0.5336242313E+00 
 2008  3552    12  0.1407833333E+01  0.5558392054E+00 
 2008  3558    12  0.1352183333E+01  0.5806133507E+00 
 2008  3564    12  0.1124716667E+01  0.5748627602E+00 
 2008  3570    12  0.9474333333E+00  0.5144699187E+00 
 2008  3576    12  0.1289125000E+01  0.4891608241E+00 
 2008  3582    12  0.1338225000E+01  0.4788839562E+00 
 2008  3588    12  0.1282341667E+01  0.4808227765E+00 
 2008  3594    12  0.1140658333E+01  0.4888633985E+00 
 2008  3600    12  0.1136466667E+01  0.4790536284E+00 
 2008  3606    12  0.9557500000E+00  0.4584454211E+00 
 2008  3612    12  0.8536250000E+00  0.5033376818E+00 
 2008  3618    12  0.7791250000E+00  0.5202922706E+00 
 2008  3624    12  0.1125400000E+01  0.5411634057E+00 
 2008  3630    12  0.1248441667E+01  0.5466235092E+00 
 2008  3636    12  0.1193016667E+01  0.5997201276E+00 
 2008  3642    12  0.1009183333E+01  0.6009542756E+00 
 2008  3648    12  0.1012166667E+01  0.6026366364E+00 
 2008  3654    12  0.8082150000E+00  0.6139134291E+00 
 2008  3660    12  0.9366833333E+00  0.5783072768E+00 
 2008  3666    12  0.1174091667E+01  0.5742450688E+00 
 2008  3672    12  0.1686158333E+01  0.5604310327E+00 
 2008  3678    12  0.1673683333E+01  0.5708730767E+00 
 2008  3684    12  0.1487475000E+01  0.5787591513E+00 
 2008  3690    12  0.1613125000E+01  0.5398855637E+00 
 2008  3696    12  0.2173500000E+01  0.5157151184E+00 
 2008  3702    12  0.2250500000E+01  0.4895689431E+00 
 2008  3708    12  0.2413000000E+01  0.4800015625E+00 
 2008  3714    12  0.2451416667E+01  0.4904355986E+00 
 2008  3720    12  0.2781000000E+01  0.4812362552E+00 
 2008  3726    12  0.2784083333E+01  0.4909228484E+00 
 2008  3732    12  0.2902416667E+01  0.5132022763E+00 
 2008  3738    12  0.2804083333E+01  0.5324402092E+00 
 2008  3744    12  0.2713916667E+01  0.5384466019E+00 
 2008  3750    12  0.2278416667E+01  0.5325525730E+00 
 2008  3756    12  0.2012666667E+01  0.5380712985E+00 
 2008  3762    12  0.1998000000E+01  0.5253998477E+00 
 2008  3768    12  0.1839083333E+01  0.5096445589E+00 
 2008  3774    12  0.1296000000E+01  0.5087499975E+00 
 2008  3780    12  0.8959333333E+00  0.4806453757E+00 
 2008  3786    12  0.1016258333E+01  0.4578811408E+00 
 2008  3792    12  0.1067666667E+01  0.4121555114E+00 
 2008  3798    12  0.1204033333E+01  0.4347390258E+00 
 2008  3804    12  0.1250491667E+01  0.4268465854E+00 
 2008  3810    12  0.1235175000E+01  0.4516310222E+00 
 2008  3816    12  0.1259333333E+01  0.4516831713E+00 
 2008  3822    12  0.1285775000E+01  0.5240886536E+00 
 2008  3828    12  0.1301425000E+01  0.4379980748E+00 
 2008  3834    12  0.1057833333E+01  0.4184309408E+00 
 2008  3840    12  0.1192183333E+01  0.4178591486E+00 
 2008  3846    12  0.1028783333E+01  0.3943672185E+00 
 2008  3852    12  0.6662248000E+00  0.3746246280E+00 
 2008  3858    12  0.3923866667E+00  0.4090553145E+00 
 2008  3864    12  0.8436241667E+00  0.4363207499E+00 
 2008  3870    12  0.9259141667E+00  0.5085323091E+00 
 2008  3876    12  0.1086408333E+01  0.5211610203E+00 
 2008  3882    12  0.1510891667E+01  0.5494416370E+00 
 2008  3888    12  0.1794225000E+01  0.5583706268E+00 
 2008  3894    12  0.1669183333E+01  0.5305375919E+00 
 2008  3900    12  0.1261641667E+01  0.5018832093E+00 
 2008  3906    12  0.1162100000E+01  0.5276664224E+00 
 2008  3912    12  0.1149233333E+01  0.4426981766E+00 
 2008  3918    12  0.3374445000E+00  0.4795221765E+00 
 2008  3924    12  -0.3582241667E+00  0.4219919362E+00 
 2008  3930    12  -0.5627775833E+00  0.4251711516E+00 
 2008  3936    12  0.1815438333E+00  0.4562413310E+00 
 2008  3942    12  0.5603058333E+00  0.3628147457E+00 
 2008  3948    12  0.7751066667E+00  0.3452283116E+00 
 2008  3954    12  0.8038866667E+00  0.3543969817E+00 
 2008  3960    12  0.8702000000E+00  0.3774917968E+00 
 2008  3966    12  0.4304275000E+00  0.3884162181E+00 
 2008  3972    12  0.2916433333E+00  0.4051970351E+00 
 2008  3978    12  0.4671416667E+00  0.4434897847E+00 
 2008  3984    12  0.9890833333E+00  0.3736254382E+00 
 2008  3990    12  0.8634191667E+00  0.4261004250E+00 
 2008  3996    12  0.8477658333E+00  0.4156194756E+00 
 2008  4002    12  0.1023766667E+01  0.4425093847E+00 
 2008  4008    12  0.1646191667E+01  0.4529156884E+00 
 2008  4014    12  0.1906550000E+01  0.4928765845E+00 
 2008  4020    12  0.2038333333E+01  0.5172264709E+00 
 2008  4026    12  0.2215916667E+01  0.5554404346E+00 
 2008  4032    12  0.2480166667E+01  0.5558262368E+00 
 2008  4038    12  0.2008750000E+01  0.5358617864E+00 
 2008  4044    12  0.1840500000E+01  0.5030834093E+00 
 2008  4050    12  0.1367891667E+01  0.5213691422E+00 
 2008  4056    12  0.8925416667E+00  0.4635525167E+00 
 2008  4062    12  0.1039583333E+00  0.4268137991E+00 
 2008  4068    12  -0.3788278667E+00  0.3844987192E+00 
 2008  4074    12  -0.5620500000E+00  0.3564124589E+00 
 2008  4080    12  -0.4075090833E+00  0.3351694266E+00 
 2008  4086    12  -0.1049175000E+01  0.3657227482E+00 
 2008  4092    12  -0.8815250000E+00  0.3682429862E+00 
 2008  4098    12  -0.7400500000E+00  0.3660053108E+00 
 2008  4104    12  -0.4549955833E+00  0.3529984606E+00 
 2008  4110    12  -0.3598741667E+00  0.3295821941E+00 
 2008  4116    12  0.3754083333E-01  0.3313555175E+00 
 2008  4122    12  0.2474208333E+00  0.3822322916E+00 
 2008  4128    12  0.5201108333E+00  0.4024195138E+00 
 2008  4134    12  0.1820500000E+00  0.4322594851E+00 
 2008  4140    12  0.7328500000E+00  0.3543993310E+00 
 2008  4146    12  0.1058541667E+01  0.3865595070E+00 
 2008  4152    12  0.1004733333E+01  0.3968736498E+00 
 2008  4158    12  0.2660800000E+00  0.4448668419E+00 
 2008  4164    12  0.2814341667E+00  0.4426292891E+00 
 2008  4170    12  0.2244500000E+00  0.4789811574E+00 
 2008  4176    12  0.5712466667E+00  0.5068288863E+00 
 2008  4182    12  0.1336925000E+00  0.5405518105E+00 
 2008  4188    12  0.1776350000E+00  0.5042682287E+00 
 2008  4194    12  0.2382891667E+00  0.4943068009E+00 
 2008  4200    12  0.5174716667E+00  0.4977841297E+00 
 2008  4206    12  0.4002900000E+00  0.5018200231E+00 
 2008  4212    12  0.4365291667E+00  0.5436719809E+00 
 2008  4218    12  0.2419798333E+00  0.6010885654E+00 
 2008  4224    12  0.2699625000E+00  0.5976553210E+00 
 2008  4230    12  -0.3912000000E+00  0.6350421075E+00 
 2008  4236    12  -0.1253899167E+01  0.6689337429E+00 
 2008  4242    12  -0.1672583333E+01  0.4045813594E+00 
 2008  4248    12  -0.1218900000E+01  0.3976175025E+00 
 2008  4254    12  -0.1367858333E+01  0.5320701496E+00 
 2008  4260    12  -0.9603500000E+00  0.4132760085E+00 
 2008  4266    12  -0.5976580000E+00  0.4026372402E+00 
 2008  4272    12  -0.3295583333E+00  0.4050100070E+00 
 2008  4278    12  -0.5066588333E+00  0.4104634914E+00 
 2008  4284    12  -0.7647500000E+00  0.3659078493E+00 
 2008  4290    12  -0.7282166667E+00  0.3494980349E+00 
 2008  4296    12  -0.7555250000E+00  0.3189659729E+00 
 2008  4302    12  -0.8316666667E+00  0.2995760208E+00 
 2008  4308    12  -0.6861583333E+00  0.3136946139E+00 
 2008  4314    12  -0.2854125000E+00  0.3565312385E+00 
 2008  4320    12  0.1326350000E+00  0.4014246005E+00 
 2008  4326    12  -0.1541383333E+00  0.4203840266E+00 
 2008  4332    12  -0.4988550000E+00  0.4872195271E+00 
 2008  4338    12  -0.7742541667E+00  0.5549755471E+00 
 2008  4344    12  -0.2409583333E+00  0.4598498803E+00 
 2008  4350    12  -0.3451175000E+00  0.4286606189E+00 
 2008  4356    12  -0.5188445833E+00  0.4280269093E+00 
 2008  4362    12  -0.8929083333E+00  0.4306097565E+00 
 2008  4368    12  -0.8333916667E+00  0.4077318716E+00 
 2008  4374    12  -0.1156683333E+01  0.3965254192E+00 
 2008  4380    12  -0.1411433333E+01  0.4103668752E+00 
 2008  4386    12  -0.1685216667E+01  0.4279403577E+00 
 2008  4392    12  -0.1760083333E+01  0.3174593040E+00 
 2008  4398    12  -0.1644833333E+01  0.3853991077E+00 
 2008  4404    12  -0.1386216667E+01  0.3859823006E+00 
 2008  4410    12  -0.1226716667E+01  0.3749180240E+00 
 2008  4416    12  -0.1085675000E+01  0.3536315765E+00 
 2008  4422    12  -0.1417300000E+01  0.3134904411E+00 
 2008  4428    12  -0.1142933333E+01  0.2486950654E+00 
 2008  4434    12  -0.6581833333E+00  0.2764675232E+00 
 2008  4440    12  -0.1110791667E+00  0.3194318038E+00 
 2008  4446    12  -0.3321250000E-01  0.4038618566E+00 
 2008  4452    12  0.4860000000E-02  0.4492812196E+00 
 2008  4458    12  0.2547333333E+00  0.4860550900E+00 
 2008  4464    12  0.3510063333E+00  0.5003748576E+00 
 2008  4470    12  0.1161239167E+00  0.5259970112E+00 
 2008  4476    12  -0.2891666667E-01  0.5047527098E+00 
 2008  4482    12  -0.6959166667E-01  0.4737211459E+00 
 2008  4488    12  0.1333900000E+00  0.4373627904E+00 
 2008  4494    12  0.3951333333E-01  0.4440707972E+00 
 2008  4500    12  0.9309916667E-01  0.4231773637E+00 
 2008  4506    12  0.2644891667E+00  0.4549078986E+00 
 2008  4512    12  0.6224208333E+00  0.4721783744E+00 
 2008  4518    12  0.6399816667E+00  0.5196839675E+00 
 2008  4524    12  0.7985583333E+00  0.5458273223E+00 
 2008  4530    12  0.1020116667E+01  0.5664069633E+00 
 2008  4536    12  0.1488400000E+01  0.5753903602E+00 
 2008  4542    12  0.1717183333E+01  0.5416903818E+00 
 2008  4548    12  0.1678625000E+01  0.5087695584E+00 
 2008  4554    12  0.1484350000E+01  0.5083670664E+00 
 2008  4560    12  0.1627366667E+01  0.4867155352E+00 
 2008  4566    12  0.1256491667E+01  0.4807079648E+00 
 2008  4572    12  0.1288625000E+01  0.4696418141E+00 
 2008  4578    12  0.9429000000E+00  0.5089262864E+00 
 2008  4584    12  0.6564791667E+00  0.4905960870E+00 
 2008  4590    12  -0.6468333333E-01  0.5323588417E+00 
 2008  4596    12  -0.4376983333E+00  0.5339408348E+00 
 2008  4602    12  -0.5189283333E+00  0.5544908735E+00 
 2008  4608    12  -0.5640050000E+00  0.5906176749E+00 
 2008  4614    12  -0.5636533333E+00  0.6224997298E+00 
 2008  4620    12  -0.6141916667E+00  0.6454676644E+00 
 2008  4626    12  -0.8366741667E+00  0.6974273856E+00 
 2008  4632    12  -0.7422166667E+00  0.7388921153E+00 
 2008  4638    12  -0.9809428667E+00  0.7874919258E+00 
 2008  4644    12  -0.9075375000E+00  0.7111856699E+00 
 2008  4650    12  -0.9398158333E+00  0.6168691287E+00 
 2008  4656    12  -0.8721666667E+00  0.6394729084E+00 
 2008  4662    12  -0.6664285000E+00  0.5534114397E+00 
 2008  4668    12  -0.2935750000E+00  0.4698832570E+00 
 2008  4674    12  -0.5726666667E-01  0.4549091655E+00 
 2008  4680    12  0.2493583333E-01  0.3817839011E+00 
 2008  4686    12  -0.2683500000E-01  0.4112454703E+00 
 2008  4692    12  -0.5268166667E-01  0.4170554564E+00 
 2008  4698    12  0.1284400000E+00  0.4515807380E+00 
 2008  4704    12  -0.5514166667E-01  0.4036795397E+00 
 2008  4710    12  -0.3784920000E+00  0.3475663714E+00 
 2008  4716    12  -0.1095000000E-02  0.3580461434E+00 
 2008  4722    12  -0.2888833333E+00  0.3313595299E+00 
 2008  4728    12  -0.2698583333E+00  0.3169636933E+00 
 2008  4734    12  -0.6841250000E+00  0.3296747946E+00 
 2008  4740    12  -0.7228083333E+00  0.3472553778E+00 
 2008  4746    12  -0.9013750000E+00  0.4049941772E+00 
 2008  4752    12  -0.7644250000E+00  0.4758679003E+00 
 2008  4758    12  -0.7360616667E+00  0.5700845257E+00 
 2008  4764    12  -0.5219845833E+00  0.5752517511E+00 
 2008  4770    12  -0.2080525000E+00  0.6138411568E+00 
 2008  4776    12  0.1965633333E+00  0.6267775878E+00 
 2008  4782    12  -0.1285166667E+00  0.5673247283E+00 
 2008  4788    12  -0.1099008333E+00  0.5540320609E+00 
 2008  4794    12  -0.3663430000E+00  0.6572529629E+00 
 2008  4800    12  -0.3920766667E+00  0.6381089549E+00 
 2008  4806    12  -0.4630266667E+00  0.6207875626E+00 
 2008  4812    12  -0.5335416667E+00  0.5544629041E+00 
 2008  4818    12  -0.1012183333E+01  0.5075333385E+00 
 2008  4824    12  -0.1411675000E+01  0.4532995572E+00 
 2008  4830    12  -0.1731416667E+01  0.3977343038E+00 
 2008  4836    12  -0.1871250000E+01  0.3406892829E+00 
 2008  4842    12  -0.2085166667E+01  0.3249609806E+00 
 2008  4848    12  -0.1610666667E+01  0.3816938855E+00 
 2008  4854    12  -0.1167116667E+01  0.3618394368E+00 
 2008  4860    12  -0.7544916667E+00  0.3233210903E+00 
 2008  4866    12  -0.1242033333E+01  0.3318349774E+00 
 2008  4872    12  -0.1325033333E+01  0.3626807649E+00 
 2008  4878    12  -0.1683416667E+01  0.4042143529E+00 
 2008  4884    12  -0.1635333333E+01  0.4034648546E+00 
 2008  4890    12  -0.1183466667E+01  0.4183987359E+00 
 2008  4896    12  -0.5821666667E+00  0.3213541954E+00 
 2008  4902    12  -0.1783341667E+00  0.3539584467E+00 
 2008  4908    12  0.2069625000E+00  0.3518822123E+00 
 2008  4914    12  0.5542616667E+00  0.3705535474E+00 
 2008  4920    12  0.9710916667E+00  0.3745296082E+00 
 2008  4926    12  0.1302875000E+01  0.3607889437E+00 
 2008  4932    12  0.1376516667E+01  0.3720240961E+00 
 2008  4938    12  0.8148500000E+00  0.3967111953E+00 
 2008  4944    12  -0.8030075000E+00  0.4347598842E+00 
 2008  4950    12  -0.1572441667E+01  0.5461470627E+00 
 2008  4956    12  -0.2152250000E+01  0.6258236073E+00 
 2008  4962    12  -0.2369666667E+01  0.4637142319E+00 
 2008  4968    12  -0.2369750000E+01  0.4555710931E+00 
 2008  4974    12  -0.2338583333E+01  0.5010147134E+00 
 2008  4980    12  -0.2259250000E+01  0.4827981160E+00 
 2008  4986    12  -0.2018666667E+01  0.4691553285E+00 
 2008  4992    12  -0.1493383333E+01  0.4730806782E+00 
 2008  4998    12  -0.1422125000E+01  0.4305315883E+00 
 2008  5004    12  -0.1381233333E+01  0.4072127051E+00 
 2008  5010    12  -0.1507425000E+01  0.3467960835E+00 
 2008  5016    12  -0.1590916667E+01  0.3478144760E+00 
 2008  5022    12  -0.1373775000E+01  0.3467980683E+00 
 2008  5028    12  -0.1209791667E+01  0.2890623331E+00 
 2008  5034    12  -0.1130975000E+01  0.2717812635E+00 
 2008  5040    12  -0.1121741667E+01  0.2949022450E+00 
 2008  5046    12  -0.1149125000E+01  0.3441396812E+00 
 2008  5052    12  -0.9733583333E+00  0.3639655443E+00 
 2008  5058    12  -0.7070083333E+00  0.4075624256E+00 
 2008  5064    12  -0.4080500000E+00  0.3861309092E+00 
 2008  5070    12  -0.4405662750E+00  0.3793760115E+00 
 2008  5076    12  -0.3836641667E+00  0.3630317100E+00 
 2008  5082    12  -0.3951977500E+00  0.3451911380E+00 
 2008  5088    12  -0.7404916667E+00  0.3435020268E+00 
 2008  5094    12  -0.1031633333E+01  0.3626746001E+00 
 2008  5100    12  -0.1148216667E+01  0.3470046754E+00 
 2008  5106    12  -0.1218825000E+01  0.3298926066E+00 
 2008  5112    12  -0.1497916667E+01  0.3282340269E+00 
 2008  5118    12  -0.1846750000E+01  0.3340838530E+00 
 2008  5124    12  -0.1770333333E+01  0.2893001133E+00 
 2008  5130    12  -0.1894583333E+01  0.2505229392E+00 
 2008  5136    12  -0.2083750000E+01  0.1914671969E+00 
 2008  5142    12  -0.2289333333E+01  0.2359715143E+00 
 2008  5148    12  -0.2133083333E+01  0.2103490981E+00 
 2008  5154    12  -0.1873416667E+01  0.2215398603E+00 
 2008  5160    12  -0.1350750000E+01  0.1625844012E+00 
 2008  5166    12  -0.1549083333E+01  0.1845695254E+00 
 2008  5172    12  -0.1209825000E+01  0.1604718466E+00 
 2008  5178    12  -0.1553500000E+01  0.1936007490E+00 
 2008  5184    12  -0.1800000000E+01  0.1943180383E+00 
 2008  5190    12  -0.1673916667E+01  0.1837804208E+00 
 2008  5196    12  -0.1910833333E+01  0.2124926796E+00 
 2008  5202    12  -0.2531083333E+01  0.1970027319E+00 
 2008  5208    12  -0.2848416667E+01  0.1927997486E+00 
 2008  5214    12  -0.3379916667E+01  0.1934004733E+00 
 2008  5220    12  -0.3176166667E+01  0.1663910221E+00 
 2008  5226    12  -0.3034166667E+01  0.1362453873E+00 
 2008  5232    12  -0.2687166667E+01  0.1261109520E+00 
 2008  5238    12  -0.2671833333E+01  0.9808485555E-01 
 2008  5244    12  -0.2016666667E+01  0.1026168710E+00 
 2008  5250    12  -0.1656416667E+01  0.1155778658E+00 
 2008  5256    12  -0.1086633333E+01  0.1140095269E+00 
 2008  5262    12  -0.9237500000E+00  0.1059327578E+00 
 2008  5268    12  -0.6603333333E+00  0.6865096908E-01 
 2008  5274    12  -0.5909333333E+00  0.7341520430E-01 
 2008  5280    12  -0.2657191667E+00  0.9404199438E-01 
 2008  5286    12  -0.4302000000E+00  0.9445044556E-01 
 2008  5292    12  -0.5282666667E+00  0.1291005185E+00 
 2008  5298    12  -0.9435333333E+00  0.1339780351E+00 
 2008  5304    12  -0.9394666667E+00  0.1391522028E+00 
 2008  5310    12  -0.9203583333E+00  0.1375433475E+00 
 2008  5316    12  -0.7372666667E+00  0.1724799570E+00 
 2008  5322    12  -0.7306500000E+00  0.1387398615E+00 
 2008  5328    12  -0.7969666667E+00  0.9694428239E-01 
 2008  5334    12  -0.9412083333E+00  0.6509593508E-01 
 2008  5340    12  -0.9187000000E+00  0.7501570947E-01 
 2008  5346    12  -0.8358666667E+00  0.7455063529E-01 
 2008  5352    12  -0.7215666667E+00  0.9314378968E-01 
 2008  5358    12  -0.8919416667E+00  0.9509597309E-01 
 2008  5364    12  -0.9622750000E+00  0.1078688256E+00 
 2008  5370    12  -0.8633916667E+00  0.1352327343E+00 
 2008  5376    12  -0.6014500000E+00  0.1894362888E+00 
 2008  5382    12  -0.5566083333E+00  0.2367448572E+00 
 2008  5388    12  -0.1029008333E+00  0.2897109030E+00 
 2008  5394    12  0.3985100000E+00  0.3004249905E+00 
 2008  5400    12  0.8785833333E+00  0.2962479700E+00 
 2008  5406    12  0.8466916667E+00  0.3262011022E+00 
 2008  5412    12  0.1055508333E+01  0.3310890526E+00 
 2008  5418    12  0.1055483333E+01  0.3462758025E+00 
 2008  5424    12  0.1236483333E+01  0.3291112143E+00 
 2008  5430    12  0.8232666667E+00  0.3277632030E+00 
 2008  5436    12  0.5061350000E+00  0.2500772710E+00 
 2008  5442    12  -0.2826083333E-01  0.2248725172E+00 
 2008  5448    12  -0.3671666667E+00  0.1491965501E+00 
 2008  5454    12  -0.1237250000E+01  0.1621866851E+00 
 2008  5460    12  -0.1425833333E+01  0.1187615491E+00 
 2008  5466    12  -0.1318333333E+01  0.5226109664E-01 
 2008  5472    12  -0.1023208333E+01  0.1433950979E+00 
 2008  5478    12  -0.1017241667E+01  0.1259608898E+00 
 2008  5484    12  -0.5725250000E+00  0.1972756706E+00 
 2008  5490    12  -0.7451500000E+00  0.1843355116E+00 
 2008  5496    12  -0.2163108333E+00  0.2014235694E+00 
 2008  5502    12  -0.5935166667E+00  0.1751368267E+00 
 2008  5508    12  -0.1060450000E+01  0.2109945951E+00 
 2008  5514    12  -0.1415500000E+01  0.1669747985E+00 
 2008  5520    12  -0.1359583333E+01  0.1398704510E+00 
 2008  5526    12  -0.1723166667E+01  0.1274969499E+00 
 2008  5532    12  -0.1618500000E+01  0.1623091187E+00 
 2008  5538    12  -0.1346041667E+01  0.2110498024E+00 
 2008  5544    12  -0.9513166667E+00  0.2401311233E+00 
 2008  5550    12  -0.1132508333E+01  0.2311330045E+00 
 2008  5556    12  -0.8502166667E+00  0.2540794391E+00 
 2008  5562    12  -0.5277416667E+00  0.2016000887E+00 
 2008  5568    12  -0.3559083333E+00  0.1561492420E+00 
 2008  5574    12  -0.3234083333E+00  0.1792517095E+00 
 2008  5580    12  -0.3831416667E+00  0.1435950467E+00 
 2008  5586    12  -0.8566750000E+00  0.1690771723E+00 
 2008  5592    12  -0.1349550000E+01  0.2082665620E+00 
 2008  5598    12  -0.1258583333E+01  0.2136026133E+00 
 2008  5604    12  -0.1424916667E+01  0.2214401568E+00 
 2008  5610    12  -0.1261666667E+01  0.2850106353E+00 
 2008  5616    12  -0.1225666667E+01  0.2414401525E+00 
 2008  5622    12  -0.1000191667E+01  0.2911436371E+00 
 2008  5628    12  -0.4660666667E+00  0.2851160095E+00 
 2008  5634    12  -0.1990708333E+00  0.3097130966E+00 
 2008  5640    12  0.5172750000E-01  0.2750086983E+00 
 2008  5646    12  -0.1697116667E+00  0.1896252681E+00 
 2008  5652    12  -0.1027041667E+00  0.1682797202E+00 
 2008  5658    12  0.1802366667E+00  0.1288031474E+00 
 2008  5664    12  0.7030666667E+00  0.1291603031E+00 
 2008  5670    12  0.8465083333E+00  0.1310315576E+00 
 2008  5676    12  0.9759416667E+00  0.1273176373E+00 
 2008  5682    12  0.1266450000E+01  0.1958541826E+00 
 2008  5688    12  0.1731416667E+01  0.2107848264E+00 
 2008  5694    12  0.1754583333E+01  0.2249627593E+00 
 2008  5700    12  0.1915750000E+01  0.2198120883E+00 
 2008  5706    12  0.1828500000E+01  0.1814912762E+00 
 2008  5712    12  0.1888000000E+01  0.1353218386E+00 
 2008  5718    12  0.1342750000E+01  0.1313310861E+00 
 2008  5724    12  0.6952166667E+00  0.1452384237E+00 
 2008  5730    12  0.4790491667E-01  0.1520122270E+00 
 2008  5736    12  -0.1556600000E+00  0.1893604140E+00 
 2008  5742    12  -0.3011241667E+00  0.2212101296E+00 
 2008  5748    12  -0.3017025000E+00  0.2724897862E+00 
 2008  5754    12  -0.5018333333E+00  0.2973452464E+00 
 2008  5760    12  -0.1135941667E+00  0.3786042283E+00 
 2008  5766    12  -0.2792583333E-01  0.3780630504E+00 
 2008  5772    12  0.2135250000E+00  0.3607195705E+00 
 2008  5778    12  0.3717000000E+00  0.3048270083E+00 
 2008  5784    12  0.8336833333E+00  0.3164344767E+00 
 2008  5790    12  0.6775009167E+00  0.3133603817E+00 
 2008  5796    12  0.5631500000E+00  0.3220535631E+00 
 2008  5802    12  0.1422766667E+00  0.2966304248E+00 
 2008  5808    12  0.2323260833E+00  0.3055553469E+00 
 2008  5814    12  -0.7606250000E-01  0.2428606125E+00 
 2008  5820    12  0.2426416667E+00  0.2026508161E+00 
 2008  5826    12  0.6142666667E+00  0.1770480836E+00 
 2008  5832    12  0.1451333333E+01  0.2015582353E+00 
 2008  5838    12  0.1474916667E+01  0.1603633678E+00 
 2008  5844    12  0.1823666667E+01  0.1353195806E+00 
 2008  5850    12  0.1781666667E+01  0.1355921171E+00 
 2008  5856    12  0.1542833333E+01  0.1339445366E+00 
 2008  5862    12  0.1174316667E+01  0.1368714837E+00 
 2008  5868    12  0.8227666667E+00  0.1298190236E+00 
 2008  5874    12  0.1113816667E+00  0.1531489020E+00 
 2008  5880    12  -0.4610666667E+00  0.1487650403E+00 
 2008  5886    12  -0.1078558333E+01  0.1354853280E+00 
 2008  5892    12  -0.1345583333E+01  0.1521246519E+00 
 2008  5898    12  -0.1298075000E+01  0.2007966514E+00 
 2008  5904    12  -0.1024358333E+01  0.2399576298E+00 
 2008  5910    12  -0.1204391667E+01  0.2503936982E+00 
 2008  5916    12  -0.1139291667E+01  0.2868297679E+00 
 2008  5922    12  -0.1136166667E+01  0.3201858740E+00 
 2008  5928    12  -0.9796166667E+00  0.3217917775E+00 
 2008  5934    12  -0.1023750000E+01  0.3525206436E+00 
 2008  5940    12  -0.5899691667E+00  0.3745868368E+00 
 2008  5946    12  -0.3085341667E+00  0.3562746785E+00 
 2008  5952    12  0.2032369167E+00  0.3278851101E+00 
 2008  5958    12  0.5683333333E+00  0.2842061439E+00 
 2008  5964    12  0.5438250000E+00  0.2247171783E+00 
 2008  5970    12  0.2626450000E+00  0.2518370077E+00 
 2008  5976    12  0.3181641667E+00  0.2733819640E+00 
 2008  5982    12  0.5893316667E-01  0.2529940205E+00 
 2008  5988    12  -0.3182716667E+00  0.1789278387E+00 
 2008  5994    12  -0.4829250000E+00  0.2132786875E+00 
 2008  6000    12  -0.5423833333E+00  0.2132825467E+00 
 2008  6006    12  -0.1173691667E+01  0.3090514991E+00 
 2008  6012    12  -0.1180741667E+01  0.2279086457E+00 
 2008  6018    12  -0.1393383333E+01  0.2482257368E+00 
 2008  6024    12  -0.1167458333E+01  0.2684351519E+00 
 2008  6030    12  -0.1127358333E+01  0.2446704057E+00 
 2008  6036    12  -0.8331166667E+00  0.3073281900E+00 
 2008  6042    12  -0.1206383333E+01  0.3326595753E+00 
 2008  6048    12  -0.1217425000E+01  0.3310285087E+00 
 2008  6054    12  -0.1199375000E+01  0.3584463794E+00 
 2008  6060    12  -0.7794750000E+00  0.3654038203E+00 
 2008  6066    12  -0.3586266667E+00  0.3738958988E+00 
 2008  6072    12  -0.4167583333E-01  0.3385099107E+00 
 2008  6078    12  -0.4400683333E+00  0.2852566572E+00 
 2008  6084    12  -0.1747641667E+00  0.3055759465E+00 
 2008  6090    12  -0.1069639167E+00  0.2794401824E+00 
 2008  6096    12  -0.1040373333E+00  0.2552140424E+00 
 2008  6102    12  -0.2654666667E+00  0.2979488386E+00 
 2008  6108    12  -0.5984816667E+00  0.2838925455E+00 
 2008  6114    12  -0.7673500000E+00  0.3194198165E+00 
 2008  6120    12  -0.9520333333E+00  0.2944469684E+00 
 2008  6126    12  -0.1199991667E+01  0.3082347494E+00 
 2008  6132    12  -0.1261783333E+01  0.2743015276E+00 
 2008  6138    12  -0.1212258333E+01  0.2136935986E+00 
 2008  6144    12  -0.1439416667E+01  0.2171640925E+00 
 2008  6150    12  -0.1585583333E+01  0.1278107053E+00 
 2008  6156    12  -0.1975083333E+01  0.1087791787E+00 
 2008  6162    12  -0.2024000000E+01  0.1181277557E+00 
 2008  6168    12  -0.1835500000E+01  0.1306435992E+00 
 2008  6174    12  -0.2001500000E+01  0.1314600700E+00 
 2008  6180    12  -0.2021666667E+01  0.1695176163E+00 
 2008  6186    12  -0.1849666667E+01  0.1677430244E+00 
 2008  6192    12  -0.2016250000E+01  0.1507769462E+00 
 2008  6198    12  -0.1827666667E+01  0.1569837217E+00 
 2008  6204    12  -0.1944750000E+01  0.1826335698E+00 
 2008  6210    12  -0.2037333333E+01  0.1990851298E+00 
 2008  6216    12  -0.2121583333E+01  0.1521668264E+00 
 2008  6222    12  -0.2101416667E+01  0.1099177407E+00 
 2008  6228    12  -0.1709333333E+01  0.1377118570E+00 
 2008  6234    12  -0.1330641667E+01  0.1588423089E+00 
 2008  6240    12  -0.1123091667E+01  0.2018820219E+00 
 2008  6246    12  -0.1260991667E+01  0.2935796044E+00 
 2008  6252    12  -0.1515783333E+01  0.3093744490E+00 
 2008  6258    12  -0.1592250000E+01  0.3122643445E+00 
 2008  6264    12  -0.1458250000E+01  0.2982625032E+00 
 2008  6270    12  -0.1647583333E+01  0.2004251557E+00 
 2008  6276    12  -0.1523250000E+01  0.2215235597E+00 
 2008  6282    12  -0.1439416667E+01  0.2448405802E+00 
 2008  6288    12  -0.1278883333E+01  0.2566162727E+00 
 2008  6294    12  -0.1684083333E+01  0.2359584915E+00 
 2008  6300    12  -0.1984333333E+01  0.2733076207E+00 
 2008  6306    12  -0.1946916667E+01  0.1918933985E+00 
 2008  6312    12  -0.2125333333E+01  0.2304124321E+00 
 2008  6318    12  -0.2066916667E+01  0.1975282504E+00 
 2008  6324    12  -0.1309916667E+01  0.2122637739E+00 
 2008  6330    12  -0.4663916667E+00  0.1591935743E+00 
 2008  6336    12  -0.1341683333E+00  0.1131861180E+00 
 2008  6342    12  -0.2411400000E+00  0.1199763504E+00 
 2008  6348    12  -0.4011616667E+00  0.1818151227E+00 
 2008  6354    12  -0.7756500000E+00  0.1905909254E+00 
 2008  6360    12  -0.1120816667E+01  0.2634473092E+00 
 2008  6366    12  -0.1969333333E+01  0.1962729109E+00 
 2008  6372    12  -0.1599750000E+01  0.1351216273E+00 
 2008  6378    12  -0.1594833333E+01  0.1886579062E+00 
 2008  6384    12  -0.1763083333E+01  0.2043670955E+00 
 2008  6390    12  -0.1725250000E+01  0.2196008216E+00 
 2008  6396    12  -0.1157250000E+01  0.2053056644E+00 
 2008  6402    12  -0.9395833333E+00  0.1736049098E+00 
 2008  6408    12  -0.5388166667E+00  0.1462875412E+00 
 2008  6414    12  -0.1967496667E+00  0.1325152049E+00 
 2008  6420    12  -0.3956587500E-01  0.1344387514E+00 
 2008  6426    12  0.2690008333E+00  0.1270621306E+00 
 2008  6432    12  0.5106000000E+00  0.1420745344E+00 
 2008  6438    12  0.3727814917E+00  0.1747861786E+00 
 2008  6444    12  0.3741441667E+00  0.1657335380E+00 
 2008  6450    12  0.3545500000E+00  0.1509763530E+00 
 2008  6456    12  0.3350158333E+00  0.1684166023E+00 
 2008  6462    12  0.2510791667E+00  0.1683106397E+00 
 2008  6468    12  -0.2129441667E+00  0.1834054880E+00 
 2008  6474    12  -0.4609983333E+00  0.2106673453E+00 
 2008  6480    12  -0.6294166667E+00  0.1778986080E+00 
 2008  6486    12  -0.8875083333E+00  0.1316293183E+00 
 2008  6492    12  -0.1071275000E+01  0.1444275835E+00 
 2008  6498    12  -0.1315000000E+01  0.1939132108E+00 
 2008  6504    12  -0.1588250000E+01  0.2002756954E+00 
 2008  6510    12  -0.1777750000E+01  0.2520982365E+00 
 2008  6516    12  -0.1637916667E+01  0.2094502560E+00 
 2008  6522    12  -0.1197625000E+01  0.1306893526E+00 
 2008  6528    12  -0.9232666667E+00  0.1065041653E+00 
 2008  6534    12  -0.9498250000E+00  0.1091442709E+00 
 2008  6540    12  -0.7793916667E+00  0.1372611468E+00 
 2008  6546    12  -0.8924583333E+00  0.1267061065E+00 
 2008  6552    12  -0.8443083333E+00  0.1153645993E+00 
 2008  6558    12  -0.7101166667E+00  0.1067422740E+00 
 2008  6564    12  -0.5920833333E+00  0.1070557941E+00 
 2008  6570    12  -0.6093083333E+00  0.8860165968E-01 
 2008  6576    12  -0.4844750000E+00  0.1207584788E+00 
 2008  6582    12  -0.7479083333E+00  0.1165765304E+00 
 2008  6588    12  -0.7125250000E+00  0.1118295513E+00 
 2008  6594    12  -0.2739008333E+00  0.1423738966E+00 
 2008  6600    12  0.3964983333E-01  0.1587077310E+00 
 2008  6606    12  -0.1183516667E+00  0.1247454710E+00 
 2008  6612    12  -0.2038383333E+00  0.1185705419E+00 
 2008  6618    12  -0.1274603333E+00  0.1185318561E+00 
 2008  6624    12  0.8224083333E-02  0.1294838982E+00 
 2008  6630    12  -0.3143250000E+00  0.1084730314E+00 
 2008  6636    12  -0.8227583333E+00  0.9152557437E-01 
 2008  6642    12  -0.9635083333E+00  0.5590675955E-01 
 2008  6648    12  -0.8085166667E+00  0.1675286236E+00 
 2008  6654    12  -0.7931500000E+00  0.2197569472E+00 
 2008  6660    12  -0.5691750000E+00  0.1789861593E+00 
 2008  6666    12  -0.5562916667E+00  0.1922642559E+00 
 2008  6672    12  -0.4556500000E+00  0.1868959983E+00 
 2008  6678    12  -0.2170458333E+00  0.2858901142E+00 
 2008  6684    12  0.4191383333E+00  0.1795245624E+00 
 2008  6690    12  0.5849916667E+00  0.1171365973E+00 
 2008  6696    12  0.4143333333E+00  0.9231232613E-01 
 2008  6702    12  0.1056916667E+00  0.1467835973E+00 
 2008  6708    12  0.5774666667E-01  0.8312197416E-01 
 2008  6714    12  -0.2215166667E+00  0.8179266301E-01 
 2008  6720    12  -0.4194000000E+00  0.6483342759E-01 
 2008  6726    12  -0.6566833333E+00  0.8021486597E-01 
 2008  6732    12  -0.7191250000E+00  0.8233645532E-01 
 2008  6738    12  -0.6454666667E+00  0.7236607554E-01 
 2008  6744    12  -0.2107416667E+00  0.8377506956E-01 
 2008  6750    12  -0.9778583333E-01  0.1194598054E+00 
 2008  6756    12  0.2409591667E+00  0.1824940748E+00 
 2008  6762    12  0.4062283333E+00  0.2123986178E+00 
 2008  6768    12  0.5398105833E+00  0.2952994569E+00 
 2008  6774    12  0.9049166667E-01  0.3058516894E+00 
 2008  6780    12  -0.3605833333E-02  0.2705409703E+00 
 2008  6786    12  0.1132383333E+00  0.2801288003E+00 
 2008  6792    12  0.7236500000E-01  0.3678816773E+00 
 2008  6798    12  -0.5655683333E+00  0.3561113417E+00 
 2008  6804    12  -0.9758416667E+00  0.2792948694E+00 
 2008  6810    12  -0.1043825000E+01  0.2433210264E+00 
 2008  6816    12  -0.1027033333E+01  0.2413093324E+00 
 2008  6822    12  -0.9339000000E+00  0.2049977276E+00 
 2008  6828    12  -0.9109666667E+00  0.1731744657E+00 
 2008  6834    12  -0.7298416667E+00  0.1632320866E+00 
 2008  6840    12  -0.5234500000E+00  0.1579621183E+00 
 2008  6846    12  -0.3750166667E+00  0.1280710859E+00 
 2008  6852    12  -0.3500583333E-01  0.1785301158E+00 
 2008  6858    12  0.8764500000E-01  0.1585550170E+00 
 2008  6864    12  0.1650334167E+00  0.1806242858E+00 
 2008  6870    12  0.2559833333E-01  0.1855086932E+00 
 2008  6876    12  0.5325000000E-02  0.2079867165E+00 
 2008  6882    12  0.3307775000E+00  0.2202791509E+00 
 2008  6888    12  0.4856666667E+00  0.2145868679E+00 
 2008  6894    12  0.4892083333E+00  0.1641048926E+00 
 2008  6900    12  0.4627166667E+00  0.1411136471E+00 
 2008  6906    12  0.6658166667E+00  0.1333958510E+00 
 2008  6912    12  0.6738166667E+00  0.1640280252E+00 
 2008  6918    12  0.5697416667E+00  0.1552792509E+00 
 2008  6924    12  0.3245900000E+00  0.1331728805E+00 
 2008  6930    12  0.1687191667E+00  0.1212402628E+00 
 2008  6936    12  -0.2717833333E+00  0.1492174096E+00 
 2008  6942    12  -0.7630666667E+00  0.1663659487E+00 
 2008  6948    12  -0.1452083333E+01  0.1562297765E+00 
 2008  6954    12  -0.1503166667E+01  0.1612523040E+00 
 2008  6960    12  -0.1433083333E+01  0.1645065644E+00 
 2008  6966    12  -0.1538666667E+01  0.1330634769E+00 
 2008  6972    12  -0.1523916667E+01  0.1409204612E+00 
 2008  6978    12  -0.1198458333E+01  0.1371173005E+00 
 2008  6984    12  -0.1000633333E+01  0.1491159020E+00 
 2008  6990    12  -0.9165166667E+00  0.1721605541E+00 
 2008  6996    12  -0.8554833333E+00  0.1886137625E+00 
 2008  7002    12  -0.6431666667E+00  0.2167207894E+00 
 2008  7008    12  -0.4900058333E+00  0.2046422229E+00 
 2008  7014    12  -0.2614786667E+00  0.1867527153E+00 
 2008  7020    12  -0.1349508333E+00  0.1911777890E+00 
 2008  7026    12  0.1786908333E+00  0.1679763673E+00 
 2008  7032    12  0.5821333333E-01  0.9903799358E-01 
 2008  7038    12  -0.7074083333E+00  0.9584786955E-01 
 2008  7044    12  -0.1586750000E+01  0.8877886854E-01 
 2008  7050    12  -0.1658166667E+01  0.9146113321E-01 
 2008  7056    12  -0.2288333333E+01  0.1169624821E+00 
 2008  7062    12  -0.2393083333E+01  0.1862258746E+00 
 2008  7068    12  -0.1984083333E+01  0.1982454112E+00 
 2008  7074    12  -0.1246466667E+01  0.2064230621E+00 
 2008  7080    12  -0.7453916667E+00  0.1853513396E+00 
 2008  7086    12  -0.5896000000E+00  0.1613232314E+00 
 2008  7092    12  -0.5218500000E+00  0.1424540891E+00 
 2008  7098    12  -0.2658041667E+00  0.1352711482E+00 
 2008  7104    12  -0.1915750000E-01  0.1132257986E+00 
 2008  7110    12  0.4146333333E-01  0.1013863556E+00 
 2008  7116    12  0.2679541667E+00  0.9045481252E-01 
 2008  7122    12  0.3231833333E+00  0.9404621943E-01 
 2008  7128    12  0.1854800000E+00  0.7844607394E-01 
 2008  7134    12  -0.1115340167E+00  0.1052083437E+00 
 2008  7140    12  -0.1330048333E+00  0.1330748373E+00 
 2008  7146    12  -0.1329925000E+00  0.1525523271E+00 
 2008  7152    12  -0.3906583333E+00  0.1434323154E+00 
 2008  7158    12  -0.5693166667E+00  0.1103130079E+00 
 2008  7164    12  -0.1135750000E+01  0.6846425466E-01 
 2008  7170    12  -0.1185000000E+01  0.1084189405E+00 
 2008  7176    12  -0.1157575000E+01  0.1411246501E+00 
 2008  7182    12  -0.1046341667E+01  0.1348899333E+00 
 2008  7188    12  -0.6337166667E+00  0.1272402703E+00 
 2008  7194    12  -0.1877075000E+00  0.1252811615E+00 
 2008  7200    12  0.4018416667E-01  0.1023081471E+00 
 2008  7206    12  0.1354500000E-01  0.8781937452E-01 
 2008  7212    12  -0.1160646667E+00  0.1118684993E+00 
 2008  7218    12  0.2190233333E+00  0.1252655592E+00 
 2008  7224    12  0.3605633333E+00  0.1330326067E+00 
 2008  7230    12  0.2357725000E+00  0.1363979190E+00 
 2008  7236    12  0.2346066667E+00  0.1663474531E+00 
 2008  7242    12  0.3252525000E+00  0.1659289478E+00 
 2008  7248    12  0.1783400000E+00  0.1551238267E+00 
 2008  7254    12  -0.2261983333E+00  0.1572642255E+00 
 2008  7260    12  -0.1299247500E+00  0.1204883166E+00 
 2008  7266    12  -0.5719124167E-01  0.9079360045E-01 
 2008  7272    12  -0.1075742583E+00  0.7638847712E-01 
 2008  7278    12  -0.5602916667E+00  0.7904551915E-01 
 2008  7284    12  -0.6126583333E+00  0.9205965872E-01 
 2008  7290    12  -0.5485833333E+00  0.8952813183E-01 
 2008  7296    12  -0.2997500000E+00  0.9028388099E-01 
 2008  7302    12  -0.4823000000E+00  0.9914804587E-01 
 2008  7308    12  -0.2586000000E+00  0.9288677696E-01 
 2008  7314    12  -0.6184758333E-01  0.8988719978E-01 
 2008  7320    12  0.2349616667E+00  0.1119599266E+00 
 2008  7326    12  0.2484858333E+00  0.1272291015E+00 
 2008  7332    12  0.6474500000E+00  0.1279030264E+00 
 2008  7338    12  0.1060133333E+01  0.1353065552E+00 
 2008  7344    12  0.9705583333E+00  0.1527964466E+00 
 2008  7350    12  0.4421166667E+00  0.1836164155E+00 
 2008  7356    12  0.1966116667E+00  0.2337197750E+00 
 2008  7362    12  -0.3177050000E-01  0.2441756286E+00 
 2008  7368    12  -0.1644783333E+00  0.2692979112E+00 
 2008  7374    12  -0.5931750000E+00  0.2225476695E+00 
 2008  7380    12  -0.7938416667E+00  0.2023570337E+00 
 2008  7386    12  -0.7947500000E+00  0.1489005121E+00 
 2008  7392    12  -0.5033416667E+00  0.1245518530E+00 
 2008  7398    12  -0.7953766667E-01  0.9363844632E-01 
 2008  7404    12  0.5433916667E+00  0.9800926366E-01 
 2008  7410    12  0.1075616667E+01  0.1247005870E+00 
 2008  7416    12  0.1206650000E+01  0.1576548366E+00 
 2008  7422    12  0.1142083333E+01  0.2365286517E+00 
 2008  7428    12  0.1465750000E+01  0.2198985088E+00 
 2008  7434    12  0.1737666667E+01  0.1897956503E+00 
 2008  7440    12  0.1648166667E+01  0.1873516450E+00 
 2008  7446    12  0.1098608333E+01  0.2015779769E+00 
 2008  7452    12  0.5762833333E+00  0.2151473171E+00 
 2008  7458    12  0.3632841667E+00  0.2008269830E+00 
 2008  7464    12  -0.1622458333E+00  0.2716266897E+00 
 2008  7470    12  -0.5782833333E+00  0.1489402388E+00 
 2008  7476    12  -0.4217416667E+00  0.1659575119E+00 
 2008  7482    12  -0.4017083333E+00  0.1462088658E+00 
 2008  7488    12  -0.6300666667E+00  0.1625520754E+00 
 2008  7494    12  -0.7797250000E+00  0.1498091626E+00 
 2008  7500    12  -0.6383500000E+00  0.1404705040E+00 
 2008  7506    12  -0.9579062500E-01  0.1669492418E+00 
 2008  7512    12  -0.1892744167E+00  0.1693872068E+00 
 2008  7518    12  0.8844166667E-03  0.1569168763E+00 
 2008  7524    12  0.1844091667E+00  0.1667026563E+00 
 2008  7530    12  0.5638583333E+00  0.1443019430E+00 
 2008  7536    12  0.3270691667E+00  0.1286206993E+00 
 2008  7542    12  0.5136583333E+00  0.1660340801E+00 
 2008  7548    12  0.7538500000E+00  0.1481392054E+00 
 2008  7554    12  0.9380666667E+00  0.1580862493E+00 
 2008  7560    12  0.8264916667E+00  0.1863047434E+00 
 2008  7566    12  0.6099000000E+00  0.1910475639E+00 
 2008  7572    12  0.7003750000E+00  0.1576619016E+00 
 2008  7578    12  0.6454333333E+00  0.1424784389E+00 
 2008  7584    12  0.1736233333E+00  0.1360698135E+00 
 2008  7590    12  -0.7619000000E-01  0.1348726482E+00 
 2008  7596    12  -0.2461416667E+00  0.1453322025E+00 
 2008  7602    12  -0.1355975000E+00  0.1111116364E+00 
 2008  7608    12  -0.1153450000E+00  0.9265511881E-01 
 2008  7614    12  -0.3362583333E+00  0.9765450543E-01 
 2008  7620    12  -0.4611750000E+00  0.8258105236E-01 
 2008  7626    12  -0.4652916667E+00  0.8178499718E-01 
 2008  7632    12  -0.2760500000E+00  0.9737316109E-01 
 2008  7638    12  -0.4248583333E+00  0.9149604234E-01 
 2008  7644    12  -0.5198000000E+00  0.1093237013E+00 
 2008  7650    12  -0.2896833333E+00  0.1083134636E+00 
 2008  7656    12  0.1257825000E+00  0.1305246721E+00 
 2008  7662    12  0.5221500000E+00  0.1589104596E+00 
 2008  7668    12  0.5634000000E+00  0.1572276375E+00 
 2008  7674    12  0.5142500000E+00  0.1416590067E+00 
 2008  7680    12  0.5424666667E+00  0.1617020374E+00 
 2008  7686    12  0.2958316667E+00  0.1690283251E+00 
 2008  7692    12  0.3918916667E-01  0.1705000307E+00 
 2008  7698    12  -0.5133916667E+00  0.1155085672E+00 
 2008  7704    12  -0.8774250000E+00  0.1069958498E+00 
 2008  7710    12  -0.6424000000E+00  0.1444251190E+00 
 2008  7716    12  -0.4590175000E+00  0.2029289675E+00 
 2008  7722    12  0.1149750000E-01  0.2538105650E+00 
 2008  7728    12  0.1230004167E+00  0.3098158070E+00 
 2008  7734    12  0.1241133333E+00  0.3505971137E+00 
 2008  7740    12  0.2744483333E+00  0.3357527151E+00 
 2008  7746    12  0.7131333333E+00  0.3533713730E+00 
 2008  7752    12  0.5840400000E+00  0.3352805744E+00 
 2008  7758    12  0.5954250000E+00  0.3141982445E+00 
 2008  7764    12  0.3674566667E+00  0.2851091079E+00 
 2008  7770    12  0.4000458333E+00  0.2869529589E+00 
 2008  7776    12  0.3321448333E+00  0.2643390223E+00 
 2008  7782    12  0.5708500000E+00  0.2528494595E+00 
 2008  7788    12  0.7432916667E+00  0.2167462974E+00 
 2008  7794    12  0.9309416667E+00  0.1817847328E+00 
 2008  7800    12  0.5895333333E+00  0.1657532520E+00 
 2008  7806    12  0.3944750000E+00  0.1274588569E+00 
 2008  7812    12  0.2245925000E-01  0.8106561032E-01 
 2008  7818    12  -0.6062416667E+00  0.9569668627E-01 
 2008  7824    12  -0.1283416667E+01  0.9598563984E-01 
 2008  7830    12  -0.1872833333E+01  0.7009735294E-01 
 2008  7836    12  -0.1943500000E+01  0.1001636161E+00 
 2008  7842    12  -0.1840916667E+01  0.1237116663E+00 
 2008  7848    12  -0.1821500000E+01  0.1438283120E+00 
 2008  7854    12  -0.1332000000E+01  0.1782961020E+00 
 2008  7860    12  -0.8402916667E+00  0.1846472739E+00 
 2008  7866    12  -0.1205483333E+00  0.2039134153E+00 
 2008  7872    12  0.4388241667E+00  0.2098902072E+00 
 2008  7878    12  0.8013333333E+00  0.2339907026E+00 
 2008  7884    12  0.1311250000E+01  0.2242956104E+00 
 2008  7890    12  0.1561666667E+01  0.1954116737E+00 
 2008  7896    12  0.1233416667E+01  0.1554903311E+00 
 2008  7902    12  0.1122058333E+01  0.1511138945E+00 
 2008  7908    12  0.9116000000E+00  0.9004066674E-01 
 2008  7914    12  0.8312666667E+00  0.1076605726E+00 
 2008  7920    12  0.5225833333E+00  0.9370295116E-01 
 2008  7926    12  0.1588608333E+00  0.9634870069E-01 
 2008  7932    12  -0.1737675000E+00  0.9131578534E-01 
 2008  7938    12  -0.1475508333E+00  0.3792726492E-01 
 2008  7944    12  -0.4492750000E+00  0.9202200031E-01 
 2008  7950    12  -0.6479500000E+00  0.1154342129E+00 
 2008  7956    12  -0.6047750000E+00  0.1528407675E+00 
 2008  7962    12  -0.2498291667E+00  0.1873856729E+00 
 2008  7968    12  -0.2778725000E+00  0.1825077879E+00 
 2008  7974    12  -0.1633787500E+00  0.1913806628E+00 
 2008  7980    12  -0.2369929167E+00  0.2030812685E+00 
 2008  7986    12  0.9315316667E-01  0.1875824698E+00 
 2008  7992    12  0.8826250000E-01  0.1836843740E+00 
 2008  7998    12  -0.1773916667E-01  0.1685099836E+00 
 2008  8004    12  -0.2200075000E+00  0.1603115323E+00 
 2008  8010    12  0.1814333333E-01  0.1370141589E+00 
 2008  8016    12  -0.7132808333E-01  0.1629415389E+00 
 2008  8022    12  -0.4182250000E+00  0.2332333528E+00 
 2008  8028    12  -0.1154008333E+01  0.2388062027E+00 
 2008  8034    12  -0.1350416667E+01  0.2474696811E+00 
 2008  8040    12  -0.1653583333E+01  0.2223085162E+00 
 2008  8046    12  -0.1376916667E+01  0.2591905536E+00 
 2008  8052    12  -0.1026091667E+01  0.2701783684E+00 
 2008  8058    12  -0.7894833333E+00  0.2631087698E+00 
 2008  8064    12  -0.7173916667E+00  0.2302052108E+00 
 2008  8070    12  -0.7436833333E+00  0.1710334365E+00 
 2008  8076    12  -0.4941083333E+00  0.1456431395E+00 
 2008  8082    12  -0.2099159167E+00  0.1460356131E+00 
 2008  8088    12  -0.2919391667E+00  0.1268966588E+00 
 2008  8094    12  -0.4701916667E+00  0.1190835033E+00 
 2008  8100    12  -0.5505833333E+00  0.1080390117E+00 
 2008  8106    12  -0.5497000000E+00  0.1251284940E+00 
 2008  8112    12  -0.8526583333E+00  0.1573737719E+00 
 2008  8118    12  -0.1006666667E+01  0.1831663467E+00 
 2008  8124    12  -0.9234500000E+00  0.1911026099E+00 
 2008  8130    12  -0.1071808333E+01  0.2386001238E+00 
 2008  8136    12  -0.1250216667E+01  0.2196848115E+00 
 2008  8142    12  -0.1498083333E+01  0.1752224578E+00 
 2008  8148    12  -0.1422250000E+01  0.1998766807E+00 
 2008  8154    12  -0.1434916667E+01  0.1658460422E+00 
 2008  8160    12  -0.1599750000E+01  0.1334885295E+00 
 2008  8166    12  -0.1476166667E+01  0.9154856028E-01 
 2008  8172    12  -0.1308666667E+01  0.6804083741E-01 
 2008  8178    12  -0.9923250000E+00  0.5667495221E-01 
 2008  8184    12  -0.7628333333E+00  0.8558099802E-01 
 2008  8190    12  -0.6767000000E+00  0.1032813794E+00 
 2008  8196    12  -0.3679666667E+00  0.1097998507E+00 
 2008  8202    12  -0.7253416667E-01  0.1010404404E+00 
 2008  8208    12  -0.1934700000E+00  0.9804545332E-01 
 2008  8214    12  -0.3901083333E+00  0.1134170068E+00 
 2008  8220    12  -0.2985200000E+00  0.1307641901E+00 
 2008  8226    12  -0.3786787500E+00  0.1927504348E+00 
 2008  8232    12  -0.8727500000E+00  0.1759920287E+00 
 2008  8238    12  -0.1007425000E+01  0.1402778976E+00 
 2008  8244    12  -0.7249416667E+00  0.1718198594E+00 
 2008  8250    12  -0.5095500000E+00  0.2086379620E+00 
 2008  8256    12  -0.8489916667E+00  0.2864174444E+00 
 2008  8262    12  -0.1211933333E+01  0.2126111957E+00 
 2008  8268    12  -0.1144066667E+01  0.2499528567E+00 
 2008  8274    12  -0.9511083333E+00  0.2531398476E+00 
 2008  8280    12  -0.1041641667E+01  0.2920154261E+00 
 2008  8286    12  -0.9538833333E+00  0.2410003383E+00 
 2008  8292    12  -0.8619333333E+00  0.2524850997E+00 
 2008  8298    12  -0.7359000000E+00  0.2456322217E+00 
 2008  8304    12  -0.5749333333E+00  0.2238052924E+00 
 2008  8310    12  -0.4915250000E+00  0.2125845209E+00 
 2008  8316    12  -0.3149641667E+00  0.2028558103E+00 
 2008  8322    12  -0.7601833333E-01  0.1801574713E+00 
 2008  8328    12  0.1275000000E-02  0.1518413572E+00 
 2008  8334    12  0.3123500000E-01  0.1481434947E+00 
 2008  8340    12  0.5931083333E-01  0.1360530721E+00 
 2008  8346    12  0.4395475000E+00  0.1287384311E+00 
 2008  8352    12  0.4726916667E+00  0.1019076335E+00 
 2008  8358    12  0.6239916667E+00  0.9819173810E-01 
 2008  8364    12  0.7136166667E+00  0.1018760917E+00 
 2008  8370    12  0.7645000000E+00  0.1093092479E+00 
 2008  8376    12  0.7143250000E+00  0.1118303263E+00 
 2008  8382    12  0.7399916667E+00  0.1246550003E+00 
 2008  8388    12  0.6144416667E+00  0.1555653799E+00 
 2008  8394    12  0.5531083333E+00  0.1885837367E+00 
 2008  8400    12  0.1107283333E+00  0.1634566019E+00 
 2008  8406    12  0.1298450000E-01  0.1378760148E+00 
 2008  8412    12  -0.2555000000E-02  0.1624670423E+00 
 2008  8418    12  0.1913441667E+00  0.1597028843E+00 
 2008  8424    12  0.1698225000E+00  0.1406457159E+00 
 2008  8430    12  0.5948083333E-01  0.1254218046E+00 
 2008  8436    12  0.7181741667E-01  0.8983162998E-01 
 2008  8442    12  0.1143966667E+00  0.1190164409E+00 
 2008  8448    12  0.2081125000E+00  0.1181157574E+00 
 2008  8454    12  0.2806716667E+00  0.1884592747E+00 
 2008  8460    12  0.5787500000E+00  0.1749260153E+00 
 2008  8466    12  0.7122000000E+00  0.1598726368E+00 
 2008  8472    12  0.7696333333E+00  0.1527641392E+00 
 2008  8478    12  0.6634416667E+00  0.1843862588E+00 
 2008  8484    12  0.5052083333E+00  0.2219565290E+00 
 2008  8490    12  0.5100966667E+00  0.3007152051E+00 
 2008  8496    12  0.4846916667E+00  0.3393222349E+00 
 2008  8502    12  0.4701683333E+00  0.3475336654E+00 
 2008  8508    12  0.7009216667E+00  0.3596789515E+00 
 2008  8514    12  0.7598083333E+00  0.3768259865E+00 
 2008  8520    12  0.7750583333E+00  0.3708934538E+00 
 2008  8526    12  0.5540225000E+00  0.3599940211E+00 
 2008  8532    12  0.3908183333E+00  0.3660949895E+00 
 2008  8538    12  0.4469016667E+00  0.3702236681E+00 
 2008  8544    12  0.3170375000E+00  0.3838493086E+00 
 2008  8550    12  -0.5274666667E-02  0.4176771285E+00 
 2008  8556    12  -0.1913427500E+00  0.3795186954E+00 
 2008  8562    12  -0.5210250000E-01  0.3265032075E+00 
 2008  8568    12  -0.5852433333E-01  0.2943625754E+00 
 2008  8574    12  -0.1889441667E+00  0.2720146634E+00 
 2008  8580    12  -0.6200916667E+00  0.2649844507E+00 
 2008  8586    12  -0.6125166667E+00  0.2738841690E+00 
 2008  8592    12  -0.5590750000E+00  0.2493590755E+00 
 2008  8598    12  -0.5059250000E+00  0.2582833461E+00 
 2008  8604    12  -0.6408583333E+00  0.2578361251E+00 
 2008  8610    12  -0.5956500000E+00  0.2588373605E+00 
 2008  8616    12  -0.9346750000E+00  0.3036121954E+00 
 2008  8622    12  -0.1098741667E+01  0.3317367266E+00 
 2008  8628    12  -0.9459666667E+00  0.3183604413E+00 
 2008  8634    12  -0.7127333333E+00  0.3434499778E+00 
 2008  8640    12  -0.8041416667E+00  0.3448508553E+00 
 2008  8646    12  -0.7288416667E+00  0.3292535812E+00 
 2008  8652    12  -0.8121250000E+00  0.3279751620E+00 
 2008  8658    12  -0.5422147500E+00  0.3010983954E+00 
 2008  8664    12  -0.6009591667E+00  0.2948122917E+00 
 2008  8670    12  -0.6372916667E+00  0.2910942100E+00 
 2008  8676    12  -0.9527666667E+00  0.2705492911E+00 
 2008  8682    12  -0.1343750000E+01  0.1861250140E+00 
 2008  8688    12  -0.1182033333E+01  0.1569136829E+00 
 2008  8694    12  -0.9211916667E+00  0.1392904666E+00 
 2008  8700    12  -0.8603833333E+00  0.1632838420E+00 
 2008  8706    12  -0.6564666667E+00  0.1583205416E+00 
 2008  8712    12  -0.6829333333E+00  0.1752334173E+00 
 2008  8718    12  -0.3125225000E+00  0.1783582015E+00 
 2008  8724    12  0.9458333333E-02  0.1759415976E+00 
 2008  8730    12  0.1269241667E+00  0.1958832827E+00 
 2008  8736    12  0.3590000000E-01  0.2183352392E+00 
 2008  8742    12  -0.2883333333E+00  0.2583317932E+00 
 2008  8748    12  -0.5242666667E+00  0.2594087198E+00 
 2008  8754    12  -0.5271416667E+00  0.2588934319E+00 
 2008  8760    12  -0.7625916667E+00  0.2674518974E+00 
 2008  8766    12  -0.8898250000E+00  0.2805008530E+00 
 2008  8772    12  -0.1123341667E+01  0.2581983748E+00 
 2008  8778    12  -0.8960666667E+00  0.2367360426E+00 
 2008  8784    12  -0.7729250000E+00  0.2194055686E+00 
