 2008  0006    8  -0.6495125000E+00  0.2217198595E+00 
 2008  0012    8  -0.2629975000E+00  0.2156016930E+00 
 2008  0018    8  0.1379212500E+00  0.2144606902E+00 
 2008  0024    8  -0.1219673375E+00  0.2284226429E+00 
 2008  0030    8  -0.2772625000E+00  0.8390558589E-01 
 2008  0036    8  0.3100375000E-01  0.2528670468E+00 
 2008  0042    8  -0.1434575000E+00  0.1515198179E+00 
 2008  0048    8  -0.5817375000E+00  0.1642379367E+00 
 2008  0054    8  -0.6531875000E+00  0.1152667823E+00 
 2008  0060    8  -0.6508250000E-01  0.1024556215E+00 
 2008  0066    8  -0.1594100000E+00  0.1772815732E+00 
 2008  0072    8  -0.3828250000E+00  0.1413316379E+00 
 2008  0078    8  -0.4961750000E+00  0.1277680002E+00 
 2008  0084    8  0.5684775000E-01  0.1441109158E+00 
 2008  0090    8  0.3168875000E-01  0.1701439655E+00 
 2008  0096    8  -0.3685312500E+00  0.1910172455E+00 
 2008  0102    8  -0.5904000000E+00  0.1208137927E+00 
 2008  0108    8  0.6783250000E-02  0.1243235929E+00 
 2008  0114    8  0.1482362500E+00  0.1339604897E+00 
 2008  0120    8  -0.3399300000E+00  0.1630709226E+00 
 2008  0126    8  -0.3353750000E+00  0.1307619091E+00 
 2008  0132    8  -0.8803000000E-01  0.1315947455E+00 
 2008  0138    8  0.7110625000E-01  0.1817764422E+00 
 2008  0144    8  -0.3132337500E+00  0.2211672203E+00 
 2008  0150    8  -0.6117125000E+00  0.1639491875E+00 
 2008  0156    8  -0.4086000000E+00  0.1188943754E+00 
 2008  0162    8  -0.3894125000E+00  0.1684499661E+00 
 2008  0168    8  -0.8963625000E+00  0.1785081786E+00 
 2008  0174    8  -0.1058812500E+01  0.1426415826E+00 
 2008  0180    8  -0.2537312500E+00  0.1751000205E+00 
 2008  0186    8  0.4439250000E-01  0.2037289876E+00 
 2008  0192    8  -0.4950625000E+00  0.1733006199E+00 
 2008  0198    8  -0.8682750000E+00  0.1342930541E+00 
 2008  0204    8  -0.4497000000E+00  0.1820355940E+00 
 2008  0210    8  -0.6278875000E-01  0.1398308112E+00 
 2008  0216    8  -0.4149400000E+00  0.1854912375E+00 
 2008  0222    8  -0.6954875000E+00  0.1135791182E+00 
 2008  0228    8  -0.2588000000E+00  0.1169444740E+00 
 2008  0234    8  -0.2695550000E+00  0.2374104035E+00 
 2008  0240    8  -0.5957000000E+00  0.2327307189E+00 
 2008  0246    8  -0.7119375000E+00  0.1780821084E+00 
 2008  0252    8  -0.2694625000E+00  0.1068508416E+00 
 2008  0258    8  -0.1405437500E+00  0.1530871810E+00 
 2008  0264    8  -0.6402000000E+00  0.1753180253E+00 
 2008  0270    8  -0.7949500000E+00  0.1255156066E+00 
 2008  0276    8  -0.4683875000E+00  0.1910640890E+00 
 2008  0282    8  -0.7830000000E+00  0.1405326830E+00 
 2008  0288    8  -0.7867625000E+00  0.1599532505E+00 
 2008  0294    8  -0.1044312500E+01  0.2608721787E+00 
 2008  0300    8  -0.6000500000E+00  0.1276522424E+00 
 2008  0306    8  -0.6934375000E+00  0.2329410491E+00 
 2008  0312    8  -0.1043175000E+01  0.1620754589E+00 
 2008  0318    8  -0.1179350000E+01  0.1780797434E+00 
 2008  0324    8  -0.4646875000E+00  0.1941939008E+00 
 2008  0330    8  -0.4878125000E+00  0.1515405510E+00 
 2008  0336    8  -0.5572500000E+00  0.1963654628E+00 
 2008  0342    8  -0.6712500000E+00  0.1213553563E+00 
 2008  0348    8  -0.2849900000E+00  0.2021042236E+00 
 2008  0354    8  -0.1893115000E+00  0.1141817828E+00 
 2008  0360    8  -0.4555625000E+00  0.2088119246E+00 
 2008  0366    8  -0.5286750000E+00  0.1623931091E+00 
 2008  0372    8  -0.9944375000E-01  0.1373630918E+00 
 2008  0378    8  0.1329687500E+00  0.1367458953E+00 
 2008  0384    8  -0.1045500000E-01  0.2520955140E+00 
 2008  0390    8  -0.3016525000E+00  0.2169559858E+00 
 2008  0396    8  0.3747500000E-02  0.1515344437E+00 
 2008  0402    8  0.3128862500E+00  0.2057460989E+00 
 2008  0408    8  -0.4801250000E-01  0.1688933252E+00 
 2008  0414    8  -0.3705537500E+00  0.2208249566E+00 
 2008  0420    8  0.1678912500E+00  0.1260387990E+00 
 2008  0426    8  0.1848462500E+00  0.1054036772E+00 
 2008  0432    8  0.2853500000E+00  0.8585848822E-01 
 2008  0438    8  -0.2078925000E+00  0.1105069789E+00 
 2008  0444    8  0.1972650000E+00  0.1296711578E+00 
 2008  0450    8  -0.1659162500E-01  0.1621845400E+00 
 2008  0456    8  -0.8733000000E-01  0.2317763651E+00 
 2008  0462    8  -0.4307250000E+00  0.9266471483E-01 
 2008  0468    8  -0.1816912500E+00  0.1480042414E+00 
 2008  0474    8  0.1801837500E+00  0.1716347749E+00 
 2008  0480    8  0.1913750000E-02  0.1453811527E+00 
 2008  0486    8  -0.3445375000E+00  0.1053983982E+00 
 2008  0492    8  -0.1570412500E+00  0.1469559946E+00 
 2008  0498    8  -0.1125825000E+00  0.1544298150E+00 
 2008  0504    8  -0.3416025000E+00  0.2399486378E+00 
 2008  0510    8  -0.8529000000E+00  0.1486735013E+00 
 2008  0516    8  -0.3521250000E+00  0.2003857639E+00 
 2008  0522    8  -0.2301687500E+00  0.2332845003E+00 
 2008  0528    8  -0.4388375000E+00  0.1545644116E+00 
 2008  0534    8  -0.5957750000E+00  0.1218410927E+00 
 2008  0540    8  -0.9112500000E-03  0.1892749993E+00 
 2008  0546    8  -0.3635875000E-01  0.1916288011E+00 
 2008  0552    8  -0.3020487500E+00  0.2455021520E+00 
 2008  0558    8  -0.5529375000E+00  0.1304428125E+00 
 2008  0564    8  -0.1949050000E+00  0.1269913618E+00 
 2008  0570    8  -0.3426875000E+00  0.1196496285E+00 
 2008  0576    8  -0.7934000000E+00  0.1596803134E+00 
 2008  0582    8  -0.8658250000E+00  0.1025791493E+00 
 2008  0588    8  -0.4316625000E+00  0.1818017804E+00 
 2008  0594    8  -0.4103125000E+00  0.1914613175E+00 
 2008  0600    8  -0.6403375000E+00  0.1369295707E+00 
 2008  0606    8  -0.6428875000E+00  0.1949503683E+00 
 2008  0612    8  -0.4142375000E+00  0.1746570063E+00 
 2008  0618    8  -0.2036350000E+00  0.2214658896E+00 
 2008  0624    8  -0.9202750000E+00  0.2075311648E+00 
 2008  0630    8  -0.1071950000E+01  0.1611822261E+00 
 2008  0636    8  -0.8174375000E+00  0.2120113614E+00 
 2008  0642    8  -0.3270875000E+00  0.1197945787E+00 
 2008  0648    8  -0.7047375000E+00  0.2223105651E+00 
 2008  0654    8  -0.7011250000E+00  0.1572772373E+00 
 2008  0660    8  -0.2406862500E+00  0.1883967551E+00 
 2008  0666    8  -0.1731598750E+00  0.1582027083E+00 
 2008  0672    8  -0.4247125000E+00  0.1222301256E+00 
 2008  0678    8  -0.7706375000E+00  0.1079119310E+00 
 2008  0684    8  -0.3929500000E+00  0.1963728023E+00 
 2008  0690    8  -0.5608250000E+00  0.1383878133E+00 
 2008  0696    8  -0.6724250000E+00  0.9843967379E-01 
 2008  0702    8  -0.1178487500E+01  0.1402766502E+00 
 2008  0708    8  -0.4140250000E+00  0.1614410399E+00 
 2008  0714    8  -0.3004175000E+00  0.1997503671E+00 
 2008  0720    8  -0.4754125000E+00  0.2069922187E+00 
 2008  0726    8  -0.9138125000E+00  0.1964521853E+00 
 2008  0732    8  -0.6893625000E+00  0.1963221647E+00 
 2008  0738    8  -0.4398125000E+00  0.2582809199E+00 
 2008  0744    8  -0.6154375000E+00  0.1811642965E+00 
 2008  0750    8  -0.7518625000E+00  0.1550877972E+00 
 2008  0756    8  -0.6867875000E+00  0.1784808704E+00 
 2008  0762    8  -0.9543375000E+00  0.1675612719E+00 
 2008  0768    8  -0.6949125000E+00  0.1377330247E+00 
 2008  0774    8  -0.7750125000E+00  0.7841172485E-01 
 2008  0780    8  -0.5071250000E+00  0.1544172007E+00 
 2008  0786    8  -0.7265537500E-01  0.1097167055E+00 
 2008  0792    8  -0.5557500000E-01  0.8061795504E-01 
 2008  0798    8  -0.1577287500E+00  0.8681500323E-01 
 2008  0804    8  0.1167350000E+00  0.5299931934E-01 
 2008  0810    8  0.1251415000E+00  0.9778974093E-01 
 2008  0816    8  0.4698000000E-01  0.1070926668E+00 
 2008  0822    8  0.1145500000E+00  0.1025996490E+00 
 2008  0828    8  0.5817500000E+00  0.9118741690E-01 
 2008  0834    8  0.5024625000E+00  0.1352183321E+00 
 2008  0840    8  0.4303125000E+00  0.6862565915E-01 
 2008  0846    8  0.2437612500E+00  0.1913422075E+00 
 2008  0852    8  0.5430750000E+00  0.1509652671E+00 
 2008  0858    8  0.3238625000E+00  0.2103390726E+00 
 2008  0864    8  0.1716000000E-01  0.1800000320E+00 
 2008  0870    8  -0.2550100000E+00  0.1582150236E+00 
 2008  0876    8  0.3066737500E+00  0.1439712700E+00 
 2008  0882    8  0.3369206250E+00  0.2070480270E+00 
 2008  0888    8  0.2670613750E+00  0.1975820964E+00 
 2008  0894    8  -0.1336950000E+00  0.1799757811E+00 
 2008  0900    8  0.3077750000E+00  0.1486833779E+00 
 2008  0906    8  0.4098500000E+00  0.1335809399E+00 
 2008  0912    8  0.2186825000E+00  0.1112106049E+00 
 2008  0918    8  -0.2046100000E+00  0.1066042363E+00 
 2008  0924    8  0.7168125000E-01  0.1422993921E+00 
 2008  0930    8  0.1375700000E+00  0.1813284688E+00 
 2008  0936    8  -0.4273750000E+00  0.1583437854E+00 
 2008  0942    8  -0.6207250000E+00  0.1645098078E+00 
 2008  0948    8  0.3385975000E-01  0.1204390827E+00 
 2008  0954    8  0.3134750000E-01  0.2252356314E+00 
 2008  0960    8  -0.4707125000E+00  0.2309803424E+00 
 2008  0966    8  -0.1071575000E+01  0.1427543498E+00 
 2008  0972    8  -0.3266087500E+00  0.2223268518E+00 
 2008  0978    8  -0.4315500000E+00  0.1894688827E+00 
 2008  0984    8  -0.7904000000E+00  0.2041088313E+00 
 2008  0990    8  -0.1095675000E+01  0.1240386608E+00 
 2008  0996    8  -0.5011500000E+00  0.1939268934E+00 
 2008  1002    8  -0.4049000000E+00  0.2018057730E+00 
 2008  1008    8  -0.8433375000E+00  0.2233181136E+00 
 2008  1014    8  -0.1045787500E+01  0.1687481143E+00 
 2008  1020    8  -0.6742750000E+00  0.2173797987E+00 
 2008  1026    8  -0.4178875000E+00  0.1327044690E+00 
 2008  1032    8  -0.1103250000E+01  0.1879071978E+00 
 2008  1038    8  -0.9384875000E+00  0.1541543742E+00 
 2008  1044    8  -0.6271000000E+00  0.2152371251E+00 
 2008  1050    8  -0.4591550000E+00  0.2653069320E+00 
 2008  1056    8  -0.5173875000E+00  0.2440981024E+00 
 2008  1062    8  -0.4663875000E+00  0.1861939475E+00 
 2008  1068    8  -0.2613437500E+00  0.1902051000E+00 
 2008  1074    8  0.7010750000E-01  0.2068494441E+00 
 2008  1080    8  -0.2879450000E+00  0.3239476998E+00 
 2008  1086    8  -0.5245875000E+00  0.1964958106E+00 
 2008  1092    8  -0.5691125000E+00  0.1430128704E+00 
 2008  1098    8  0.2704000000E-01  0.2475453932E+00 
 2008  1104    8  -0.1348293750E+00  0.1868921547E+00 
 2008  1110    8  -0.2420725000E+00  0.1525189588E+00 
 2008  1116    8  0.7563625000E-01  0.1813102788E+00 
 2008  1122    8  0.4625750000E-02  0.2011229349E+00 
 2008  1128    8  -0.2422937500E+00  0.2528099464E+00 
 2008  1134    8  -0.3390587500E+00  0.1587457193E+00 
 2008  1140    8  -0.4226500000E+00  0.1151912323E+00 
 2008  1146    8  -0.2298200000E+00  0.2271514149E+00 
 2008  1152    8  -0.4961625000E+00  0.1979674591E+00 
 2008  1158    8  -0.9792125000E+00  0.8991573051E-01 
 2008  1164    8  -0.8054375000E+00  0.1384635687E+00 
 2008  1170    8  -0.5305500000E+00  0.1481380100E+00 
 2008  1176    8  -0.9819125000E+00  0.9513388510E-01 
 2008  1182    8  -0.1007500000E+01  0.1706123677E+00 
 2008  1188    8  -0.4162000000E+00  0.1110892659E+00 
 2008  1194    8  -0.2022825000E+00  0.2029741219E+00 
 2008  1200    8  -0.3038862500E+00  0.2728096251E+00 
 2008  1206    8  -0.2386000000E-01  0.1028141285E+00 
 2008  1212    8  0.4016625000E+00  0.1561754777E+00 
 2008  1218    8  0.6210875000E+00  0.1984172777E+00 
 2008  1224    8  0.1921887500E+00  0.1932024405E+00 
 2008  1230    8  0.2316262500E+00  0.1480648764E+00 
 2008  1236    8  0.6833750000E-02  0.1684329201E+00 
 2008  1242    8  0.2973625000E+00  0.9192476458E-01 
 2008  1248    8  0.3172375000E+00  0.7348060862E-01 
 2008  1254    8  -0.1820475000E+00  0.7034311476E-01 
 2008  1260    8  0.3315875000E-01  0.9099498330E-01 
 2008  1266    8  0.4261250000E-01  0.1232437432E+00 
 2008  1272    8  0.1435037500E+00  0.9495818921E-01 
 2008  1278    8  -0.4241750000E+00  0.1267096262E+00 
 2008  1284    8  0.1708450000E+00  0.9079344676E-01 
 2008  1290    8  0.4776125000E+00  0.1444801495E+00 
 2008  1296    8  -0.2112150000E+00  0.6910035148E-01 
 2008  1302    8  -0.3020462500E+00  0.2111169154E+00 
 2008  1308    8  -0.2990250000E-01  0.1140172870E+00 
 2008  1314    8  -0.1689975000E-02  0.1490773388E+00 
 2008  1320    8  -0.4392250000E+00  0.9330180531E-01 
 2008  1326    8  -0.9194625000E+00  0.1755890582E+00 
 2008  1332    8  -0.2146050000E+00  0.1849256288E+00 
 2008  1338    8  -0.6539875000E-01  0.1571582645E+00 
 2008  1344    8  -0.4763625000E+00  0.2270218103E+00 
 2008  1350    8  -0.8492750000E+00  0.1577999505E+00 
 2008  1356    8  -0.2884425000E+00  0.1564876581E+00 
 2008  1362    8  -0.3320650000E+00  0.1649173507E+00 
 2008  1368    8  -0.5774375000E+00  0.1865015478E+00 
 2008  1374    8  -0.8166000000E+00  0.1065455067E+00 
 2008  1380    8  -0.3218000000E+00  0.1227669133E+00 
 2008  1386    8  -0.3227000000E+00  0.1395049641E+00 
 2008  1392    8  -0.5613500000E+00  0.2534148822E+00 
 2008  1398    8  -0.8630375000E+00  0.9902495819E-01 
 2008  1404    8  -0.4439375000E+00  0.1306727682E+00 
 2008  1410    8  -0.3415950000E+00  0.1741266986E+00 
 2008  1416    8  -0.9034375000E+00  0.1609040781E+00 
 2008  1422    8  -0.9305250000E+00  0.1110347215E+00 
 2008  1428    8  -0.5964875000E+00  0.2244441826E+00 
 2008  1434    8  -0.7206750000E+00  0.1584241439E+00 
 2008  1440    8  -0.1087150000E+01  0.2480063306E+00 
 2008  1446    8  -0.7575750000E+00  0.1718268369E+00 
 2008  1452    8  -0.3859250000E+00  0.1231658003E+00 
 2008  1458    8  -0.2526987500E+00  0.1246169200E+00 
 2008  1464    8  -0.2985500000E+00  0.2354820747E+00 
 2008  1470    8  -0.1297762500E+00  0.1898744032E+00 
 2008  1476    8  0.1570250000E-01  0.1589157205E+00 
 2008  1482    8  0.1877025000E+00  0.1008446931E+00 
 2008  1488    8  -0.1514887500E+00  0.9917197707E-01 
 2008  1494    8  -0.1505025000E+00  0.9124684882E-01 
 2008  1500    8  -0.4425000000E-02  0.1276737406E+00 
 2008  1506    8  -0.1546287500E+00  0.2104072697E+00 
 2008  1512    8  -0.2454025000E+00  0.1822214789E+00 
 2008  1518    8  -0.7513000000E+00  0.1480080657E+00 
 2008  1524    8  -0.3938875000E+00  0.1033833212E+00 
 2008  1530    8  -0.4908375000E+00  0.1700466770E+00 
 2008  1536    8  -0.4708250000E+00  0.2109820357E+00 
 2008  1542    8  -0.7275125000E+00  0.1833043401E+00 
 2008  1548    8  -0.2862712500E+00  0.1139958214E+00 
 2008  1554    8  -0.3843375000E+00  0.1440060323E+00 
 2008  1560    8  -0.7943500000E+00  0.2535915762E+00 
 2008  1566    8  -0.8008500000E+00  0.1308796489E+00 
 2008  1572    8  -0.6680375000E+00  0.1338184118E+00 
 2008  1578    8  -0.3602625000E+00  0.1791862086E+00 
 2008  1584    8  -0.4744937500E+00  0.3177060172E+00 
 2008  1590    8  -0.4604175000E+00  0.2043811162E+00 
 2008  1596    8  -0.1741750000E-01  0.1148642484E+00 
 2008  1602    8  -0.6541000000E-01  0.9575381141E-01 
 2008  1608    8  -0.1620825000E+00  0.1323823696E+00 
 2008  1614    8  -0.6615875000E+00  0.1034075244E+00 
 2008  1620    8  -0.7155375000E-01  0.1579419643E+00 
 2008  1626    8  -0.1462125000E+00  0.6281758188E-01 
 2008  1632    8  -0.5311875000E+00  0.1689098979E+00 
 2008  1638    8  -0.6398125000E+00  0.7371940785E-01 
 2008  1644    8  -0.8929687500E-01  0.1052082575E+00 
 2008  1650    8  -0.3096000000E+00  0.1046028680E+00 
 2008  1656    8  -0.4910575000E+00  0.2436299112E+00 
 2008  1662    8  -0.8591250000E+00  0.1108364194E+00 
 2008  1668    8  -0.2125037500E+00  0.1006882898E+00 
 2008  1674    8  -0.3977125000E+00  0.1357851284E+00 
 2008  1680    8  -0.6971875000E+00  0.1109109827E+00 
 2008  1686    8  -0.8667750000E+00  0.1824257914E+00 
 2008  1692    8  -0.2315462500E+00  0.1825060800E+00 
 2008  1698    8  -0.2154375000E-01  0.1820242993E+00 
 2008  1704    8  -0.5467875000E+00  0.2056350799E+00 
 2008  1710    8  -0.3110352500E+00  0.1760230775E+00 
 2008  1716    8  -0.3796500000E+00  0.1381857627E+00 
 2008  1722    8  -0.1360090000E+00  0.1894274711E+00 
 2008  1728    8  -0.4026537500E+00  0.2265594165E+00 
 2008  1734    8  -0.1077325000E+01  0.8023913867E-01 
 2008  1740    8  -0.3571000000E+00  0.8906146754E-01 
 2008  1746    8  -0.1687375000E+00  0.5821181017E-01 
 2008  1752    8  -0.5721000000E+00  0.1183215640E+00 
 2008  1758    8  -0.7044375000E+00  0.1675410318E+00 
 2008  1764    8  -0.3834250000E+00  0.1400499978E+00 
 2008  1770    8  -0.1488062500E+00  0.1000430376E+00 
 2008  1776    8  -0.3634500000E+00  0.1264099383E+00 
 2008  1782    8  -0.2079600000E+00  0.1307731042E+00 
 2008  1788    8  -0.1037862500E+00  0.8763108423E-01 
 2008  1794    8  -0.2853537500E+00  0.1757025084E+00 
 2008  1800    8  -0.6302250000E+00  0.1288504632E+00 
 2008  1806    8  -0.1121237500E+01  0.1815846079E+00 
 2008  1812    8  -0.6326625000E+00  0.1328082446E+00 
 2008  1818    8  -0.5462125000E+00  0.1288640702E+00 
 2008  1824    8  -0.8269375000E+00  0.6614102240E-01 
 2008  1830    8  -0.7344625000E+00  0.1390184515E+00 
 2008  1836    8  -0.1836212500E+00  0.1202395603E+00 
 2008  1842    8  -0.7180187500E-01  0.1135047430E+00 
 2008  1848    8  -0.1427287500E+00  0.1399823331E+00 
 2008  1854    8  -0.2284775000E+00  0.1442047750E+00 
 2008  1860    8  0.1881475000E+00  0.1163163845E+00 
 2008  1866    8  0.4916625000E+00  0.1766086701E+00 
 2008  1872    8  0.9347375000E-01  0.1062968624E+00 
 2008  1878    8  -0.2571212500E+00  0.1656833521E+00 
 2008  1884    8  -0.6011250000E-01  0.1236376305E+00 
 2008  1890    8  -0.2012500000E-01  0.1405965066E+00 
 2008  1896    8  -0.1988700000E+00  0.1553127368E+00 
 2008  1902    8  -0.3857750000E+00  0.1345430763E+00 
 2008  1908    8  0.7438750000E-01  0.1688144896E+00 
 2008  1914    8  0.2168437500E+00  0.1274450617E+00 
 2008  1920    8  -0.2973662500E+00  0.2430812641E+00 
 2008  1926    8  -0.5028625000E+00  0.1553364891E+00 
 2008  1932    8  -0.2229762500E+00  0.7873420603E-01 
 2008  1938    8  -0.2671612500E-01  0.1648234746E+00 
 2008  1944    8  -0.2621362500E+00  0.2004928418E+00 
 2008  1950    8  -0.3459500000E+00  0.1292807700E+00 
 2008  1956    8  -0.9304950000E-01  0.7122227697E-01 
 2008  1962    8  0.1168308750E-01  0.2289787752E+00 
 2008  1968    8  -0.3855875000E+00  0.1690228641E+00 
 2008  1974    8  -0.3218900000E+00  0.1629967843E+00 
 2008  1980    8  -0.6425625000E-01  0.1197721787E+00 
 2008  1986    8  0.3281500000E-01  0.1244377331E+00 
 2008  1992    8  -0.5577625000E+00  0.1000090738E+00 
 2008  1998    8  -0.6882500000E+00  0.1543718643E+00 
 2008  2004    8  -0.2198487500E+00  0.1526743108E+00 
 2008  2010    8  -0.6085750000E-01  0.1505912478E+00 
 2008  2016    8  -0.5774250000E+00  0.2025433765E+00 
 2008  2022    8  -0.9036125000E+00  0.9829111656E-01 
 2008  2028    8  -0.6478250000E+00  0.1373316128E+00 
 2008  2034    8  -0.2431250000E+00  0.5445830400E-01 
 2008  2040    8  -0.5240750000E+00  0.1328691250E+00 
 2008  2046    8  -0.5740625000E+00  0.1388798846E+00 
 2008  2052    8  -0.1219250000E+00  0.1155870515E+00 
 2008  2058    8  -0.5709575000E-01  0.1307674273E+00 
 2008  2064    8  -0.1926087500E+00  0.1674724575E+00 
 2008  2070    8  -0.1778862500E+00  0.1643991564E+00 
 2008  2076    8  0.1321587500E-01  0.1177062055E+00 
 2008  2082    8  -0.3763750000E-02  0.1054643949E+00 
 2008  2088    8  -0.1839787500E+00  0.7860228280E-01 
 2008  2094    8  -0.5948500000E+00  0.1451125684E+00 
 2008  2100    8  -0.5338125000E+00  0.9509177721E-01 
 2008  2106    8  -0.6242875000E+00  0.1714296389E+00 
 2008  2112    8  -0.9352000000E+00  0.1699735788E+00 
 2008  2118    8  -0.7161625000E+00  0.1226790522E+00 
 2008  2124    8  -0.5497750000E+00  0.1093575186E+00 
 2008  2130    8  -0.6000875000E+00  0.1710315135E+00 
 2008  2136    8  -0.7813375000E+00  0.1571533959E+00 
 2008  2142    8  -0.1062850000E+01  0.1131640181E+00 
 2008  2148    8  -0.6614875000E+00  0.1128389498E+00 
 2008  2154    8  -0.8953500000E+00  0.1306540853E+00 
 2008  2160    8  -0.1258125000E+01  0.1154041133E+00 
 2008  2166    8  -0.1294475000E+01  0.1974000491E+00 
 2008  2172    8  -0.7815125000E+00  0.8754739341E-01 
 2008  2178    8  -0.6648125000E+00  0.1768546751E+00 
 2008  2184    8  -0.4289450000E+00  0.2435929600E+00 
 2008  2190    8  -0.7762125000E+00  0.9618777778E-01 
 2008  2196    8  -0.4896000000E+00  0.1012704794E+00 
 2008  2202    8  -0.4558750000E+00  0.7536527300E-01 
 2008  2208    8  -0.5889875000E+00  0.7299671975E-01 
 2008  2214    8  -0.1025462500E+01  0.1141418299E+00 
 2008  2220    8  -0.7170875000E+00  0.1317086409E+00 
 2008  2226    8  -0.8568000000E+00  0.1458252550E+00 
 2008  2232    8  -0.1087587500E+01  0.1323865593E+00 
 2008  2238    8  -0.1302575000E+01  0.1785350508E+00 
 2008  2244    8  -0.8185125000E+00  0.1277138837E+00 
 2008  2250    8  -0.9083000000E+00  0.1655329952E+00 
 2008  2256    8  -0.1158937500E+01  0.2399913797E+00 
 2008  2262    8  -0.9791625000E+00  0.1671632132E+00 
 2008  2268    8  -0.5704250000E+00  0.1691330449E+00 
 2008  2274    8  -0.3992650000E+00  0.1420388963E+00 
 2008  2280    8  -0.7420500000E+00  0.1893883114E+00 
 2008  2286    8  -0.7037875000E+00  0.2122685942E+00 
 2008  2292    8  -0.2306458750E+00  0.1326678330E+00 
 2008  2298    8  -0.2307500000E+00  0.1822694118E+00 
 2008  2304    8  -0.5724375000E-01  0.1772787802E+00 
 2008  2310    8  -0.1425232500E+00  0.1434631811E+00 
 2008  2316    8  -0.1060375000E-01  0.5168845832E-01 
 2008  2322    8  -0.6279125000E-01  0.1879752618E+00 
 2008  2328    8  -0.2500500000E+00  0.8996771643E-01 
 2008  2334    8  -0.2647237500E+00  0.1318729216E+00 
 2008  2340    8  0.2125637500E+00  0.1152541450E+00 
 2008  2346    8  -0.1851865000E+00  0.1118673429E+00 
 2008  2352    8  -0.6031500000E+00  0.1420568284E+00 
 2008  2358    8  -0.8177375000E+00  0.1526786817E+00 
 2008  2364    8  -0.7399500000E+00  0.1071950675E+00 
 2008  2370    8  -0.3901625000E+00  0.1370136940E+00 
 2008  2376    8  -0.6088625000E+00  0.1305709284E+00 
 2008  2382    8  -0.6384500000E+00  0.1128045433E+00 
 2008  2388    8  -0.3244225000E+00  0.1771714326E+00 
 2008  2394    8  -0.4253875000E+00  0.8119945255E-01 
 2008  2400    8  -0.7196625000E+00  0.1611828770E+00 
 2008  2406    8  -0.8274250000E+00  0.1637688596E+00 
 2008  2412    8  -0.4905500000E+00  0.1370093063E+00 
 2008  2418    8  -0.3811750000E+00  0.1549704387E+00 
 2008  2424    8  -0.9660625000E+00  0.1238273489E+00 
 2008  2430    8  -0.1033950000E+01  0.1759552926E+00 
 2008  2436    8  -0.1055637500E+01  0.1914774787E+00 
 2008  2442    8  -0.6344750000E+00  0.1279885810E+00 
 2008  2448    8  -0.1091575000E+01  0.2778120531E+00 
 2008  2454    8  -0.8261500000E+00  0.2498338948E+00 
 2008  2460    8  -0.6249500000E+00  0.2289694794E+00 
 2008  2466    8  -0.4935750000E+00  0.1332431588E+00 
 2008  2472    8  -0.8280250000E+00  0.1954427650E+00 
 2008  2478    8  -0.9651750000E+00  0.1368837349E+00 
 2008  2484    8  -0.3647000000E+00  0.1644801432E+00 
 2008  2490    8  -0.2104987500E+00  0.1580692575E+00 
 2008  2496    8  -0.6686875000E+00  0.1060087784E+00 
 2008  2502    8  -0.1749862500E+00  0.1490927476E+00 
 2008  2508    8  -0.1446250000E+00  0.1825260905E+00 
 2008  2514    8  -0.4188625000E+00  0.1055211346E+00 
 2008  2520    8  -0.6503250000E+00  0.1414862780E+00 
 2008  2526    8  -0.7968750000E+00  0.1027381228E+00 
 2008  2532    8  -0.2835212500E+00  0.1237564267E+00 
 2008  2538    8  -0.2654850000E+00  0.1497064184E+00 
 2008  2544    8  -0.3677875000E+00  0.1294307772E+00 
 2008  2550    8  -0.1623145000E+00  0.1323755929E+00 
 2008  2556    8  0.4258625000E-01  0.1893009888E+00 
 2008  2562    8  -0.2350350000E+00  0.1883273315E+00 
 2008  2568    8  -0.6895750000E+00  0.2255484136E+00 
 2008  2574    8  -0.3606575000E+00  0.2258112595E+00 
 2008  2580    8  -0.8957187500E-01  0.7536937234E-01 
 2008  2586    8  -0.2922875000E+00  0.1545086441E+00 
 2008  2592    8  -0.5045250000E+00  0.2378021486E+00 
 2008  2598    8  -0.1989212500E+00  0.1654926233E+00 
 2008  2604    8  -0.1878075000E+00  0.1915209865E+00 
 2008  2610    8  0.4254375000E-01  0.1956718801E+00 
 2008  2616    8  -0.4091125000E+00  0.1251075581E+00 
 2008  2622    8  -0.3732375000E+00  0.1195312819E+00 
 2008  2628    8  -0.2139350000E+00  0.1328340866E+00 
 2008  2634    8  -0.4359612500E-01  0.1360291839E+00 
 2008  2640    8  -0.4337500000E+00  0.8480026533E-01 
 2008  2646    8  -0.7269375000E+00  0.1040572431E+00 
 2008  2652    8  -0.5514625000E+00  0.1111517874E+00 
 2008  2658    8  -0.5566875000E+00  0.1681124210E+00 
 2008  2664    8  -0.8328125000E+00  0.1717091395E+00 
 2008  2670    8  -0.6358000000E+00  0.1921384722E+00 
 2008  2676    8  -0.2568537500E+00  0.1464170643E+00 
 2008  2682    8  -0.2034087500E+00  0.9234943306E-01 
 2008  2688    8  -0.5619125000E+00  0.1909939622E+00 
 2008  2694    8  -0.9131000000E+00  0.1341208131E+00 
 2008  2700    8  -0.4848625000E+00  0.1749800056E+00 
 2008  2706    8  -0.4141250000E+00  0.1085150191E+00 
 2008  2712    8  -0.7486125000E+00  0.2489124366E+00 
 2008  2718    8  -0.8918750000E+00  0.1873004455E+00 
 2008  2724    8  -0.4495137500E+00  0.2347739068E+00 
 2008  2730    8  -0.2545320000E+00  0.1609861262E+00 
 2008  2736    8  -0.5491125000E+00  0.2426036451E+00 
 2008  2742    8  -0.5605000000E+00  0.1471982082E+00 
 2008  2748    8  -0.2317200000E+00  0.2127438855E+00 
 2008  2754    8  -0.2837875875E+00  0.1725438680E+00 
 2008  2760    8  -0.5793000000E+00  0.2265504635E+00 
 2008  2766    8  -0.6964750000E+00  0.1932103048E+00 
 2008  2772    8  -0.3960750000E+00  0.1647607717E+00 
 2008  2778    8  0.8301650000E-01  0.6731785993E-01 
 2008  2784    8  -0.4253500000E+00  0.1438918952E+00 
 2008  2790    8  -0.3374900000E+00  0.1525999679E+00 
 2008  2796    8  0.6098750000E-02  0.1457247491E+00 
 2008  2802    8  -0.2561212500E+00  0.9608262544E-01 
 2008  2808    8  -0.6335750000E+00  0.1964519009E+00 
 2008  2814    8  -0.1046887500E+01  0.1743766788E+00 
 2008  2820    8  -0.4434750000E+00  0.1831771598E+00 
 2008  2826    8  -0.5226000000E+00  0.1966637867E+00 
 2008  2832    8  -0.1000337500E+01  0.1689077850E+00 
 2008  2838    8  -0.9990250000E+00  0.1647780382E+00 
 2008  2844    8  -0.5480500000E+00  0.1328382663E+00 
 2008  2850    8  -0.7091375000E+00  0.1686234706E+00 
 2008  2856    8  -0.9599375000E+00  0.1946924815E+00 
 2008  2862    8  -0.9428500000E+00  0.1318465965E+00 
 2008  2868    8  -0.6250250000E+00  0.2055194379E+00 
 2008  2874    8  -0.2297087500E+00  0.2090331404E+00 
 2008  2880    8  -0.7226750000E+00  0.2245849436E+00 
 2008  2886    8  -0.6549125000E+00  0.1649891393E+00 
 2008  2892    8  -0.5038500000E+00  0.1257704755E+00 
 2008  2898    8  -0.2935125000E+00  0.7960847062E-01 
 2008  2904    8  -0.9224625000E+00  0.1589985923E+00 
 2008  2910    8  -0.9178250000E+00  0.1648292962E+00 
 2008  2916    8  -0.1000975000E+01  0.2146646382E+00 
 2008  2922    8  -0.1152662500E+01  0.1426931055E+00 
 2008  2928    8  -0.1458500000E+01  0.2179466678E+00 
 2008  2934    8  -0.1290512500E+01  0.1808709860E+00 
 2008  2940    8  -0.1222875000E+01  0.1430065012E+00 
 2008  2946    8  -0.9084375000E+00  0.1083136411E+00 
 2008  2952    8  -0.1409275000E+01  0.2556573476E+00 
 2008  2958    8  -0.1080137500E+01  0.2411965741E+00 
 2008  2964    8  -0.1011787500E+01  0.1794253218E+00 
 2008  2970    8  -0.5535750000E+00  0.1304488094E+00 
 2008  2976    8  -0.7428125000E+00  0.1523515379E+00 
 2008  2982    8  -0.5383375000E+00  0.1522238971E+00 
 2008  2988    8  -0.3339875000E+00  0.1265961832E+00 
 2008  2994    8  -0.2688337500E+00  0.1336095976E+00 
 2008  3000    8  -0.5001000000E+00  0.1319009287E+00 
 2008  3006    8  -0.2916850000E+00  0.1810963986E+00 
 2008  3012    8  0.4966000000E-01  0.1352489527E+00 
 2008  3018    8  0.2373700000E+00  0.2444803073E+00 
 2008  3024    8  -0.1826137500E+00  0.1947839324E+00 
 2008  3030    8  -0.5706875000E-01  0.1828014696E+00 
 2008  3036    8  0.2265987500E+00  0.1138884389E+00 
 2008  3042    8  0.3827750000E+00  0.1147917979E+00 
 2008  3048    8  -0.2652975000E+00  0.2606365267E+00 
 2008  3054    8  -0.6275125000E-01  0.1662479930E+00 
 2008  3060    8  -0.2512000000E-01  0.2534639221E+00 
 2008  3066    8  -0.1628487500E+00  0.2099892306E+00 
 2008  3072    8  -0.4429375000E+00  0.1822465427E+00 
 2008  3078    8  -0.3678625000E+00  0.1352807815E+00 
 2008  3084    8  -0.8571125000E-01  0.1656406052E+00 
 2008  3090    8  -0.4272750000E+00  0.1621726299E+00 
 2008  3096    8  -0.6963250000E+00  0.2106787231E+00 
 2008  3102    8  -0.7327250000E+00  0.2244582018E+00 
 2008  3108    8  -0.3818800000E+00  0.1881657788E+00 
 2008  3114    8  0.1271350000E+00  0.1542355330E+00 
 2008  3120    8  -0.3284675000E+00  0.2340017241E+00 
 2008  3126    8  -0.3257537500E+00  0.1937918017E+00 
 2008  3132    8  -0.1311531250E+00  0.1623612772E+00 
 2008  3138    8  0.6903425000E-01  0.1853114885E+00 
 2008  3144    8  -0.2225637500E+00  0.2116420737E+00 
 2008  3150    8  -0.4339625000E+00  0.1136429819E+00 
 2008  3156    8  -0.1242337500E+00  0.1743128658E+00 
 2008  3162    8  -0.9695000000E-02  0.1603460693E+00 
 2008  3168    8  -0.3406125000E+00  0.1335945399E+00 
 2008  3174    8  -0.2846307500E+00  0.1802013251E+00 
 2008  3180    8  -0.1574937500E+00  0.1333497566E+00 
 2008  3186    8  -0.2986000000E-01  0.1960004571E+00 
 2008  3192    8  -0.4339750000E+00  0.1302422910E+00 
 2008  3198    8  -0.3549625000E+00  0.1540398888E+00 
 2008  3204    8  -0.5578337500E-01  0.1454062210E+00 
 2008  3210    8  0.1523512500E+00  0.2234985043E+00 
 2008  3216    8  -0.1938777500E+00  0.1557039628E+00 
 2008  3222    8  -0.3619250000E-01  0.2320882921E+00 
 2008  3228    8  0.4021875000E+00  0.9615720771E-01 
 2008  3234    8  0.5716500000E+00  0.1808514653E+00 
 2008  3240    8  0.1364900000E+00  0.1419437194E+00 
 2008  3246    8  0.7600000000E-02  0.1341089029E+00 
 2008  3252    8  0.3308462500E+00  0.1810106094E+00 
 2008  3258    8  0.3342125000E+00  0.9203343737E-01 
 2008  3264    8  0.3119375000E-01  0.1241008409E+00 
 2008  3270    8  0.4215250000E+00  0.1619031250E+00 
 2008  3276    8  0.5437500000E+00  0.1631483834E+00 
 2008  3282    8  0.3993250000E+00  0.1445024459E+00 
 2008  3288    8  0.7488125000E-01  0.1384240278E+00 
 2008  3294    8  -0.6821375000E-01  0.1557734640E+00 
 2008  3300    8  0.7462500000E-01  0.1352577882E+00 
 2008  3306    8  0.1499375000E-01  0.1353393661E+00 
 2008  3312    8  -0.4169625000E+00  0.1282971350E+00 
 2008  3318    8  -0.3126000000E+00  0.1440172472E+00 
 2008  3324    8  0.5839376250E-01  0.1331537957E+00 
 2008  3330    8  0.2162500000E-01  0.1799334704E+00 
 2008  3336    8  -0.3536500000E+00  0.1296042823E+00 
 2008  3342    8  -0.4474225000E+00  0.2366426199E+00 
 2008  3348    8  -0.2270272500E+00  0.1392228129E+00 
 2008  3354    8  -0.1437825000E+00  0.1258168366E+00 
 2008  3360    8  -0.4032737500E+00  0.2078796607E+00 
 2008  3366    8  -0.3571412500E+00  0.1967750706E+00 
 2008  3372    8  0.1294625000E-01  0.1908611484E+00 
 2008  3378    8  0.2323125000E-01  0.2405739325E+00 
 2008  3384    8  -0.1991500000E+00  0.2443600110E+00 
 2008  3390    8  0.3829500000E-01  0.1559113100E+00 
 2008  3396    8  0.1037612500E-01  0.2399341642E+00 
 2008  3402    8  -0.7712500000E-03  0.1100720241E+00 
 2008  3408    8  -0.3257212500E+00  0.2174333441E+00 
 2008  3414    8  -0.3424787500E+00  0.1769986558E+00 
 2008  3420    8  -0.2722173750E+00  0.1830109518E+00 
 2008  3426    8  -0.3160475000E+00  0.1501320512E+00 
 2008  3432    8  -0.6125875000E+00  0.2939215475E+00 
 2008  3438    8  -0.5713625000E+00  0.1965939593E+00 
 2008  3444    8  -0.3719112500E+00  0.2124256685E+00 
 2008  3450    8  -0.6003125000E+00  0.1940605346E+00 
 2008  3456    8  -0.6607750000E+00  0.7414610155E-01 
 2008  3462    8  -0.4906250000E+00  0.1334946324E+00 
 2008  3468    8  -0.4153875000E+00  0.1382061362E+00 
 2008  3474    8  -0.6604250000E+00  0.1726838567E+00 
 2008  3480    8  -0.8179250000E+00  0.2059472247E+00 
 2008  3486    8  -0.7108500000E+00  0.1149923150E+00 
 2008  3492    8  -0.5649625000E+00  0.2138556986E+00 
 2008  3498    8  -0.3577712500E+00  0.1563875676E+00 
 2008  3504    8  -0.5241500000E+00  0.1795098535E+00 
 2008  3510    8  -0.3851887500E+00  0.2234961535E+00 
 2008  3516    8  0.1413625000E-01  0.1570106423E+00 
 2008  3522    8  -0.3049775000E-01  0.1649409342E+00 
 2008  3528    8  -0.6255875000E+00  0.1541425755E+00 
 2008  3534    8  -0.8592375000E+00  0.9887398467E-01 
 2008  3540    8  -0.3504875000E+00  0.1270571765E+00 
 2008  3546    8  -0.2127637500E+00  0.1456575683E+00 
 2008  3552    8  -0.7003375000E+00  0.2359852693E+00 
 2008  3558    8  -0.7639625000E+00  0.1642251346E+00 
 2008  3564    8  -0.3751237500E+00  0.1838658123E+00 
 2008  3570    8  -0.3486825000E+00  0.1675134014E+00 
 2008  3576    8  -0.4342100000E+00  0.2669149616E+00 
 2008  3582    8  -0.7326750000E+00  0.2057994154E+00 
 2008  3588    8  -0.4461750000E+00  0.1766064251E+00 
 2008  3594    8  -0.4038875000E+00  0.1688937494E+00 
 2008  3600    8  -0.8039750000E+00  0.1196661162E+00 
 2008  3606    8  -0.5825750000E+00  0.2552629808E+00 
 2008  3612    8  -0.2361560000E+00  0.2063629700E+00 
 2008  3618    8  -0.3220787500E+00  0.1769048421E+00 
 2008  3624    8  -0.7502750000E+00  0.1533955487E+00 
 2008  3630    8  -0.6320500000E+00  0.1934622896E+00 
 2008  3636    8  -0.3414298750E+00  0.2423655947E+00 
 2008  3642    8  -0.2925511250E+00  0.2445537359E+00 
 2008  3648    8  -0.8543000000E+00  0.3154393008E+00 
 2008  3654    8  -0.6934875000E+00  0.2308329615E+00 
 2008  3660    8  -0.8963750000E-02  0.1470189513E+00 
 2008  3666    8  0.4356500000E+00  0.2520225684E+00 
 2008  3672    8  0.7685850000E-01  0.2685669277E+00 
 2008  3678    8  -0.5910875000E-01  0.1568483624E+00 
 2008  3684    8  0.3346275000E+00  0.2202062279E+00 
 2008  3690    8  0.3663125000E+00  0.1177478284E+00 
 2008  3696    8  0.2080221250E+00  0.2255110625E+00 
 2008  3702    8  0.2155200000E+00  0.1130871801E+00 
 2008  3708    8  0.2686887500E+00  0.1167011274E+00 
 2008  3714    8  0.6568212500E-01  0.1704574578E+00 
 2008  3720    8  -0.8854775000E-01  0.7154790018E-01 
 2008  3726    8  -0.5792000000E-01  0.1852943143E+00 
 2008  3732    8  0.2412037500E+00  0.1138063821E+00 
 2008  3738    8  0.2728562500E+00  0.1656986033E+00 
 2008  3744    8  -0.3678875000E-01  0.1484170862E+00 
 2008  3750    8  -0.1273500000E+00  0.1530976943E+00 
 2008  3756    8  0.2345408750E+00  0.1320771597E+00 
 2008  3762    8  0.1219125000E+00  0.2013159438E+00 
 2008  3768    8  0.9953750000E-02  0.1205867654E+00 
 2008  3774    8  -0.3815750000E-01  0.1827003683E+00 
 2008  3780    8  0.2064775000E+00  0.1382899152E+00 
 2008  3786    8  0.2370875000E+00  0.1553685070E+00 
 2008  3792    8  0.9586250000E-02  0.1892518800E+00 
 2008  3798    8  -0.8394212500E-01  0.2112377346E+00 
 2008  3804    8  0.2321662500E+00  0.1445193557E+00 
 2008  3810    8  0.7524000000E-01  0.1172656858E+00 
 2008  3816    8  -0.2652825000E+00  0.1234479329E+00 
 2008  3822    8  -0.2444487500E+00  0.1790265040E+00 
 2008  3828    8  -0.1716125000E-01  0.1345612753E+00 
 2008  3834    8  -0.2247003750E+00  0.1672319328E+00 
 2008  3840    8  -0.4339625000E+00  0.1445204824E+00 
 2008  3846    8  -0.3590987500E+00  0.2016488658E+00 
 2008  3852    8  -0.2273412500E+00  0.1746686506E+00 
 2008  3858    8  -0.2078670000E+00  0.1705226239E+00 
 2008  3864    8  -0.5068625000E+00  0.1931381432E+00 
 2008  3870    8  -0.2874837500E+00  0.2109688827E+00 
 2008  3876    8  -0.4566250000E-02  0.3020512344E+00 
 2008  3882    8  -0.1642875000E-01  0.1749083765E+00 
 2008  3888    8  -0.3427625000E+00  0.1732485133E+00 
 2008  3894    8  -0.1024900000E+00  0.1549141213E+00 
 2008  3900    8  -0.2033387500E+00  0.1493602501E+00 
 2008  3906    8  -0.2172625000E-01  0.1332427498E+00 
 2008  3912    8  -0.3317125000E+00  0.1465292841E+00 
 2008  3918    8  0.1669875000E-01  0.1246073906E+00 
 2008  3924    8  0.8841250000E-01  0.1823441540E+00 
 2008  3930    8  0.2379900000E+00  0.1759613372E+00 
 2008  3936    8  0.2427387500E+00  0.2106758616E+00 
 2008  3942    8  0.4672125000E+00  0.1469512201E+00 
 2008  3948    8  0.6248250000E+00  0.1157741524E+00 
 2008  3954    8  0.7522500000E+00  0.1122623156E+00 
 2008  3960    8  0.3064250000E+00  0.1143302535E+00 
 2008  3966    8  0.1817900000E+00  0.1084546711E+00 
 2008  3972    8  0.9759500000E-02  0.7113698725E-01 
 2008  3978    8  -0.2756000000E-01  0.1556115711E+00 
 2008  3984    8  -0.4919250000E+00  0.1564797012E+00 
 2008  3990    8  -0.3586875000E+00  0.1431346869E+00 
 2008  3996    8  -0.2099475000E+00  0.1189223696E+00 
 2008  4002    8  -0.2137287500E+00  0.1287561037E+00 
 2008  4008    8  -0.4206875000E+00  0.9520076730E-01 
 2008  4014    8  -0.1870712500E-01  0.1188843080E+00 
 2008  4020    8  0.9628375000E-01  0.2206219902E+00 
 2008  4026    8  -0.1444600000E+00  0.1164091414E+00 
 2008  4032    8  -0.2664362500E+00  0.1185598265E+00 
 2008  4038    8  -0.3489237500E+00  0.1871460858E+00 
 2008  4044    8  -0.3071786250E+00  0.2067991984E+00 
 2008  4050    8  -0.2565512500E+00  0.1489768951E+00 
 2008  4056    8  -0.5033250000E+00  0.1719216373E+00 
 2008  4062    8  -0.5463375000E+00  0.1654129751E+00 
 2008  4068    8  -0.6287500000E+00  0.2038258141E+00 
 2008  4074    8  -0.2983312500E+00  0.1998155617E+00 
 2008  4080    8  -0.5810250000E+00  0.2271201981E+00 
 2008  4086    8  -0.7138875000E+00  0.1791555919E+00 
 2008  4092    8  -0.3550312500E+00  0.2064866133E+00 
 2008  4098    8  -0.7858250000E-01  0.2216702489E+00 
 2008  4104    8  -0.5211375000E+00  0.1823784728E+00 
 2008  4110    8  -0.4040425000E+00  0.1926426839E+00 
 2008  4116    8  -0.1696837500E+00  0.2191654288E+00 
 2008  4122    8  -0.3354075000E+00  0.2288903740E+00 
 2008  4128    8  -0.4167000000E+00  0.1311262464E+00 
 2008  4134    8  -0.4779500000E+00  0.1566150216E+00 
 2008  4140    8  -0.1303975000E+00  0.1397638178E+00 
 2008  4146    8  -0.3557750000E+00  0.1684170252E+00 
 2008  4152    8  -0.4430250000E+00  0.2130542757E+00 
 2008  4158    8  -0.7728250000E+00  0.1913552896E+00 
 2008  4164    8  -0.3960875000E+00  0.2222719024E+00 
 2008  4170    8  -0.6556625000E+00  0.1563657966E+00 
 2008  4176    8  -0.7791250000E+00  0.1709088555E+00 
 2008  4182    8  -0.1190112500E+01  0.1897251396E+00 
 2008  4188    8  -0.3931250000E+00  0.9246754498E-01 
 2008  4194    8  -0.6170125000E+00  0.1396151714E+00 
 2008  4200    8  -0.8181000000E+00  0.1254650748E+00 
 2008  4206    8  -0.8964875000E+00  0.9991613280E-01 
 2008  4212    8  -0.2372587500E+00  0.1628079183E+00 
 2008  4218    8  -0.3588750000E+00  0.1355882715E+00 
 2008  4224    8  -0.4025625000E+00  0.1064081404E+00 
 2008  4230    8  -0.3137237500E+00  0.1459468523E+00 
 2008  4236    8  -0.2538312500E+00  0.1991184704E+00 
 2008  4242    8  -0.1688800000E+00  0.1748688782E+00 
 2008  4248    8  -0.4729625000E+00  0.1465900742E+00 
 2008  4254    8  -0.3181637500E+00  0.1554864952E+00 
 2008  4260    8  -0.2008600000E+00  0.1654350084E+00 
 2008  4266    8  -0.3815687500E+00  0.1920483450E+00 
 2008  4272    8  -0.6041375000E+00  0.1831326155E+00 
 2008  4278    8  -0.4224700000E+00  0.2136207780E+00 
 2008  4284    8  -0.4444125000E+00  0.2325407192E+00 
 2008  4290    8  -0.2521950000E+00  0.1714324753E+00 
 2008  4296    8  -0.4349087500E+00  0.2147590767E+00 
 2008  4302    8  -0.2521612500E+00  0.2404073559E+00 
 2008  4308    8  0.1439516250E+00  0.1921538645E+00 
 2008  4314    8  0.2481162500E+00  0.1848176976E+00 
 2008  4320    8  0.9817125000E-01  0.1385591851E+00 
 2008  4326    8  0.7475000000E-03  0.2058517754E+00 
 2008  4332    8  0.3766737500E+00  0.1716604609E+00 
 2008  4338    8  0.8654750000E-01  0.1233322225E+00 
 2008  4344    8  0.6823000000E-01  0.1355190947E+00 
 2008  4350    8  0.1854537500E+00  0.1808332489E+00 
 2008  4356    8  0.4184750000E+00  0.1596390753E+00 
 2008  4362    8  0.1511250000E+00  0.1506024036E+00 
 2008  4368    8  -0.1772337500E+00  0.8222106131E-01 
 2008  4374    8  -0.3253625000E+00  0.1109985804E+00 
 2008  4380    8  -0.4519675000E-01  0.1468350620E+00 
 2008  4386    8  -0.3214312500E+00  0.1685090334E+00 
 2008  4392    8  -0.5529250000E+00  0.1391086423E+00 
 2008  4398    8  -0.6347500000E+00  0.1251486516E+00 
 2008  4404    8  -0.3098462500E+00  0.1863797358E+00 
 2008  4410    8  -0.4210875000E+00  0.1403808698E+00 
 2008  4416    8  -0.3487162500E+00  0.1772848100E+00 
 2008  4422    8  -0.6397750000E+00  0.2131660606E+00 
 2008  4428    8  -0.1250987500E+00  0.1624467767E+00 
 2008  4434    8  -0.1929471250E+00  0.1394244068E+00 
 2008  4440    8  -0.1026462500E+00  0.1060524172E+00 
 2008  4446    8  -0.2923425000E+00  0.1912105296E+00 
 2008  4452    8  0.3285250000E-01  0.1524582988E+00 
 2008  4458    8  -0.5778375000E-01  0.1636675753E+00 
 2008  4464    8  -0.2219887500E+00  0.2032816864E+00 
 2008  4470    8  -0.3071753750E+00  0.2584343695E+00 
 2008  4476    8  -0.1223378750E+00  0.1989093076E+00 
 2008  4482    8  -0.3008737500E+00  0.1950755459E+00 
 2008  4488    8  -0.5361500000E+00  0.1376910491E+00 
 2008  4494    8  -0.5865625000E+00  0.1981393445E+00 
 2008  4500    8  -0.2513412500E+00  0.1785143538E+00 
 2008  4506    8  -0.2206778750E+00  0.1595808205E+00 
 2008  4512    8  -0.4827500000E+00  0.1423041637E+00 
 2008  4518    8  -0.7518500000E+00  0.2266538992E+00 
 2008  4524    8  -0.3376337500E+00  0.1731716777E+00 
 2008  4530    8  -0.4057500000E+00  0.8813917971E-01 
 2008  4536    8  -0.4802625000E+00  0.1222645077E+00 
 2008  4542    8  -0.4003750000E+00  0.1533248329E+00 
 2008  4548    8  -0.1313425000E+00  0.1011954458E+00 
 2008  4554    8  -0.2563675000E+00  0.1110729800E+00 
 2008  4560    8  -0.4240625000E+00  0.1412715996E+00 
 2008  4566    8  -0.5303125000E+00  0.1303227094E+00 
 2008  4572    8  -0.2774075000E+00  0.1798741486E+00 
 2008  4578    8  -0.3548500000E+00  0.1020791115E+00 
 2008  4584    8  -0.3746125000E+00  0.1358749465E+00 
 2008  4590    8  -0.4517500000E+00  0.1714666294E+00 
 2008  4596    8  -0.3035437500E+00  0.1664680176E+00 
 2008  4602    8  -0.3334375000E+00  0.1643915595E+00 
 2008  4608    8  -0.5705375000E+00  0.1711388175E+00 
 2008  4614    8  -0.5851750000E+00  0.2052142828E+00 
 2008  4620    8  -0.3319887500E+00  0.2214806768E+00 
 2008  4626    8  -0.4154250000E+00  0.1832107035E+00 
 2008  4632    8  -0.5378250000E+00  0.2722165395E+00 
 2008  4638    8  -0.4403025000E+00  0.2592430742E+00 
 2008  4644    8  -0.8947750000E-01  0.2115089512E+00 
 2008  4650    8  -0.1794552500E+00  0.1960141154E+00 
 2008  4656    8  -0.2467500000E+00  0.1804238274E+00 
 2008  4662    8  -0.9616500000E-01  0.1927412250E+00 
 2008  4668    8  0.2198350000E+00  0.1686793202E+00 
 2008  4674    8  0.9265875000E-01  0.1520795711E+00 
 2008  4680    8  -0.2449601250E+00  0.1803921709E+00 
 2008  4686    8  -0.4031250000E+00  0.1602238181E+00 
 2008  4692    8  0.1391375000E-01  0.1306493918E+00 
 2008  4698    8  -0.2560137500E+00  0.1536514654E+00 
 2008  4704    8  -0.3692750000E+00  0.1042593131E+00 
 2008  4710    8  -0.6072125000E+00  0.1429657340E+00 
 2008  4716    8  -0.3165362500E+00  0.1776596647E+00 
 2008  4722    8  -0.3480875000E+00  0.1742252812E+00 
 2008  4728    8  -0.3578500000E+00  0.1689093840E+00 
 2008  4734    8  -0.4981000000E+00  0.1624902459E+00 
 2008  4740    8  -0.9129975000E-02  0.1555891838E+00 
 2008  4746    8  -0.1452546250E+00  0.1716060873E+00 
 2008  4752    8  -0.1153650000E+00  0.1119290391E+00 
 2008  4758    8  -0.1023577500E+00  0.1640210567E+00 
 2008  4764    8  0.3434625000E+00  0.1380491573E+00 
 2008  4770    8  0.3176135000E+00  0.1864985611E+00 
 2008  4776    8  0.1909987500E+00  0.1676482904E+00 
 2008  4782    8  0.3078625000E-01  0.1903990834E+00 
 2008  4788    8  0.1855996250E+00  0.1533559682E+00 
 2008  4794    8  0.9816187500E-01  0.1461993311E+00 
 2008  4800    8  0.2009112500E+00  0.2112234868E+00 
 2008  4806    8  0.1072062500E+00  0.1912385678E+00 
 2008  4812    8  0.2739737500E+00  0.1739019101E+00 
 2008  4818    8  0.4074625000E+00  0.1201446830E+00 
 2008  4824    8  -0.1152975000E+00  0.1665468853E+00 
 2008  4830    8  -0.1073312500E+00  0.1449736893E+00 
 2008  4836    8  0.9082875000E-01  0.1466875383E+00 
 2008  4842    8  -0.1018300000E+00  0.1900009653E+00 
 2008  4848    8  -0.1673350000E+00  0.1994593853E+00 
 2008  4854    8  -0.7240375000E-01  0.1488091260E+00 
 2008  4860    8  0.3524262500E+00  0.1807172337E+00 
 2008  4866    8  0.2112361250E+00  0.1257405152E+00 
 2008  4872    8  0.4527375000E-01  0.1426977800E+00 
 2008  4878    8  -0.1560362500E+00  0.1918862860E+00 
 2008  4884    8  0.1814525000E+00  0.1654796329E+00 
 2008  4890    8  0.1471912500E+00  0.1918834535E+00 
 2008  4896    8  0.1462532500E+00  0.1466515290E+00 
 2008  4902    8  0.1371275000E+00  0.2154162960E+00 
 2008  4908    8  0.5468625000E+00  0.1228327210E+00 
 2008  4914    8  0.3228125000E+00  0.9199075276E-01 
 2008  4920    8  -0.2897875000E-01  0.1331521489E+00 
 2008  4926    8  -0.2628625000E+00  0.1766143084E+00 
 2008  4932    8  -0.3746375000E-01  0.1915660992E+00 
 2008  4938    8  -0.1049867500E+00  0.8528127868E-01 
 2008  4944    8  -0.4281125000E+00  0.1731926271E+00 
 2008  4950    8  -0.3435750000E+00  0.1473912629E+00 
 2008  4956    8  0.1536037500E+00  0.1902841995E+00 
 2008  4962    8  0.1960100000E+00  0.1400735493E+00 
 2008  4968    8  -0.2520987500E+00  0.1394132586E+00 
 2008  4974    8  -0.3361625000E-01  0.1737766702E+00 
 2008  4980    8  0.9838375000E-01  0.1197233888E+00 
 2008  4986    8  0.1910575000E+00  0.1412036403E+00 
 2008  4992    8  -0.1586725000E+00  0.1844992295E+00 
 2008  4998    8  -0.4562875000E+00  0.1584601088E+00 
 2008  5004    8  -0.3916875000E+00  0.1612096805E+00 
 2008  5010    8  -0.2096612500E+00  0.9662465737E-01 
 2008  5016    8  -0.3665500000E+00  0.1242802780E+00 
 2008  5022    8  -0.5223875000E+00  0.1532036426E+00 
 2008  5028    8  0.1473775000E-01  0.1552926675E+00 
 2008  5034    8  -0.7042500000E-01  0.1652162321E+00 
 2008  5040    8  -0.1295125000E+00  0.1791543833E+00 
 2008  5046    8  -0.3187600000E+00  0.1600032318E+00 
 2008  5052    8  0.1035787500E-01  0.1398830709E+00 
 2008  5058    8  0.5463500000E-01  0.1243282959E+00 
 2008  5064    8  -0.1789350000E+00  0.1751260616E+00 
 2008  5070    8  -0.2968687500E+00  0.2827075597E+00 
 2008  5076    8  -0.1779837500E+00  0.2224849041E+00 
 2008  5082    8  0.4513750000E-02  0.1564834308E+00 
 2008  5088    8  -0.2221750000E+00  0.1817436076E+00 
 2008  5094    8  -0.6190000000E+00  0.2292592637E+00 
 2008  5100    8  -0.4256525000E+00  0.1924646599E+00 
 2008  5106    8  -0.2270525000E+00  0.1507523243E+00 
 2008  5112    8  -0.3460950000E+00  0.1577629160E+00 
 2008  5118    8  -0.6521250000E+00  0.1569127524E+00 
 2008  5124    8  -0.3585012500E+00  0.1818689226E+00 
 2008  5130    8  -0.3108935000E+00  0.1821953287E+00 
 2008  5136    8  -0.4877875000E+00  0.1557592889E+00 
 2008  5142    8  -0.6135375000E+00  0.1832617318E+00 
 2008  5148    8  0.8158750000E-02  0.1575926739E+00 
 2008  5154    8  0.1432381250E+00  0.1145482710E+00 
 2008  5160    8  -0.2052025000E+00  0.1304806513E+00 
 2008  5166    8  -0.4296875000E+00  0.1362634896E+00 
 2008  5172    8  -0.3449750000E+00  0.1225567904E+00 
 2008  5178    8  -0.2215300000E+00  0.1277956737E+00 
 2008  5184    8  -0.5173000000E+00  0.1425879202E+00 
 2008  5190    8  -0.4887250000E+00  0.1748658611E+00 
 2008  5196    8  -0.2529262500E+00  0.1390747730E+00 
 2008  5202    8  -0.2714625000E+00  0.1345057131E+00 
 2008  5208    8  -0.7166625000E+00  0.1248670387E+00 
 2008  5214    8  -0.9176375000E+00  0.1228858916E+00 
 2008  5220    8  -0.4011625000E+00  0.1440403844E+00 
 2008  5226    8  -0.5775250000E+00  0.1517220547E+00 
 2008  5232    8  -0.3630347500E+00  0.1932374962E+00 
 2008  5238    8  -0.7086750000E+00  0.1813844794E+00 
 2008  5244    8  -0.4558875000E+00  0.2010830142E+00 
 2008  5250    8  -0.1563875000E+00  0.1369112567E+00 
 2008  5256    8  -0.3680200000E+00  0.1792184276E+00 
 2008  5262    8  -0.4992500000E+00  0.2232439809E+00 
 2008  5268    8  -0.1745487500E+00  0.1445182542E+00 
 2008  5274    8  -0.2866362500E+00  0.1405206549E+00 
 2008  5280    8  -0.5089625000E+00  0.1228607030E+00 
 2008  5286    8  -0.6453375000E+00  0.1626648620E+00 
 2008  5292    8  -0.2859862500E+00  0.1685323769E+00 
 2008  5298    8  -0.2784450000E+00  0.1272521048E+00 
 2008  5304    8  -0.4809875000E+00  0.1855841618E+00 
 2008  5310    8  -0.7837375000E+00  0.1999944683E+00 
 2008  5316    8  -0.2556796250E+00  0.1909533572E+00 
 2008  5322    8  -0.2854387500E+00  0.1348601480E+00 
 2008  5328    8  -0.5946375000E+00  0.1003012330E+00 
 2008  5334    8  -0.7908875000E+00  0.1047724372E+00 
 2008  5340    8  -0.4173500000E+00  0.1574478961E+00 
 2008  5346    8  -0.4270750000E+00  0.1430631919E+00 
 2008  5352    8  -0.6733625000E+00  0.1719443001E+00 
 2008  5358    8  -0.9202250000E+00  0.1968603487E+00 
 2008  5364    8  -0.4497375000E+00  0.1666687879E+00 
 2008  5370    8  -0.4436715000E+00  0.2304535024E+00 
 2008  5376    8  -0.8411375000E+00  0.1999296185E+00 
 2008  5382    8  -0.7893250000E+00  0.2213072567E+00 
 2008  5388    8  -0.2653825000E+00  0.2498520485E+00 
 2008  5394    8  -0.1974862500E+00  0.2440218235E+00 
 2008  5400    8  -0.3481625000E+00  0.1243735697E+00 
 2008  5406    8  -0.3601175000E+00  0.1613603565E+00 
 2008  5412    8  0.2228125000E-01  0.1908547942E+00 
 2008  5418    8  -0.9748637500E-01  0.1738278834E+00 
 2008  5424    8  -0.4571625000E+00  0.1334933232E+00 
 2008  5430    8  -0.8100125000E+00  0.1628744412E+00 
 2008  5436    8  -0.4704750000E+00  0.1473846392E+00 
 2008  5442    8  -0.8286250000E+00  0.1941997795E+00 
 2008  5448    8  -0.8318500000E+00  0.9799598206E-01 
 2008  5454    8  -0.1018212500E+01  0.1368755405E+00 
 2008  5460    8  -0.7056000000E+00  0.1429145461E+00 
 2008  5466    8  -0.8051125000E+00  0.2130208466E+00 
 2008  5472    8  -0.6692375000E+00  0.1721308437E+00 
 2008  5478    8  -0.7203125000E+00  0.2336657465E+00 
 2008  5484    8  -0.4228875000E+00  0.1206950852E+00 
 2008  5490    8  -0.5230375000E+00  0.2125216103E+00 
 2008  5496    8  -0.5633000000E+00  0.2272433332E+00 
 2008  5502    8  -0.7470625000E+00  0.2722626027E+00 
 2008  5508    8  -0.5920125000E+00  0.1912143002E+00 
 2008  5514    8  -0.7222750000E+00  0.1943643984E+00 
 2008  5520    8  -0.9782750000E+00  0.1854487985E+00 
 2008  5526    8  -0.1038287500E+01  0.2364974759E+00 
 2008  5532    8  -0.4772637500E+00  0.2831256068E+00 
 2008  5538    8  -0.8202750000E+00  0.2261786117E+00 
 2008  5544    8  -0.1213075000E+01  0.1535313954E+00 
 2008  5550    8  -0.1317525000E+01  0.2808836714E+00 
 2008  5556    8  -0.9940500000E+00  0.2498437612E+00 
 2008  5562    8  -0.1098937500E+01  0.2147382298E+00 
 2008  5568    8  -0.1348500000E+01  0.2083602649E+00 
 2008  5574    8  -0.1431775000E+01  0.3406878511E+00 
 2008  5580    8  -0.1115975000E+01  0.1818501220E+00 
 2008  5586    8  -0.1191875000E+01  0.2165305680E+00 
 2008  5592    8  -0.1072587500E+01  0.1985986621E+00 
 2008  5598    8  -0.1105100000E+01  0.3022424399E+00 
 2008  5604    8  -0.9089750000E+00  0.2311114058E+00 
 2008  5610    8  -0.1131237500E+01  0.2689901157E+00 
 2008  5616    8  -0.1354712500E+01  0.2771239860E+00 
 2008  5622    8  -0.1123037500E+01  0.2811130731E+00 
 2008  5628    8  -0.9983375000E+00  0.2146763258E+00 
 2008  5634    8  -0.1085912500E+01  0.1889762382E+00 
 2008  5640    8  -0.1135000000E+01  0.1853110156E+00 
 2008  5646    8  -0.1029200000E+01  0.2707750127E+00 
 2008  5652    8  -0.4894000000E+00  0.1716621901E+00 
 2008  5658    8  -0.5483375000E+00  0.1645035481E+00 
 2008  5664    8  -0.5648500000E+00  0.2021398588E+00 
 2008  5670    8  -0.5660875000E+00  0.1397480093E+00 
 2008  5676    8  -0.2356587500E+00  0.1391255167E+00 
 2008  5682    8  -0.2532550000E+00  0.1332830116E+00 
 2008  5688    8  -0.5764000000E+00  0.2332681826E+00 
 2008  5694    8  -0.5158375000E+00  0.2359869802E+00 
 2008  5700    8  -0.2514350000E+00  0.2883855782E+00 
 2008  5706    8  -0.3265725000E+00  0.2304901870E+00 
 2008  5712    8  -0.6931375000E+00  0.2356850384E+00 
 2008  5718    8  -0.4776100000E+00  0.2926009445E+00 
 2008  5724    8  -0.9307250000E-01  0.2478723835E+00 
 2008  5730    8  -0.8973375000E-01  0.2266738029E+00 
 2008  5736    8  -0.2388947375E+00  0.1616851790E+00 
 2008  5742    8  -0.5734250000E+00  0.1647538144E+00 
 2008  5748    8  -0.4994000000E+00  0.1691226626E+00 
 2008  5754    8  -0.7052750000E+00  0.1954032865E+00 
 2008  5760    8  -0.7656125000E+00  0.1939132889E+00 
 2008  5766    8  -0.9513750000E+00  0.2252169995E+00 
 2008  5772    8  -0.5992250000E+00  0.2396585110E+00 
 2008  5778    8  -0.5571625000E+00  0.2170108289E+00 
 2008  5784    8  -0.7637000000E+00  0.2827575021E+00 
 2008  5790    8  -0.6680000000E+00  0.2856126004E+00 
 2008  5796    8  -0.5974500000E+00  0.1766496957E+00 
 2008  5802    8  -0.6942625000E+00  0.1577518616E+00 
 2008  5808    8  -0.9175000000E+00  0.1824879106E+00 
 2008  5814    8  -0.1185500000E+01  0.1353670935E+00 
 2008  5820    8  -0.7886875000E+00  0.1313963702E+00 
 2008  5826    8  -0.8718625000E+00  0.1310167350E+00 
 2008  5832    8  -0.1023662500E+01  0.1741875350E+00 
 2008  5838    8  -0.1033150000E+01  0.1826129993E+00 
 2008  5844    8  -0.6067125000E+00  0.1314792896E+00 
 2008  5850    8  -0.5320000000E+00  0.1501478688E+00 
 2008  5856    8  -0.8447500000E+00  0.1978958501E+00 
 2008  5862    8  -0.7785250000E+00  0.2465469517E+00 
 2008  5868    8  -0.2435137500E+00  0.1392154624E+00 
 2008  5874    8  -0.3246456250E+00  0.1897886985E+00 
 2008  5880    8  -0.5519875000E+00  0.1557541688E+00 
 2008  5886    8  -0.8657000000E+00  0.1542570744E+00 
 2008  5892    8  -0.2566475000E+00  0.1149890377E+00 
 2008  5898    8  -0.4057750000E+00  0.1685761679E+00 
 2008  5904    8  -0.5414000000E+00  0.1502906684E+00 
 2008  5910    8  -0.6825125000E+00  0.1795395600E+00 
 2008  5916    8  -0.4329500000E+00  0.1736070779E+00 
 2008  5922    8  -0.3402180000E+00  0.1693314276E+00 
 2008  5928    8  -0.4003420000E+00  0.1985896846E+00 
 2008  5934    8  -0.4374375000E+00  0.2162403058E+00 
 2008  5940    8  -0.8451250000E-03  0.1552268034E+00 
 2008  5946    8  0.1525937500E+00  0.1417258650E+00 
 2008  5952    8  -0.5443750000E-02  0.8095749408E-01 
 2008  5958    8  -0.2539762500E+00  0.1229593427E+00 
 2008  5964    8  -0.2131237500E+00  0.1796946499E+00 
 2008  5970    8  -0.2979700000E+00  0.1868352206E+00 
 2008  5976    8  -0.6699000000E+00  0.1408400866E+00 
 2008  5982    8  -0.1062250000E+01  0.8989659337E-01 
 2008  5988    8  -0.5329125000E+00  0.1519118366E+00 
 2008  5994    8  -0.3747375000E+00  0.1496381631E+00 
 2008  6000    8  -0.5438750000E+00  0.1301995560E+00 
 2008  6006    8  -0.6153125000E+00  0.1215070825E+00 
 2008  6012    8  -0.4022625000E+00  0.1534265210E+00 
 2008  6018    8  -0.2605037500E+00  0.1636565958E+00 
 2008  6024    8  -0.4282512500E+00  0.2067685152E+00 
 2008  6030    8  -0.6387375000E+00  0.1433609338E+00 
 2008  6036    8  -0.4775581250E-01  0.1407368360E+00 
 2008  6042    8  -0.1089775000E+00  0.1211498742E+00 
 2008  6048    8  -0.1150837500E+00  0.9101130410E-01 
 2008  6054    8  -0.2847650000E+00  0.1443665078E+00 
 2008  6060    8  0.2479750000E-01  0.1251077628E+00 
 2008  6066    8  -0.9593000000E-01  0.1230393463E+00 
 2008  6072    8  -0.3648875000E+00  0.1472644597E+00 
 2008  6078    8  -0.7612875000E+00  0.1698237722E+00 
 2008  6084    8  -0.1741225000E+00  0.1432153440E+00 
 2008  6090    8  -0.4170875000E+00  0.2021470902E+00 
 2008  6096    8  -0.7014375000E+00  0.1289494178E+00 
 2008  6102    8  -0.1013312500E+01  0.1936358466E+00 
 2008  6108    8  -0.6296750000E+00  0.1899155849E+00 
 2008  6114    8  -0.6286875000E+00  0.2110525316E+00 
 2008  6120    8  -0.8943000000E+00  0.1806398696E+00 
 2008  6126    8  -0.6479375000E+00  0.3051805897E+00 
 2008  6132    8  -0.4497562500E+00  0.1865081792E+00 
 2008  6138    8  -0.3487650000E+00  0.2183660575E+00 
 2008  6144    8  -0.6347262500E+00  0.2706729259E+00 
 2008  6150    8  -0.4878636250E+00  0.2841496717E+00 
 2008  6156    8  -0.1248275000E+00  0.2759155617E+00 
 2008  6162    8  0.6070000000E-01  0.1615189005E+00 
 2008  6168    8  -0.2316775000E+00  0.1514113068E+00 
 2008  6174    8  -0.8236875000E+00  0.1877587843E+00 
 2008  6180    8  -0.4793375000E+00  0.1486911307E+00 
 2008  6186    8  -0.5315000000E+00  0.1747826293E+00 
 2008  6192    8  -0.8180625000E+00  0.1294410381E+00 
 2008  6198    8  -0.1180962500E+01  0.1766199163E+00 
 2008  6204    8  -0.7877750000E+00  0.1557250441E+00 
 2008  6210    8  -0.5841125000E+00  0.1493331463E+00 
 2008  6216    8  -0.1058312500E+01  0.1229776142E+00 
 2008  6222    8  -0.1262000000E+01  0.1051677232E+00 
 2008  6228    8  -0.5620375000E+00  0.1480189679E+00 
 2008  6234    8  -0.4008625000E+00  0.1825451789E+00 
 2008  6240    8  -0.7046625000E+00  0.2096204423E+00 
 2008  6246    8  -0.8208500000E+00  0.1823229415E+00 
 2008  6252    8  -0.2528400000E+00  0.1758047076E+00 
 2008  6258    8  -0.2246587500E+00  0.2424455715E+00 
 2008  6264    8  -0.3846812500E+00  0.2237399103E+00 
 2008  6270    8  -0.7601125000E+00  0.2304335232E+00 
 2008  6276    8  -0.1562601250E+00  0.2418391096E+00 
 2008  6282    8  -0.1529575000E+00  0.2620193986E+00 
 2008  6288    8  -0.7679250000E+00  0.2453815078E+00 
 2008  6294    8  -0.8927375000E+00  0.2463768553E+00 
 2008  6300    8  -0.4193125000E+00  0.1217620470E+00 
 2008  6306    8  -0.2668350000E+00  0.2023195791E+00 
 2008  6312    8  -0.6589875000E+00  0.1738256270E+00 
 2008  6318    8  -0.9422750000E+00  0.2021696858E+00 
 2008  6324    8  -0.3620250000E+00  0.1292654899E+00 
 2008  6330    8  -0.2131312500E-01  0.1560603933E+00 
 2008  6336    8  -0.5139625000E+00  0.1234154259E+00 
 2008  6342    8  -0.6756000000E+00  0.1138411723E+00 
 2008  6348    8  -0.3190875000E+00  0.7699020128E-01 
 2008  6354    8  -0.2616225000E+00  0.1570028918E+00 
 2008  6360    8  -0.1016450000E+01  0.1227776445E+00 
 2008  6366    8  -0.9342625000E+00  0.1355625311E+00 
 2008  6372    8  -0.3276237500E+00  0.1968038833E+00 
 2008  6378    8  -0.8156375000E-01  0.2413044350E+00 
 2008  6384    8  -0.2608912500E+00  0.1883068460E+00 
 2008  6390    8  -0.4593512500E+00  0.2016620939E+00 
 2008  6396    8  0.9386250000E-02  0.3182067577E+00 
 2008  6402    8  0.2669500000E-01  0.2372477369E+00 
 2008  6408    8  -0.3245375000E+00  0.1410462596E+00 
 2008  6414    8  -0.5074375000E+00  0.2452864801E+00 
 2008  6420    8  -0.4950500000E+00  0.2037240965E+00 
 2008  6426    8  -0.3153375000E+00  0.2124974937E+00 
 2008  6432    8  -0.9224000000E+00  0.2433651115E+00 
 2008  6438    8  -0.6785125000E+00  0.3075224888E+00 
 2008  6444    8  -0.3454525000E+00  0.2236106198E+00 
 2008  6450    8  0.1531712500E+00  0.2817607749E+00 
 2008  6456    8  -0.3588825000E+00  0.2106787546E+00 
 2008  6462    8  -0.4422000000E+00  0.2234344255E+00 
 2008  6468    8  -0.2090666250E+00  0.1942592842E+00 
 2008  6474    8  -0.8263500000E-01  0.2327430148E+00 
 2008  6480    8  -0.4552500000E+00  0.1703811316E+00 
 2008  6486    8  -0.6661750000E+00  0.1786368925E+00 
 2008  6492    8  -0.3624325000E+00  0.1700607036E+00 
 2008  6498    8  -0.1856487500E+00  0.1834884421E+00 
 2008  6504    8  -0.5132875000E+00  0.1985289049E+00 
 2008  6510    8  -0.5393875000E+00  0.2116956922E+00 
 2008  6516    8  -0.3261237500E+00  0.1515420691E+00 
 2008  6522    8  -0.3869500000E+00  0.2759579905E+00 
 2008  6528    8  -0.6602500000E+00  0.9660913518E-01 
 2008  6534    8  -0.4922250000E+00  0.2061604639E+00 
 2008  6540    8  -0.1653825000E+00  0.1975600591E+00 
 2008  6546    8  0.5148937500E-01  0.2090965790E+00 
 2008  6552    8  -0.5377750000E+00  0.1539931634E+00 
 2008  6558    8  -0.8424125000E+00  0.1880797400E+00 
 2008  6564    8  -0.4900375000E+00  0.1249322910E+00 
 2008  6570    8  -0.3426625000E+00  0.1429314690E+00 
 2008  6576    8  -0.3884125000E+00  0.1364187894E+00 
 2008  6582    8  -0.7879625000E+00  0.1229568312E+00 
 2008  6588    8  -0.5483625000E+00  0.1605864482E+00 
 2008  6594    8  -0.3226662500E+00  0.1893453062E+00 
 2008  6600    8  -0.5235125000E+00  0.1887583736E+00 
 2008  6606    8  -0.7852000000E+00  0.1547730597E+00 
 2008  6612    8  -0.5040625000E+00  0.1332152951E+00 
 2008  6618    8  -0.3101950000E+00  0.2521636288E+00 
 2008  6624    8  -0.7569000000E+00  0.1350792638E+00 
 2008  6630    8  -0.1064450000E+01  0.1712922576E+00 
 2008  6636    8  -0.8457250000E+00  0.2272581668E+00 
 2008  6642    8  -0.5575750000E+00  0.2429487587E+00 
 2008  6648    8  -0.7705375000E+00  0.2869600187E+00 
 2008  6654    8  -0.7372000000E+00  0.3012105534E+00 
 2008  6660    8  -0.4630375000E+00  0.1539931487E+00 
 2008  6666    8  -0.3644100000E+00  0.1890752818E+00 
 2008  6672    8  -0.7251250000E+00  0.2026966314E+00 
 2008  6678    8  -0.1016850000E+01  0.2015729521E+00 
 2008  6684    8  -0.6755250000E+00  0.1772314923E+00 
 2008  6690    8  -0.4467250000E+00  0.1570507780E+00 
 2008  6696    8  -0.7687500000E+00  0.1274857443E+00 
 2008  6702    8  -0.9410375000E+00  0.7669491407E-01 
 2008  6708    8  -0.8597000000E+00  0.1392871046E+00 
 2008  6714    8  -0.8741750000E+00  0.1886924664E+00 
 2008  6720    8  -0.1336050000E+01  0.2485346404E+00 
 2008  6726    8  -0.1411000000E+01  0.2226297375E+00 
 2008  6732    8  -0.7695000000E+00  0.1662693297E+00 
 2008  6738    8  -0.4429125000E+00  0.2090515931E+00 
 2008  6744    8  -0.8263250000E+00  0.2877030185E+00 
 2008  6750    8  -0.9785625000E+00  0.2375126151E+00 
 2008  6756    8  -0.5961750000E+00  0.2097534729E+00 
 2008  6762    8  -0.4903000000E+00  0.1565769539E+00 
 2008  6768    8  -0.7635250000E+00  0.2704067064E+00 
 2008  6774    8  -0.7023500000E+00  0.2424524077E+00 
 2008  6780    8  0.1650200000E-01  0.2324170029E+00 
 2008  6786    8  0.1022687500E+00  0.2069243613E+00 
 2008  6792    8  -0.1754750000E+00  0.2150055602E+00 
 2008  6798    8  -0.3388712500E+00  0.2454542341E+00 
 2008  6804    8  -0.3696512500E-01  0.1377853405E+00 
 2008  6810    8  -0.1404908774E+00  0.1898009428E+00 
 2008  6816    8  -0.5581625000E+00  0.1435202855E+00 
 2008  6822    8  -0.8306625000E+00  0.2035713507E+00 
 2008  6828    8  -0.7162000000E+00  0.1672843687E+00 
 2008  6834    8  -0.8911375000E+00  0.1577294435E+00 
 2008  6840    8  -0.1211362500E+01  0.1447011397E+00 
 2008  6846    8  -0.1169087500E+01  0.2275383563E+00 
 2008  6852    8  -0.7973125000E+00  0.1891061107E+00 
 2008  6858    8  -0.5762625000E+00  0.3362816451E+00 
 2008  6864    8  -0.7451500000E+00  0.2205388288E+00 
 2008  6870    8  -0.7636250000E+00  0.1885699058E+00 
 2008  6876    8  -0.5658875000E+00  0.1826653117E+00 
 2008  6882    8  -0.5024375000E+00  0.1536923952E+00 
 2008  6888    8  -0.8529875000E+00  0.1735590277E+00 
 2008  6894    8  -0.1106912500E+01  0.1639850255E+00 
 2008  6900    8  -0.8354000000E+00  0.2349113929E+00 
 2008  6906    8  -0.7210625000E+00  0.1825432068E+00 
 2008  6912    8  -0.8384250000E+00  0.2214245173E+00 
 2008  6918    8  -0.9047375000E+00  0.1512997351E+00 
 2008  6924    8  -0.5461875000E+00  0.2033556517E+00 
 2008  6930    8  -0.3833475000E+00  0.1811232876E+00 
 2008  6936    8  -0.3433737500E+00  0.1654123018E+00 
 2008  6942    8  -0.7150875000E+00  0.1273610757E+00 
 2008  6948    8  -0.4394487500E+00  0.1808593083E+00 
 2008  6954    8  -0.4703250000E+00  0.1307229298E+00 
 2008  6960    8  -0.4070700000E+00  0.1593858598E+00 
 2008  6966    8  -0.5476875000E+00  0.1603724683E+00 
 2008  6972    8  0.9668600000E-01  0.1655433534E+00 
 2008  6978    8  -0.1130900000E+00  0.2325167221E+00 
 2008  6984    8  -0.1040387500E+00  0.2805484473E+00 
 2008  6990    8  -0.2914987500E+00  0.1271431064E+00 
 2008  6996    8  0.1161578750E+00  0.1751369107E+00 
 2008  7002    8  -0.9830975000E-01  0.1556181910E+00 
 2008  7008    8  -0.5375625000E+00  0.1590423759E+00 
 2008  7014    8  -0.7077125000E+00  0.2421453770E+00 
 2008  7020    8  0.2416500000E-01  0.2315954731E+00 
 2008  7026    8  0.2036550000E+00  0.1924233151E+00 
 2008  7032    8  -0.6423675000E-01  0.2226152539E+00 
 2008  7038    8  -0.5352000000E+00  0.1437822659E+00 
 2008  7044    8  -0.2146175000E+00  0.1580806378E+00 
 2008  7050    8  -0.1125718750E+00  0.1452470919E+00 
 2008  7056    8  -0.3854850000E+00  0.1915673800E+00 
 2008  7062    8  -0.7567750000E+00  0.1769652985E+00 
 2008  7068    8  -0.2212662500E+00  0.1528978014E+00 
 2008  7074    8  -0.2278937500E+00  0.1369594251E+00 
 2008  7080    8  -0.6072750000E+00  0.1652631141E+00 
 2008  7086    8  -0.1023000000E+01  0.1249111384E+00 
 2008  7092    8  -0.3863625000E+00  0.1502348323E+00 
 2008  7098    8  -0.2864075000E+00  0.1733896995E+00 
 2008  7104    8  -0.7284750000E+00  0.2090536041E+00 
 2008  7110    8  -0.1053500000E+01  0.1664330796E+00 
 2008  7116    8  -0.7841875000E+00  0.2036335031E+00 
 2008  7122    8  -0.2618050000E+00  0.2239651483E+00 
 2008  7128    8  -0.4982812500E+00  0.2350047073E+00 
 2008  7134    8  -0.6097750000E+00  0.1538386878E+00 
 2008  7140    8  -0.3054162500E+00  0.1777023933E+00 
 2008  7146    8  -0.4889000000E-01  0.1574217755E+00 
 2008  7152    8  -0.6806375000E+00  0.1740551776E+00 
 2008  7158    8  -0.8341375000E+00  0.1966310373E+00 
 2008  7164    8  -0.3551012500E+00  0.2041042032E+00 
 2008  7170    8  -0.2296762500E+00  0.2340981534E+00 
 2008  7176    8  -0.6100125000E+00  0.2990380387E+00 
 2008  7182    8  -0.8979625000E+00  0.1838386789E+00 
 2008  7188    8  -0.4177387500E+00  0.1708180472E+00 
 2008  7194    8  -0.6936125000E-01  0.2153222944E+00 
 2008  7200    8  -0.5791875000E+00  0.2031125946E+00 
 2008  7206    8  -0.8863500000E+00  0.1611019010E+00 
 2008  7212    8  -0.7883125000E+00  0.1741997807E+00 
 2008  7218    8  -0.5064000000E+00  0.1709464829E+00 
 2008  7224    8  -0.7661625000E+00  0.1617907672E+00 
 2008  7230    8  -0.1311875000E+01  0.8661904741E-01 
 2008  7236    8  -0.8052625000E+00  0.5203520293E-01 
 2008  7242    8  -0.7986125000E+00  0.1534129023E+00 
 2008  7248    8  -0.1305125000E+01  0.1423854254E+00 
 2008  7254    8  -0.1386875000E+01  0.1108540003E+00 
 2008  7260    8  -0.9703500000E+00  0.1238618585E+00 
 2008  7266    8  -0.6753000000E+00  0.2496853620E+00 
 2008  7272    8  -0.8659000000E+00  0.1457280944E+00 
 2008  7278    8  -0.1103400000E+01  0.1448249633E+00 
 2008  7284    8  -0.7495500000E+00  0.1309774694E+00 
 2008  7290    8  -0.6354750000E+00  0.1767234970E+00 
 2008  7296    8  -0.1177275000E+01  0.2339332798E+00 
 2008  7302    8  -0.1142750000E+01  0.1500023250E+00 
 2008  7308    8  -0.8538750000E+00  0.2507380443E+00 
 2008  7314    8  -0.6960000000E+00  0.2003755349E+00 
 2008  7320    8  -0.9765125000E+00  0.2325961061E+00 
 2008  7326    8  -0.8386500000E+00  0.2022057739E+00 
 2008  7332    8  -0.3431462500E+00  0.2174466186E+00 
 2008  7338    8  -0.3202325000E+00  0.1837164341E+00 
 2008  7344    8  -0.8706625000E+00  0.2462726839E+00 
 2008  7350    8  -0.1145187500E+01  0.2088225828E+00 
 2008  7356    8  -0.9746875000E+00  0.1240801499E+00 
 2008  7362    8  -0.9705625000E+00  0.1533000158E+00 
 2008  7368    8  -0.1093762500E+01  0.1549909508E+00 
 2008  7374    8  -0.1198387500E+01  0.1496454179E+00 
 2008  7380    8  -0.6918750000E+00  0.1682523830E+00 
 2008  7386    8  -0.1596600000E+00  0.1465893749E+00 
 2008  7392    8  -0.2098061250E+00  0.1655544887E+00 
 2008  7398    8  -0.4098375000E+00  0.1666325969E+00 
 2008  7404    8  -0.2411825000E+00  0.1543613541E+00 
 2008  7410    8  -0.3232332500E+00  0.1862760219E+00 
 2008  7416    8  -0.8432000000E+00  0.2238437011E+00 
 2008  7422    8  -0.1065900000E+01  0.1207408278E+00 
 2008  7428    8  -0.6191875000E+00  0.1759238858E+00 
 2008  7434    8  -0.4340400000E+00  0.2281090128E+00 
 2008  7440    8  -0.8576500000E+00  0.2364664881E+00 
 2008  7446    8  -0.6477750000E+00  0.2446548628E+00 
 2008  7452    8  -0.2847925000E+00  0.2545800854E+00 
 2008  7458    8  -0.3448875000E+00  0.2564172987E+00 
 2008  7464    8  -0.6133087500E+00  0.3702665368E+00 
 2008  7470    8  -0.6069250000E+00  0.2750871896E+00 
 2008  7476    8  -0.2082627000E+00  0.2233279249E+00 
 2008  7482    8  0.7299000000E-01  0.2918608610E+00 
 2008  7488    8  -0.3143875000E+00  0.2508319031E+00 
 2008  7494    8  -0.4612000000E+00  0.1440499132E+00 
 2008  7500    8  -0.4555625000E+00  0.1961572643E+00 
 2008  7506    8  -0.4962375000E+00  0.2263038054E+00 
 2008  7512    8  -0.9149500000E+00  0.2796108635E+00 
 2008  7518    8  -0.1176700000E+01  0.2356380275E+00 
 2008  7524    8  -0.9015125000E+00  0.1502997126E+00 
 2008  7530    8  -0.3981505000E+00  0.2657968894E+00 
 2008  7536    8  -0.1161200000E+01  0.1859152159E+00 
 2008  7542    8  -0.9832375000E+00  0.2297737090E+00 
 2008  7548    8  -0.6043250000E+00  0.7879090604E-01 
 2008  7554    8  -0.5314625000E+00  0.1901929280E+00 
 2008  7560    8  -0.9305625000E+00  0.1779057119E+00 
 2008  7566    8  -0.1016312500E+01  0.2513384642E+00 
 2008  7572    8  -0.6629875000E+00  0.1954718870E+00 
 2008  7578    8  -0.6676500000E+00  0.2123084548E+00 
 2008  7584    8  -0.1156062500E+01  0.2275794089E+00 
 2008  7590    8  -0.1454500000E+01  0.1989798985E+00 
 2008  7596    8  -0.1022812500E+01  0.2267922752E+00 
 2008  7602    8  -0.9472375000E+00  0.2586635311E+00 
 2008  7608    8  -0.1361350000E+01  0.3993432828E+00 
 2008  7614    8  -0.1692000000E+01  0.3089437651E+00 
 2008  7620    8  -0.1378700000E+01  0.2389331078E+00 
 2008  7626    8  -0.1049800000E+01  0.2723238421E+00 
 2008  7632    8  -0.1375875000E+01  0.3377374859E+00 
 2008  7638    8  -0.1806125000E+01  0.3020800546E+00 
 2008  7644    8  -0.1353687500E+01  0.1878837635E+00 
 2008  7650    8  -0.1435175000E+01  0.2426445227E+00 
 2008  7656    8  -0.1680500000E+01  0.2516972388E+00 
 2008  7662    8  -0.1861000000E+01  0.1920891720E+00 
 2008  7668    8  -0.1115250000E+01  0.1451531519E+00 
 2008  7674    8  -0.9713625000E+00  0.2593566027E+00 
 2008  7680    8  -0.1356975000E+01  0.2642600128E+00 
 2008  7686    8  -0.1308875000E+01  0.2402495773E+00 
 2008  7692    8  -0.1031362500E+01  0.2956937983E+00 
 2008  7698    8  -0.6766250000E+00  0.2175843558E+00 
 2008  7704    8  -0.1390362500E+01  0.2657367021E+00 
 2008  7710    8  -0.1616875000E+01  0.2313479185E+00 
 2008  7716    8  -0.8278125000E+00  0.2611565739E+00 
 2008  7722    8  -0.6880625000E+00  0.2380185756E+00 
 2008  7728    8  -0.6867375000E+00  0.3174120663E+00 
 2008  7734    8  -0.9539125000E+00  0.2464793016E+00 
 2008  7740    8  -0.8204875000E+00  0.2351131666E+00 
 2008  7746    8  -0.9030750000E+00  0.2201929878E+00 
 2008  7752    8  -0.1142512500E+01  0.2661865015E+00 
 2008  7758    8  -0.1366750000E+01  0.2223374406E+00 
 2008  7764    8  -0.9572000000E+00  0.1577457210E+00 
 2008  7770    8  -0.9666750000E+00  0.1965794162E+00 
 2008  7776    8  -0.1709250000E+01  0.2066952769E+00 
 2008  7782    8  -0.1776500000E+01  0.2565979345E+00 
 2008  7788    8  -0.1466000000E+01  0.1812615514E+00 
 2008  7794    8  -0.1639500000E+01  0.1940135305E+00 
 2008  7800    8  -0.1809375000E+01  0.2853388063E+00 
 2008  7806    8  -0.1689500000E+01  0.1383166657E+00 
 2008  7812    8  -0.1147150000E+01  0.2042946279E+00 
 2008  7818    8  -0.1097512500E+01  0.2488753425E+00 
 2008  7824    8  -0.1402750000E+01  0.2174216813E+00 
 2008  7830    8  -0.1598000000E+01  0.2110586411E+00 
 2008  7836    8  -0.1210375000E+01  0.1324225599E+00 
 2008  7842    8  -0.8466500000E+00  0.1991789145E+00 
 2008  7848    8  -0.1208987500E+01  0.2529458561E+00 
 2008  7854    8  -0.1473000000E+01  0.1813008549E+00 
 2008  7860    8  -0.7458125000E+00  0.1577191288E+00 
 2008  7866    8  -0.5182500000E+00  0.1146952593E+00 
 2008  7872    8  -0.1011975000E+01  0.2140532104E+00 
 2008  7878    8  -0.1375500000E+01  0.1539261186E+00 
 2008  7884    8  -0.1126762500E+01  0.1461282650E+00 
 2008  7890    8  -0.6521125000E+00  0.2335571046E+00 
 2008  7896    8  -0.1050625000E+01  0.1828788175E+00 
 2008  7902    8  -0.1157800000E+01  0.1905843121E+00 
 2008  7908    8  -0.6219500000E+00  0.1123931381E+00 
 2008  7914    8  -0.4981875000E+00  0.1728034247E+00 
 2008  7920    8  -0.1000612500E+01  0.1865440259E+00 
 2008  7926    8  -0.1384750000E+01  0.2507582252E+00 
 2008  7932    8  -0.1189837500E+01  0.2229066393E+00 
 2008  7938    8  -0.1197575000E+01  0.2334081765E+00 
 2008  7944    8  -0.1391525000E+01  0.2460824646E+00 
 2008  7950    8  -0.1625500000E+01  0.2715764165E+00 
 2008  7956    8  -0.1165387500E+01  0.1551231804E+00 
 2008  7962    8  -0.1102737500E+01  0.2081492430E+00 
 2008  7968    8  -0.1038762500E+01  0.2183960218E+00 
 2008  7974    8  -0.1325875000E+01  0.1483664698E+00 
 2008  7980    8  -0.4480000000E+00  0.2252221792E+00 
 2008  7986    8  -0.2478825000E+00  0.1768720007E+00 
 2008  7992    8  -0.6576437500E+00  0.3654509624E+00 
 2008  7998    8  -0.4504762500E+00  0.2295210087E+00 
 2008  8004    8  -0.3012125000E+00  0.8186058938E-01 
 2008  8010    8  -0.2965400000E+00  0.1698522187E+00 
 2008  8016    8  -0.8547500000E+00  0.2631105804E+00 
 2008  8022    8  -0.1238737500E+01  0.2593638995E+00 
 2008  8028    8  -0.9189875000E+00  0.1464723305E+00 
 2008  8034    8  -0.5276250000E+00  0.1107422430E+00 
 2008  8040    8  -0.1153537500E+01  0.2024453564E+00 
 2008  8046    8  -0.1342000000E+01  0.1623961206E+00 
 2008  8052    8  -0.9521250000E+00  0.1297143183E+00 
 2008  8058    8  -0.8924000000E+00  0.1488234860E+00 
 2008  8064    8  -0.1178387500E+01  0.2443528209E+00 
 2008  8070    8  -0.9431125000E+00  0.1892486621E+00 
 2008  8076    8  -0.1215937500E+00  0.2915152794E+00 
 2008  8082    8  -0.1954457500E+00  0.2832217196E+00 
 2008  8088    8  -0.4391796250E+00  0.2826248259E+00 
 2008  8094    8  -0.3580575000E+00  0.1768742622E+00 
 2008  8100    8  0.8173375000E-01  0.2176611517E+00 
 2008  8106    8  0.1785525000E+00  0.6458366120E-01 
 2008  8112    8  -0.3305500000E+00  0.1179177892E+00 
 2008  8118    8  -0.2574125000E+00  0.9424438229E-01 
 2008  8124    8  -0.2102275000E+00  0.1861515039E+00 
 2008  8130    8  0.1580125000E-01  0.2030147704E+00 
 2008  8136    8  -0.2651350000E+00  0.2120223303E+00 
 2008  8142    8  -0.3188325000E+00  0.1361840424E+00 
 2008  8148    8  -0.6399750000E-02  0.6825589259E-01 
 2008  8154    8  0.2165390000E+00  0.1262216469E+00 
 2008  8160    8  -0.3301175000E+00  0.1306152083E+00 
 2008  8166    8  -0.2422112500E+00  0.1366389355E+00 
 2008  8172    8  -0.4910375000E+00  0.9900252443E-01 
 2008  8178    8  -0.2117150000E+00  0.1670794744E+00 
 2008  8184    8  -0.6593750000E+00  0.1172276071E+00 
 2008  8190    8  -0.9594250000E+00  0.2149706884E+00 
 2008  8196    8  -0.5117875000E+00  0.1387635258E+00 
 2008  8202    8  -0.6256500000E+00  0.1742035376E+00 
 2008  8208    8  -0.7279250000E+00  0.2554703102E+00 
 2008  8214    8  -0.6520375000E+00  0.2265625959E+00 
 2008  8220    8  -0.3147762500E+00  0.2058553733E+00 
 2008  8226    8  0.4792000000E-01  0.2186966271E+00 
 2008  8232    8  -0.5091750000E+00  0.9789524695E-01 
 2008  8238    8  -0.6161750000E+00  0.1005333744E+00 
 2008  8244    8  -0.4611125000E+00  0.1509149714E+00 
 2008  8250    8  -0.9417875000E-01  0.1995537591E+00 
 2008  8256    8  -0.6043250000E+00  0.1719989008E+00 
 2008  8262    8  -0.1138750000E+01  0.1359069075E+00 
 2008  8268    8  -0.7558125000E+00  0.1678782999E+00 
 2008  8274    8  -0.6932250000E+00  0.1484101643E+00 
 2008  8280    8  -0.9452000000E+00  0.1537580323E+00 
 2008  8286    8  -0.9328625000E+00  0.1715562658E+00 
 2008  8292    8  -0.5493250000E+00  0.2531983400E+00 
 2008  8298    8  -0.5951250000E+00  0.2112465251E+00 
 2008  8304    8  -0.9716875000E+00  0.2356069791E+00 
 2008  8310    8  -0.1166512500E+01  0.1786387517E+00 
 2008  8316    8  -0.7585500000E+00  0.1911684728E+00 
 2008  8322    8  -0.7658000000E+00  0.2617976938E+00 
 2008  8328    8  -0.1182675000E+01  0.2741847541E+00 
 2008  8334    8  -0.9958875000E+00  0.2703483837E+00 
 2008  8340    8  -0.3202062500E+00  0.1650232200E+00 
 2008  8346    8  -0.3048541250E+00  0.1841203222E+00 
 2008  8352    8  -0.5581625000E+00  0.2246689895E+00 
 2008  8358    8  -0.9716875000E+00  0.1717722288E+00 
 2008  8364    8  -0.5199375000E+00  0.1635455513E+00 
 2008  8370    8  -0.3878250000E+00  0.1640249733E+00 
 2008  8376    8  -0.8814375000E+00  0.1822138231E+00 
 2008  8382    8  -0.8466750000E+00  0.1721743575E+00 
 2008  8388    8  -0.2676375000E+00  0.2199624737E+00 
 2008  8394    8  -0.2142325000E+00  0.2613930582E+00 
 2008  8400    8  -0.5934575000E+00  0.3454992860E+00 
 2008  8406    8  -0.8673750000E+00  0.1310261114E+00 
 2008  8412    8  -0.5872750000E+00  0.1409652063E+00 
 2008  8418    8  -0.5538750000E+00  0.1721678160E+00 
 2008  8424    8  -0.9377000000E+00  0.2539568959E+00 
 2008  8430    8  -0.1329887500E+01  0.2255532389E+00 
 2008  8436    8  -0.1048287500E+01  0.1832345317E+00 
 2008  8442    8  -0.8454500000E+00  0.1345663963E+00 
 2008  8448    8  -0.1147162500E+01  0.2379478616E+00 
 2008  8454    8  -0.9462875000E+00  0.1947306052E+00 
 2008  8460    8  -0.8336250000E+00  0.2003563497E+00 
 2008  8466    8  -0.9384000000E+00  0.1250386340E+00 
 2008  8472    8  -0.1075362500E+01  0.2354183719E+00 
 2008  8478    8  -0.1034162500E+01  0.2693751888E+00 
 2008  8484    8  -0.6809875000E+00  0.2448867975E+00 
 2008  8490    8  -0.9621750000E-01  0.2352310665E+00 
 2008  8496    8  -0.3506000000E+00  0.2876718052E+00 
 2008  8502    8  -0.8402125000E+00  0.2590742145E+00 
 2008  8508    8  -0.2313112500E+00  0.1223688377E+00 
 2008  8514    8  -0.2713175000E+00  0.1487242705E+00 
 2008  8520    8  -0.6968875000E+00  0.1657223464E+00 
 2008  8526    8  -0.6519000000E+00  0.1754760810E+00 
 2008  8532    8  -0.5007000000E+00  0.1406130862E+00 
 2008  8538    8  -0.3064600000E+00  0.1933451039E+00 
 2008  8544    8  -0.7198625000E+00  0.2979970048E+00 
 2008  8550    8  -0.1137787500E+01  0.1662941403E+00 
 2008  8556    8  -0.7806625000E+00  0.1148433056E+00 
 2008  8562    8  -0.7274125000E+00  0.2404125071E+00 
 2008  8568    8  -0.9120875000E+00  0.1291930768E+00 
 2008  8574    8  -0.1059150000E+01  0.2134289226E+00 
 2008  8580    8  -0.7288250000E+00  0.1396821906E+00 
 2008  8586    8  -0.6449000000E+00  0.1687772052E+00 
 2008  8592    8  -0.7606000000E+00  0.2200225386E+00 
 2008  8598    8  -0.1080650000E+01  0.1835445995E+00 
 2008  8604    8  -0.5607625000E+00  0.1125345940E+00 
 2008  8610    8  -0.4140823750E+00  0.2382262403E+00 
 2008  8616    8  -0.8627125000E+00  0.3297466089E+00 
 2008  8622    8  -0.8683625000E+00  0.1946107714E+00 
 2008  8628    8  -0.4283000000E+00  0.1371136572E+00 
 2008  8634    8  -0.7455362500E-01  0.2110785919E+00 
 2008  8640    8  -0.5284875000E+00  0.2129672594E+00 
 2008  8646    8  -0.6806375000E+00  0.2035046802E+00 
 2008  8652    8  -0.4403375000E+00  0.2222236033E+00 
 2008  8658    8  -0.3150362500E+00  0.2059951752E+00 
 2008  8664    8  -0.6772375000E+00  0.1927707767E+00 
 2008  8670    8  -0.9684625000E+00  0.2092214971E+00 
 2008  8676    8  -0.5099625000E+00  0.1692973120E+00 
 2008  8682    8  -0.7106375000E+00  0.1835338112E+00 
 2008  8688    8  -0.9824375000E+00  0.3338672863E+00 
 2008  8694    8  -0.1061237500E+01  0.2380726934E+00 
 2008  8700    8  -0.6673125000E+00  0.2166797143E+00 
 2008  8706    8  -0.5643875000E+00  0.2623971295E+00 
 2008  8712    8  -0.8424000000E+00  0.2542709382E+00 
 2008  8718    8  -0.7896875000E+00  0.2483746134E+00 
 2008  8724    8  -0.5206000000E+00  0.2055828179E+00 
 2008  8730    8  -0.7334625000E+00  0.2210779440E+00 
 2008  8736    8  -0.1083400000E+01  0.2064267848E+00 
 2008  8742    8  -0.9440375000E+00  0.1891492462E+00 
 2008  8748    8  -0.3891375000E+00  0.1649817940E+00 
 2008  8754    8  -0.4395625000E+00  0.2167659910E+00 
 2008  8760    8  -0.7809875000E+00  0.2815489630E+00 
 2008  8766    8  -0.7389625000E+00  0.2890046666E+00 
 2008  8772    8  -0.2078400000E+00  0.2026548249E+00 
 2008  8778    8  -0.2058887500E+00  0.2183110148E+00 
 2008  8784    8  -0.2283206250E+00  0.2078024943E+00 
