 2008  0006    30  0.1491233333E+01  0.6331195286E+00 
 2008  0012    30  0.1085468667E+01  0.8998039052E+00 
 2008  0018    30  0.8082773333E+00  0.8830522888E+00 
 2008  0024    30  0.3159566667E-01  0.7646517923E+00 
 2008  0030    30  -0.2608306667E+00  0.3848820727E+00 
 2008  0036    30  -0.1112223333E+01  0.7927332331E-01 
 2008  0042    30  -0.1794400000E+01  0.1881300260E+00 
 2008  0048    30  -0.2365800000E+01  0.3980645174E+00 
 2008  0054    30  -0.2364756667E+01  0.7299874363E+00 
 2008  0060    30  -0.2812290000E+01  0.1007533135E+01 
 2008  0066    30  -0.2737256667E+01  0.1253000240E+01 
 2008  0072    30  -0.2902166667E+01  0.1011738367E+01 
 2008  0078    30  -0.1949466667E+01  0.7221715633E+00 
 2008  0084    30  -0.1479373333E+01  0.4363834598E+00 
 2008  0090    30  -0.9301500000E+00  0.3517204361E+00 
 2008  0096    30  -0.8849800000E+00  0.2077731253E+00 
 2008  0102    30  -0.3682116667E+00  0.2334886212E+00 
 2008  0108    30  -0.4139833333E+00  0.9446420868E-01 
 2008  0114    30  -0.3838666667E+00  0.1160501051E+00 
 2008  0120    30  -0.9185433333E+00  0.2190506497E+00 
 2008  0126    30  -0.4635900000E+00  0.1182622519E+00 
 2008  0132    30  -0.5675100000E+00  0.1135788283E+00 
 2008  0138    30  -0.2719733333E+00  0.8454720549E-01 
 2008  0144    30  0.8504330000E-01  0.1013029424E+00 
 2008  0150    30  0.6165700000E+00  0.6867389193E-01 
 2008  0156    30  0.2883976667E+00  0.3403840605E+00 
 2008  0162    30  0.3718303333E+00  0.4363751779E+00 
 2008  0168    30  0.3020699000E+00  0.4316672982E+00 
 2008  0174    30  0.5744863333E+00  0.2791560115E+00 
 2008  0180    30  0.1498870000E+00  0.4558549103E+00 
 2008  0186    30  0.1010060000E+00  0.4702182669E+00 
 2008  0192    30  0.1621531000E+00  0.2795853961E+00 
 2008  0198    30  0.1375146667E+00  0.2827158051E+00 
 2008  0204    30  -0.2801949800E+00  0.3805211986E+00 
 2008  0210    30  -0.3848133333E+00  0.1608785520E+00 
 2008  0216    30  -0.7285800000E+00  0.1178659136E+00 
 2008  0222    30  -0.9144533333E+00  0.8439691437E-01 
 2008  0228    30  -0.1597033333E+01  0.2207919810E+00 
 2008  0234    30  -0.1866133333E+01  0.3095333836E+00 
 2008  0240    30  -0.2228033333E+01  0.4018196514E+00 
 2008  0246    30  -0.2231100000E+01  0.4270747280E+00 
 2008  0252    30  -0.2301966667E+01  0.6247823345E+00 
 2008  0258    30  -0.2189073333E+01  0.8050675214E+00 
 2008  0264    30  -0.2349976667E+01  0.6640446339E+00 
 2008  0270    30  -0.2161466667E+01  0.5940792166E+00 
 2008  0276    30  -0.2682466667E+01  0.7056372880E+00 
 2008  0282    30  -0.2904000000E+01  0.7866487145E+00 
 2008  0288    30  -0.3177000000E+01  0.8937668600E+00 
 2008  0294    30  -0.3196533333E+01  0.1033180550E+01 
 2008  0300    30  -0.2983826667E+01  0.1137885296E+01 
 2008  0306    30  -0.2528566667E+01  0.8354816050E+00 
 2008  0312    30  -0.2143833333E+01  0.5472577749E+00 
 2008  0318    30  -0.1466703333E+01  0.4018057080E+00 
 2008  0324    30  -0.7972766667E+00  0.2373825895E+00 
 2008  0330    30  -0.1643086667E+00  0.4890179565E+00 
 2008  0336    30  0.1788413333E+00  0.7034572023E+00 
 2008  0342    30  0.8449416667E+00  0.6251884983E+00 
 2008  0348    30  0.8142876667E+00  0.6977376323E+00 
 2008  0354    30  0.8617843667E+00  0.7613685934E+00 
 2008  0360    30  0.4916886667E+00  0.7270433347E+00 
 2008  0366    30  0.2272351333E+00  0.5711396912E+00 
 2008  0372    30  -0.2643382667E+00  0.3390837087E+00 
 2008  0378    30  -0.1027560000E+01  0.1307825004E+00 
 2008  0384    30  -0.1217673333E+01  0.2537124040E+00 
 2008  0390    30  -0.9149150000E+00  0.4774136440E+00 
 2008  0396    30  -0.1003868000E+01  0.4926052691E+00 
 2008  0402    30  -0.5960803333E+00  0.6641473758E+00 
 2008  0408    30  -0.4145001167E+00  0.6010272716E+00 
 2008  0414    30  0.8486733333E-01  0.4179044425E+00 
 2008  0420    30  0.1116232000E+00  0.1263627059E+00 
 2008  0426    30  0.5320900000E+00  0.1226791733E+00 
 2008  0432    30  0.5334833333E+00  0.1170688774E+00 
 2008  0438    30  0.8726566667E+00  0.9505832134E-01 
 2008  0444    30  0.5106366667E+00  0.1545443701E+00 
 2008  0450    30  0.4711366667E+00  0.1679439916E+00 
 2008  0456    30  0.4127400000E+00  0.8517536655E-01 
 2008  0462    30  0.7309800000E+00  0.1107140654E+00 
 2008  0468    30  0.4385800000E+00  0.1244576860E+00 
 2008  0474    30  0.3861233333E+00  0.1059577547E+00 
 2008  0480    30  0.3936666667E+00  0.1166953308E+00 
 2008  0486    30  0.5241100000E+00  0.1851009659E+00 
 2008  0492    30  0.3443080000E+00  0.2211211916E+00 
 2008  0498    30  0.3276966667E+00  0.8528356420E-01 
 2008  0504    30  0.7493356667E-01  0.8780119849E-01 
 2008  0510    30  0.3925666667E+00  0.9872299743E-01 
 2008  0516    30  0.4819633333E+00  0.1183714450E+00 
 2008  0522    30  0.6432300000E+00  0.5824117186E-01 
 2008  0528    30  0.7933200000E+00  0.1478967351E+00 
 2008  0534    30  0.1300790000E+01  0.2111418912E+00 
 2008  0540    30  0.8787273333E+00  0.4757434305E+00 
 2008  0546    30  0.9712650000E+00  0.5313977641E+00 
 2008  0552    30  0.9138716333E+00  0.5450113733E+00 
 2008  0558    30  0.1103237667E+01  0.5013967214E+00 
 2008  0564    30  0.9365803333E+00  0.5151606798E+00 
 2008  0570    30  0.9903203333E+00  0.5289940396E+00 
 2008  0576    30  0.5871193333E+00  0.5277136673E+00 
 2008  0582    30  0.7236900000E+00  0.1980435968E+00 
 2008  0588    30  0.2962166667E+00  0.9866634375E-01 
 2008  0594    30  -0.9932933333E-01  0.4280906010E-01 
 2008  0600    30  -0.7447033333E+00  0.7271806508E-01 
 2008  0606    30  -0.7810666667E+00  0.2763367780E+00 
 2008  0612    30  -0.8165666667E+00  0.3700839079E+00 
 2008  0618    30  -0.3844157667E+00  0.3470200948E+00 
 2008  0624    30  -0.5417200000E+00  0.2066209450E+00 
 2008  0630    30  -0.1803148000E+00  0.1072608512E+00 
 2008  0636    30  0.3932166667E-01  0.1904088764E+00 
 2008  0642    30  0.7871943333E-01  0.1943553051E+00 
 2008  0648    30  -0.1574840000E-01  0.1651915686E+00 
 2008  0654    30  0.5526733333E-02  0.2049935274E+00 
 2008  0660    30  -0.4771500000E+00  0.2290146367E+00 
 2008  0666    30  -0.5331166667E+00  0.2100319707E+00 
 2008  0672    30  -0.2890833333E+00  0.1220476794E+00 
 2008  0678    30  -0.1343313333E+00  0.2577687510E+00 
 2008  0684    30  -0.2152800000E-01  0.2641794552E+00 
 2008  0690    30  -0.5812186667E-01  0.1672603951E+00 
 2008  0696    30  -0.5282866667E-01  0.2532878166E+00 
 2008  0702    30  0.2017983333E+00  0.1882435212E+00 
 2008  0708    30  0.4064266667E+00  0.1804836833E+00 
 2008  0714    30  0.7071500000E+00  0.8777891831E-01 
 2008  0720    30  0.9429233333E+00  0.1870137939E+00 
 2008  0726    30  0.1032303333E+01  0.2851010213E+00 
 2008  0732    30  0.7497080000E+00  0.5062465827E+00 
 2008  0738    30  0.1116456667E+01  0.4420937787E+00 
 2008  0744    30  0.1055746667E+01  0.3331890642E+00 
 2008  0750    30  0.9005210000E+00  0.4668481515E+00 
 2008  0756    30  0.8446956667E+00  0.3195079338E+00 
 2008  0762    30  0.7550100000E+00  0.1723525599E+00 
 2008  0768    30  0.5762300000E+00  0.2208655959E+00 
 2008  0774    30  0.8972733333E+00  0.7679173104E-01 
 2008  0780    30  0.8823866667E+00  0.1084890340E+00 
 2008  0786    30  0.8080933333E+00  0.1389077654E+00 
 2008  0792    30  0.4978500000E+00  0.2253053036E+00 
 2008  0798    30  0.5922866667E+00  0.9510698794E-01 
 2008  0804    30  0.4887566667E+00  0.2620222022E+00 
 2008  0810    30  0.2877743333E+00  0.1955975739E+00 
 2008  0816    30  0.7212693333E-01  0.1366611013E+00 
 2008  0822    30  0.3255633333E+00  0.1637161822E+00 
 2008  0828    30  0.1865491667E+00  0.1220361071E+00 
 2008  0834    30  0.2003500000E+00  0.1340745216E+00 
 2008  0840    30  0.9994830000E-01  0.8618194003E-01 
 2008  0846    30  -0.3678010000E-01  0.9158312242E-01 
 2008  0852    30  -0.1794320000E+00  0.2283999046E+00 
 2008  0858    30  -0.6140700000E+00  0.2756425755E+00 
 2008  0864    30  -0.7902741333E+00  0.4356925492E+00 
 2008  0870    30  -0.4144782667E+00  0.8374362214E+00 
 2008  0876    30  -0.4982713333E+00  0.9011992821E+00 
 2008  0882    30  -0.3428706667E+00  0.6928955423E+00 
 2008  0888    30  -0.1386773333E+00  0.4481218381E+00 
 2008  0894    30  0.4790353333E+00  0.3413933040E+00 
 2008  0900    30  0.1565547133E+00  0.1826830785E+00 
 2008  0906    30  0.3102093333E+00  0.1245386522E+00 
 2008  0912    30  0.5474583333E-01  0.1881288122E+00 
 2008  0918    30  0.2358700000E-02  0.1160502085E+00 
 2008  0924    30  0.3132473333E-01  0.1478902674E+00 
 2008  0930    30  -0.9343906667E-01  0.2700343220E+00 
 2008  0936    30  -0.1336206000E+00  0.2793434589E+00 
 2008  0942    30  -0.1541210000E+00  0.4459223283E+00 
 2008  0948    30  -0.3713353667E+00  0.5036395117E+00 
 2008  0954    30  -0.5031096667E+00  0.4718703679E+00 
 2008  0960    30  -0.6015806667E+00  0.4991998700E+00 
 2008  0966    30  -0.8441523333E+00  0.7949340107E+00 
 2008  0972    30  -0.9993400000E+00  0.8302471667E+00 
 2008  0978    30  -0.5100473333E+00  0.6895481981E+00 
 2008  0984    30  -0.1359053333E+00  0.1655822494E+00 
 2008  0990    30  0.3853713333E+00  0.2157193471E+00 
 2008  0996    30  -0.7541200000E-01  0.4783662337E+00 
 2008  1002    30  -0.4851240000E+00  0.4443704842E+00 
 2008  1008    30  -0.9133933333E+00  0.3040033003E+00 
 2008  1014    30  -0.8766033333E+00  0.2646407395E+00 
 2008  1020    30  -0.1438030000E+01  0.3796280787E+00 
 2008  1026    30  -0.1422970000E+01  0.4212709319E+00 
 2008  1032    30  -0.1620323333E+01  0.4786473836E+00 
 2008  1038    30  -0.1464690000E+01  0.4681650694E+00 
 2008  1044    30  -0.1529746667E+01  0.4706678140E+00 
 2008  1050    30  -0.1594376667E+01  0.5503604096E+00 
 2008  1056    30  -0.1319146667E+01  0.5422702873E+00 
 2008  1062    30  -0.9336116667E+00  0.6721627412E+00 
 2008  1068    30  -0.7158113333E+00  0.5029935626E+00 
 2008  1074    30  -0.9746400000E-01  0.3688070218E+00 
 2008  1080    30  0.1045657667E+00  0.1327780773E+00 
 2008  1086    30  0.5135900000E+00  0.9447712016E-01 
 2008  1092    30  0.8771066667E+00  0.2303147613E+00 
 2008  1098    30  0.1069553333E+01  0.3550032918E+00 
 2008  1104    30  0.1259148333E+01  0.5958301576E+00 
 2008  1110    30  0.1834416667E+01  0.4748504593E+00 
 2008  1116    30  0.1888550000E+01  0.4962256360E+00 
 2008  1122    30  0.1640996667E+01  0.5444844500E+00 
 2008  1128    30  0.1516546667E+01  0.4517801432E+00 
 2008  1134    30  0.1731033333E+01  0.2019428109E+00 
 2008  1140    30  0.9687633333E+00  0.2417544808E+00 
 2008  1146    30  0.6326133333E+00  0.1160218937E+00 
 2008  1152    30  0.8118356667E-01  0.1433806898E+00 
 2008  1158    30  -0.2048908000E+00  0.4018408893E+00 
 2008  1164    30  -0.8514000000E+00  0.6005874393E+00 
 2008  1170    30  -0.1105390667E+01  0.8667783984E+00 
 2008  1176    30  -0.1267250000E+01  0.9798197633E+00 
 2008  1182    30  -0.1527940333E+01  0.1043335720E+01 
 2008  1188    30  -0.1799466333E+01  0.1000431517E+01 
 2008  1194    30  -0.2248920667E+01  0.1040797080E+01 
 2008  1200    30  -0.3231543333E+01  0.1284320498E+01 
 2008  1206    30  -0.4411453333E+01  0.1833782778E+01 
 2008  1212    30  -0.5225270000E+01  0.2124040904E+01 
 2008  1218    30  -0.5279290000E+01  0.2139715702E+01 
 2008  1224    30  -0.5297796667E+01  0.2381092465E+01 
 2008  1230    30  -0.5103185333E+01  0.2502542087E+01 
 2008  1236    30  -0.5243000000E+01  0.1910088811E+01 
 2008  1242    30  -0.5011933333E+01  0.1840736880E+01 
 2008  1248    30  -0.4903666667E+01  0.1745266232E+01 
 2008  1254    30  -0.3975340000E+01  0.1603094431E+01 
 2008  1260    30  -0.3596910000E+01  0.1566563002E+01 
 2008  1266    30  -0.2899166000E+01  0.1535803210E+01 
 2008  1272    30  -0.2533423333E+01  0.1425428651E+01 
 2008  1278    30  -0.1761053333E+01  0.1321366364E+01 
 2008  1284    30  -0.1520266667E+01  0.1063446905E+01 
 2008  1290    30  -0.1497407333E+01  0.7671875396E+00 
 2008  1296    30  -0.1204286333E+01  0.5411436081E+00 
 2008  1302    30  -0.8802300000E+00  0.6063125933E+00 
 2008  1308    30  -0.5390096667E+00  0.6891739797E+00 
 2008  1314    30  -0.1350633333E+00  0.7095071930E+00 
 2008  1320    30  0.2820690000E+00  0.3869247897E+00 
 2008  1326    30  0.9054533333E+00  0.1668023536E+00 
 2008  1332    30  0.9667800000E+00  0.3718523716E+00 
 2008  1338    30  0.1628736667E+01  0.4298080839E+00 
 2008  1344    30  0.2009553333E+01  0.5556646823E+00 
 2008  1350    30  0.2351860000E+01  0.7402400514E+00 
 2008  1356    30  0.2453536667E+01  0.1052481476E+01 
 2008  1362    30  0.2422621667E+01  0.1268304720E+01 
 2008  1368    30  0.2151236667E+01  0.1360154042E+01 
 2008  1374    30  0.2144412667E+01  0.1076018882E+01 
 2008  1380    30  0.1989079500E+01  0.8962617476E+00 
 2008  1386    30  0.2052250000E+01  0.7007701633E+00 
 2008  1392    30  0.1720426667E+01  0.6703319814E+00 
 2008  1398    30  0.2036016667E+01  0.4917070456E+00 
 2008  1404    30  0.1958136667E+01  0.4649139365E+00 
 2008  1410    30  0.2084840000E+01  0.5567009500E+00 
 2008  1416    30  0.2626200000E+01  0.6148227604E+00 
 2008  1422    30  0.3237366667E+01  0.5875839505E+00 
 2008  1428    30  0.3167166667E+01  0.6404971030E+00 
 2008  1434    30  0.3217800000E+01  0.7612348477E+00 
 2008  1440    30  0.3216170000E+01  0.1044203440E+01 
 2008  1446    30  0.3026926667E+01  0.1191354995E+01 
 2008  1452    30  0.2814860000E+01  0.1108622519E+01 
 2008  1458    30  0.3055833333E+01  0.6751279920E+00 
 2008  1464    30  0.2713666667E+01  0.5696419538E+00 
 2008  1470    30  0.2407403333E+01  0.5938316072E+00 
 2008  1476    30  0.1792353333E+01  0.5665175030E+00 
 2008  1482    30  0.1499483333E+01  0.4302609550E+00 
 2008  1488    30  0.9260333333E+00  0.2122966954E+00 
 2008  1494    30  0.4841843333E+00  0.2255547413E+00 
 2008  1500    30  0.1099093333E+00  0.3459797600E+00 
 2008  1506    30  -0.1503796667E+00  0.4694298906E+00 
 2008  1512    30  -0.1725740000E+00  0.3369706727E+00 
 2008  1518    30  -0.1355495333E+00  0.3574472037E+00 
 2008  1524    30  -0.2797503333E+00  0.2471885182E+00 
 2008  1530    30  -0.5765966667E+00  0.2317311452E+00 
 2008  1536    30  -0.4746916667E+00  0.2653849417E+00 
 2008  1542    30  -0.1163689333E+00  0.2792926890E+00 
 2008  1548    30  -0.9896878333E-01  0.1125696136E+00 
 2008  1554    30  -0.1300210000E+00  0.1564331553E+00 
 2008  1560    30  0.1584555333E+00  0.1196304238E+00 
 2008  1566    30  0.2790085000E+00  0.2648830289E+00 
 2008  1572    30  -0.2499677333E+00  0.2910118325E+00 
 2008  1578    30  -0.1187080000E+00  0.3979059098E+00 
 2008  1584    30  -0.1669396667E+00  0.3612862739E+00 
 2008  1590    30  -0.3180833333E-01  0.4354364197E+00 
 2008  1596    30  -0.1071830333E+00  0.3789538557E+00 
 2008  1602    30  -0.1582946667E+00  0.4354952269E+00 
 2008  1608    30  -0.2082943333E+00  0.4290715313E+00 
 2008  1614    30  -0.2854437667E+00  0.3835462007E+00 
 2008  1620    30  0.1190308667E+00  0.2500812099E+00 
 2008  1626    30  0.8433633333E+00  0.1396212555E+00 
 2008  1632    30  0.1294123333E+01  0.2444075322E+00 
 2008  1638    30  0.1538136667E+01  0.3724323683E+00 
 2008  1644    30  0.1550170000E+01  0.3439239481E+00 
 2008  1650    30  0.1581493333E+01  0.4130434359E+00 
 2008  1656    30  0.1610080000E+01  0.4488052090E+00 
 2008  1662    30  0.1382606667E+01  0.4358735550E+00 
 2008  1668    30  0.1209613333E+01  0.3225943094E+00 
 2008  1674    30  0.1245236667E+01  0.1523310025E+00 
 2008  1680    30  0.1014690000E+01  0.1137292849E+00 
 2008  1686    30  0.8247933333E+00  0.1161046710E+00 
 2008  1692    30  -0.1223632000E+00  0.1265987270E+00 
 2008  1698    30  -0.7230633333E+00  0.1796905275E+00 
 2008  1704    30  -0.1097406333E+01  0.7206851617E+00 
 2008  1710    30  -0.1015973333E+01  0.1099279277E+01 
 2008  1716    30  -0.1169430000E+01  0.1170757001E+01 
 2008  1722    30  -0.8362146667E+00  0.1018822575E+01 
 2008  1728    30  -0.2399955000E+00  0.4933228002E+00 
 2008  1734    30  0.3156676667E+00  0.2266730946E+00 
 2008  1740    30  0.7814300000E+00  0.8991694371E-01 
 2008  1746    30  0.1117003333E+01  0.2916596812E+00 
 2008  1752    30  0.1021855000E+01  0.5539721948E+00 
 2008  1758    30  0.9425067000E+00  0.4365584212E+00 
 2008  1764    30  0.5593266667E+00  0.1508547180E+00 
 2008  1770    30  0.4118094333E+00  0.2408785260E+00 
 2008  1776    30  0.7391460000E-01  0.2492174895E+00 
 2008  1782    30  0.1666400000E-02  0.1703281656E+00 
 2008  1788    30  -0.1600317000E+00  0.1346955075E+00 
 2008  1794    30  -0.1682486667E+00  0.1851200454E+00 
 2008  1800    30  0.2732696667E-01  0.1114497054E+00 
 2008  1806    30  0.2509616667E-01  0.2339381381E+00 
 2008  1812    30  -0.3239400000E+00  0.7365055601E-01 
 2008  1818    30  -0.4407666667E+00  0.1271127592E+00 
 2008  1824    30  -0.6003066667E+00  0.1423062143E+00 
 2008  1830    30  -0.5472933333E+00  0.3129314557E+00 
 2008  1836    30  -0.6564413333E+00  0.4047877526E+00 
 2008  1842    30  -0.5012666667E+00  0.3233406071E+00 
 2008  1848    30  -0.5434333333E+00  0.2617397541E+00 
 2008  1854    30  -0.2786847000E+00  0.3249133698E+00 
 2008  1860    30  -0.5177064100E+00  0.3706640946E+00 
 2008  1866    30  -0.1452766000E+00  0.3866743744E+00 
 2008  1872    30  -0.3297796667E+00  0.3083158030E+00 
 2008  1878    30  -0.2737973333E+00  0.2025455078E+00 
 2008  1884    30  -0.1091932000E+00  0.2414727498E+00 
 2008  1890    30  0.4214589333E+00  0.2116661933E+00 
 2008  1896    30  0.4927733333E+00  0.1359239884E+00 
 2008  1902    30  0.8052900000E+00  0.2096642480E+00 
 2008  1908    30  0.7001953333E+00  0.3580722878E+00 
 2008  1914    30  0.6562593333E+00  0.4599056381E+00 
 2008  1920    30  0.1044141167E+01  0.4817546233E+00 
 2008  1926    30  0.1077580000E+01  0.4956629072E+00 
 2008  1932    30  0.1314373333E+01  0.5070230685E+00 
 2008  1938    30  0.1743726667E+01  0.7112986011E+00 
 2008  1944    30  0.1738786667E+01  0.1090648708E+01 
 2008  1950    30  0.1550283333E+01  0.1179296545E+01 
 2008  1956    30  0.9902663333E+00  0.7971742432E+00 
 2008  1962    30  -0.2121866667E-01  0.3560693737E+00 
 2008  1968    30  -0.9092333333E+00  0.3215326239E+00 
 2008  1974    30  -0.1053073667E+01  0.7949818319E+00 
 2008  1980    30  -0.1014352333E+01  0.7795011643E+00 
 2008  1986    30  -0.1268117667E+01  0.6405496429E+00 
 2008  1992    30  -0.1031729667E+01  0.6818936041E+00 
 2008  1998    30  -0.6203053333E+00  0.6020088752E+00 
 2008  2004    30  -0.2373716667E+00  0.4362758440E+00 
 2008  2010    30  0.3563433333E+00  0.1713156554E+00 
 2008  2016    30  0.5723200000E+00  0.1678448657E+00 
 2008  2022    30  0.8023806667E+00  0.4547363557E+00 
 2008  2028    30  0.9130876667E+00  0.4836577678E+00 
 2008  2034    30  0.9767454667E+00  0.6097204577E+00 
 2008  2040    30  0.1583833333E+01  0.5784865313E+00 
 2008  2046    30  0.1490066667E+01  0.6363441256E+00 
 2008  2052    30  0.1221977000E+01  0.7065916783E+00 
 2008  2058    30  0.1193917667E+01  0.5492203851E+00 
 2008  2064    30  0.5923836667E+00  0.4575812667E+00 
 2008  2070    30  0.6464080000E+00  0.4296626989E+00 
 2008  2076    30  0.5398660000E+00  0.3683752486E+00 
 2008  2082    30  0.9461166667E+00  0.3658432088E+00 
 2008  2088    30  0.1165180000E+01  0.4027592659E+00 
 2008  2094    30  0.1370663333E+01  0.3609571355E+00 
 2008  2100    30  0.1595890000E+01  0.4335910534E+00 
 2008  2106    30  0.2260900000E+01  0.4541392114E+00 
 2008  2112    30  0.2776900000E+01  0.6246433836E+00 
 2008  2118    30  0.3383166667E+01  0.7448783383E+00 
 2008  2124    30  0.3804933333E+01  0.8816627448E+00 
 2008  2130    30  0.4034066667E+01  0.1150276313E+01 
 2008  2136    30  0.4073333333E+01  0.1516702945E+01 
 2008  2142    30  0.4099450000E+01  0.1516245046E+01 
 2008  2148    30  0.3969183333E+01  0.1438111021E+01 
 2008  2154    30  0.3467423333E+01  0.1410853251E+01 
 2008  2160    30  0.2944759000E+01  0.1433601114E+01 
 2008  2166    30  0.2001926333E+01  0.1073616951E+01 
 2008  2172    30  0.1053116667E+01  0.6000795084E+00 
 2008  2178    30  0.2607110000E+00  0.1958315416E+00 
 2008  2184    30  -0.5853600000E+00  0.2188561424E+00 
 2008  2190    30  -0.4468533333E+00  0.1500519260E+00 
 2008  2196    30  -0.7049833333E+00  0.2993921443E+00 
 2008  2202    30  -0.1035756667E+01  0.4610753537E+00 
 2008  2208    30  -0.1312846667E+01  0.4748435221E+00 
 2008  2214    30  -0.1597466667E+01  0.4104736040E+00 
 2008  2220    30  -0.1746616667E+01  0.5031307107E+00 
 2008  2226    30  -0.1967306667E+01  0.8418109340E+00 
 2008  2232    30  -0.2388883333E+01  0.1069844244E+01 
 2008  2238    30  -0.1979943333E+01  0.1316070397E+01 
 2008  2244    30  -0.1349952067E+01  0.1266520600E+01 
 2008  2250    30  -0.6806476667E+00  0.8547527184E+00 
 2008  2256    30  -0.3271910000E+00  0.3997568881E+00 
 2008  2262    30  0.2960946667E+00  0.1095904048E+00 
 2008  2268    30  0.7368733333E+00  0.2921821109E+00 
 2008  2274    30  0.1085902000E+01  0.5123557147E+00 
 2008  2280    30  0.1197770667E+01  0.5356326424E+00 
 2008  2286    30  0.7861120000E+00  0.4575184843E+00 
 2008  2292    30  0.1608840333E+00  0.3342353740E+00 
 2008  2298    30  -0.3095200000E+00  0.1141425524E+00 
 2008  2304    30  -0.2180497667E+00  0.2560252448E+00 
 2008  2310    30  0.3572406667E-01  0.5718199946E+00 
 2008  2316    30  0.7192566667E+00  0.4431037468E+00 
 2008  2322    30  0.1347100000E+01  0.1270108526E+00 
 2008  2328    30  0.2150233333E+01  0.2209715945E+00 
 2008  2334    30  0.2956366667E+01  0.4764149790E+00 
 2008  2340    30  0.3180266667E+01  0.6573088028E+00 
 2008  2346    30  0.3093170000E+01  0.1118153727E+01 
 2008  2352    30  0.2189670000E+01  0.1463829863E+01 
 2008  2358    30  0.1902950000E+01  0.1269561988E+01 
 2008  2364    30  0.1767880000E+01  0.6290931793E+00 
 2008  2370    30  0.1100380000E+01  0.2476964142E+00 
 2008  2376    30  0.1976280000E+00  0.1245899390E+00 
 2008  2382    30  -0.2047976667E+00  0.3053027219E+00 
 2008  2388    30  -0.1337863333E+00  0.5719912385E+00 
 2008  2394    30  0.4162670000E+00  0.5680741053E+00 
 2008  2400    30  0.9656066667E+00  0.3987440189E+00 
 2008  2406    30  0.9924700000E+00  0.3304886888E+00 
 2008  2412    30  0.8644343333E+00  0.5420923264E+00 
 2008  2418    30  0.7912950000E+00  0.5030992527E+00 
 2008  2424    30  -0.1989653333E+00  0.4755677245E+00 
 2008  2430    30  0.2858566667E-01  0.1547993180E+00 
 2008  2436    30  -0.1593260000E+00  0.1644414849E+00 
 2008  2442    30  -0.2890360667E+00  0.2201099316E+00 
 2008  2448    30  0.5308953333E+00  0.1609616284E+00 
 2008  2454    30  0.1232700000E+01  0.1776724289E+00 
 2008  2460    30  0.1876683333E+01  0.4151265366E+00 
 2008  2466    30  0.1975770000E+01  0.5649278244E+00 
 2008  2472    30  0.2038116667E+01  0.7066091112E+00 
 2008  2478    30  0.2080890000E+01  0.6484412594E+00 
 2008  2484    30  0.2064380000E+01  0.7102184126E+00 
 2008  2490    30  0.2283773333E+01  0.7313508980E+00 
 2008  2496    30  0.2558096667E+01  0.8814063681E+00 
 2008  2502    30  0.2892686667E+01  0.9779056760E+00 
 2008  2508    30  0.3219100000E+01  0.8377064064E+00 
 2008  2514    30  0.2932766667E+01  0.9148950280E+00 
 2008  2520    30  0.2465470333E+01  0.1124996597E+01 
 2008  2526    30  0.2127596667E+01  0.8536803592E+00 
 2008  2532    30  0.1899643333E+01  0.3693535106E+00 
 2008  2538    30  0.1460500000E+01  0.1026381183E+00 
 2008  2544    30  0.1279410000E+01  0.2289998491E+00 
 2008  2550    30  0.1604033333E+01  0.2302790312E+00 
 2008  2556    30  0.1866900000E+01  0.1221557339E+00 
 2008  2562    30  0.2177200000E+01  0.1275911178E+00 
 2008  2568    30  0.2273866667E+01  0.2919668627E+00 
 2008  2574    30  0.2742633333E+01  0.2907472537E+00 
 2008  2580    30  0.3145866667E+01  0.5401831624E+00 
 2008  2586    30  0.3088033333E+01  0.8460636100E+00 
 2008  2592    30  0.3251766667E+01  0.8140608775E+00 
 2008  2598    30  0.3097533333E+01  0.7206508509E+00 
 2008  2604    30  0.2975366667E+01  0.8280674080E+00 
 2008  2610    30  0.2970700000E+01  0.5645082905E+00 
 2008  2616    30  0.2790333333E+01  0.3508156528E+00 
 2008  2622    30  0.2588300000E+01  0.2477562175E+00 
 2008  2628    30  0.2308266667E+01  0.2031934929E+00 
 2008  2634    30  0.1996233333E+01  0.2461849824E+00 
 2008  2640    30  0.1286210000E+01  0.2809438192E+00 
 2008  2646    30  0.1362133333E+01  0.2069389175E+00 
 2008  2652    30  0.1837133333E+01  0.3835562308E+00 
 2008  2658    30  0.2030800000E+01  0.1787826241E+00 
 2008  2664    30  0.1973650000E+01  0.5240101810E+00 
 2008  2670    30  0.1202455000E+01  0.5726244782E+00 
 2008  2676    30  -0.2502602000E+00  0.1892569936E+00 
 2008  2682    30  -0.2343833333E+01  0.4885206296E+00 
 2008  2688    30  -0.4336400000E+01  0.9518213278E+00 
 2008  2694    30  -0.4443300000E+01  0.1303174768E+01 
 2008  2700    30  -0.4172016667E+01  0.1527689238E+01 
 2008  2706    30  -0.4111013333E+01  0.1711539625E+01 
 2008  2712    30  -0.4381213333E+01  0.1726776754E+01 
 2008  2718    30  -0.4046806667E+01  0.2049113077E+01 
 2008  2724    30  -0.3497196667E+01  0.2112882449E+01 
 2008  2730    30  -0.2160940000E+01  0.1641711059E+01 
 2008  2736    30  -0.6269606667E+00  0.7453599433E+00 
 2008  2742    30  0.5094633333E+00  0.2293333432E+00 
 2008  2748    30  0.3086533333E+00  0.1252830723E+00 
 2008  2754    30  -0.9965166667E-01  0.1508225166E+00 
 2008  2760    30  -0.4079719667E+00  0.4964877129E+00 
 2008  2766    30  0.1872333333E-01  0.9248827553E+00 
 2008  2772    30  0.3014184667E+00  0.1077742415E+01 
 2008  2778    30  0.1285829333E+01  0.1184701686E+01 
 2008  2784    30  0.1799878600E+01  0.1362007010E+01 
 2008  2790    30  0.2456804667E+01  0.1279169722E+01 
 2008  2796    30  0.2227762333E+01  0.1340470053E+01 
 2008  2802    30  0.1754826667E+01  0.1435050137E+01 
 2008  2808    30  0.1144023333E+01  0.1140584722E+01 
 2008  2814    30  0.1116729633E+01  0.6031488563E+00 
 2008  2820    30  0.6122643333E+00  0.4690792455E+00 
 2008  2826    30  0.7308016667E+00  0.4363914436E+00 
 2008  2832    30  0.9718923333E+00  0.5032133168E+00 
 2008  2838    30  0.1052716333E+01  0.6750683996E+00 
 2008  2844    30  0.1143077667E+01  0.9772029478E+00 
 2008  2850    30  0.1100979000E+01  0.8679594503E+00 
 2008  2856    30  0.1027210000E+01  0.7938262418E+00 
 2008  2862    30  0.1058929000E+01  0.7251436965E+00 
 2008  2868    30  0.9352943333E+00  0.7841337045E+00 
 2008  2874    30  0.7956080000E+00  0.6899642335E+00 
 2008  2880    30  0.4260053667E+00  0.6838468747E+00 
 2008  2886    30  0.7892596667E+00  0.4568894757E+00 
 2008  2892    30  0.9378760000E+00  0.3686996883E+00 
 2008  2898    30  0.1139663333E+01  0.3433658180E+00 
 2008  2904    30  0.1150071333E+01  0.5037064494E+00 
 2008  2910    30  0.1514930000E+01  0.4706499380E+00 
 2008  2916    30  0.1473403667E+01  0.6717246221E+00 
 2008  2922    30  0.2042153333E+01  0.5581074435E+00 
 2008  2928    30  0.2531300000E+01  0.5449058726E+00 
 2008  2934    30  0.2964100000E+01  0.7895658448E+00 
 2008  2940    30  0.3357766667E+01  0.1048600422E+01 
 2008  2946    30  0.3825833333E+01  0.1254038492E+01 
 2008  2952    30  0.4104566667E+01  0.1409997321E+01 
 2008  2958    30  0.4260800000E+01  0.1324226954E+01 
 2008  2964    30  0.4171466667E+01  0.1338025255E+01 
 2008  2970    30  0.3431366667E+01  0.1316745784E+01 
 2008  2976    30  0.2657402667E+01  0.1206572749E+01 
 2008  2982    30  0.2234666667E+01  0.8537982890E+00 
 2008  2988    30  0.2843633333E+01  0.5161556279E+00 
 2008  2994    30  0.2782600000E+01  0.5696641467E+00 
 2008  3000    30  0.3136700000E+01  0.9762967155E+00 
 2008  3006    30  0.3974066667E+01  0.1112797134E+01 
 2008  3012    30  0.4288966667E+01  0.1512968638E+01 
 2008  3018    30  0.4391026667E+01  0.1952473814E+01 
 2008  3024    30  0.4475420667E+01  0.2112174317E+01 
 2008  3030    30  0.4523013333E+01  0.2219617379E+01 
 2008  3036    30  0.4406422000E+01  0.2249895032E+01 
 2008  3042    30  0.4311161333E+01  0.1943921660E+01 
 2008  3048    30  0.4275023333E+01  0.1856512882E+01 
 2008  3054    30  0.4103090000E+01  0.1767513314E+01 
 2008  3060    30  0.4035346667E+01  0.1741070585E+01 
 2008  3066    30  0.3985453333E+01  0.1734080999E+01 
 2008  3072    30  0.3993526667E+01  0.1754219082E+01 
 2008  3078    30  0.3834020000E+01  0.1641239944E+01 
 2008  3084    30  0.3277436667E+01  0.1418995929E+01 
 2008  3090    30  0.3220290000E+01  0.1222746203E+01 
 2008  3096    30  0.2615073667E+01  0.1364590326E+01 
 2008  3102    30  0.2309656667E+01  0.1231566040E+01 
 2008  3108    30  0.1930802333E+01  0.9412623618E+00 
 2008  3114    30  0.1894033333E+01  0.6466444305E+00 
 2008  3120    30  0.1576447733E+01  0.7001456845E+00 
 2008  3126    30  0.1155072333E+01  0.5933913694E+00 
 2008  3132    30  0.7294532467E+00  0.3869609035E+00 
 2008  3138    30  0.4079456667E+00  0.2254969063E+00 
 2008  3144    30  0.4909116667E+00  0.3213683318E+00 
 2008  3150    30  0.8544700000E+00  0.1970321922E+00 
 2008  3156    30  0.9470933333E+00  0.1759146515E+00 
 2008  3162    30  0.1246720000E+01  0.2751620909E+00 
 2008  3168    30  0.1348043333E+01  0.4854753297E+00 
 2008  3174    30  0.1698103333E+01  0.4687616441E+00 
 2008  3180    30  0.2086233333E+01  0.4128843812E+00 
 2008  3186    30  0.2195166667E+01  0.4105347800E+00 
 2008  3192    30  0.2067096667E+01  0.5172455745E+00 
 2008  3198    30  0.2311833333E+01  0.4800165333E+00 
 2008  3204    30  0.2410406667E+01  0.7322696666E+00 
 2008  3210    30  0.2319146667E+01  0.7630249322E+00 
 2008  3216    30  0.2523333333E+01  0.6693685748E+00 
 2008  3222    30  0.2909800000E+01  0.5483874178E+00 
 2008  3228    30  0.3492633333E+01  0.8727275437E+00 
 2008  3234    30  0.3535610000E+01  0.1250663674E+01 
 2008  3240    30  0.3956413333E+01  0.1511728155E+01 
 2008  3246    30  0.3980313333E+01  0.1538252289E+01 
 2008  3252    30  0.3875750000E+01  0.1636429630E+01 
 2008  3258    30  0.3403456667E+01  0.1563859906E+01 
 2008  3264    30  0.3626386667E+01  0.1474339050E+01 
 2008  3270    30  0.3380300000E+01  0.1149044985E+01 
 2008  3276    30  0.3316000000E+01  0.9755881645E+00 
 2008  3282    30  0.2921706667E+01  0.8344164200E+00 
 2008  3288    30  0.2981013333E+01  0.8657756321E+00 
 2008  3294    30  0.2526466667E+01  0.5104774062E+00 
 2008  3300    30  0.2075983333E+01  0.5422435849E+00 
 2008  3306    30  0.1076623333E+01  0.3484725515E+00 
 2008  3312    30  0.8622733333E+00  0.2927134947E+00 
 2008  3318    30  0.2097385000E+00  0.2680357361E+00 
 2008  3324    30  -0.2511769333E+00  0.1300083703E+00 
 2008  3330    30  -0.2893373333E+00  0.5301562223E+00 
 2008  3336    30  -0.4491706667E+00  0.6834775778E+00 
 2008  3342    30  -0.1848753333E+00  0.8407759728E+00 
 2008  3348    30  -0.9911933333E-01  0.7526402231E+00 
 2008  3354    30  -0.6303446667E+00  0.6579772574E+00 
 2008  3360    30  -0.5736960000E+00  0.6242136712E+00 
 2008  3366    30  -0.5789933333E-01  0.7569056155E+00 
 2008  3372    30  0.1004686667E+01  0.3367874124E+00 
 2008  3378    30  0.1609966667E+01  0.2599635209E+00 
 2008  3384    30  0.1282153333E+01  0.5005432540E+00 
 2008  3390    30  0.4409400000E-01  0.3505854030E+00 
 2008  3396    30  -0.1191100000E+01  0.5619095419E-01 
 2008  3402    30  -0.1679383333E+01  0.5213128971E+00 
 2008  3408    30  -0.1592190000E+01  0.7468674302E+00 
 2008  3414    30  -0.7546883333E+00  0.9488927179E+00 
 2008  3420    30  -0.3434420000E+00  0.6424761989E+00 
 2008  3426    30  -0.2790436667E+00  0.3872944177E+00 
 2008  3432    30  -0.4373325333E+00  0.3922094266E+00 
 2008  3438    30  -0.6058530000E+00  0.7184675809E+00 
 2008  3444    30  -0.1017333333E+01  0.1136971008E+01 
 2008  3450    30  -0.1135037433E+01  0.1347075414E+01 
 2008  3456    30  -0.1181710333E+01  0.1268035339E+01 
 2008  3462    30  -0.6503133333E+00  0.1279911624E+01 
 2008  3468    30  -0.1273636667E+00  0.9012868722E+00 
 2008  3474    30  0.5069319333E+00  0.5430922988E+00 
 2008  3480    30  0.9410366667E+00  0.2519505090E+00 
 2008  3486    30  0.3493266667E+00  0.5866921926E-01 
 2008  3492    30  -0.4412300000E+00  0.1731095071E+00 
 2008  3498    30  -0.1096040000E+01  0.1465623271E+00 
 2008  3504    30  -0.1097676667E+01  0.2779153416E+00 
 2008  3510    30  -0.6936036667E+00  0.5984640060E+00 
 2008  3516    30  -0.8761780000E+00  0.6188530515E+00 
 2008  3522    30  -0.7796516667E+00  0.6709463800E+00 
 2008  3528    30  -0.8706903333E+00  0.4803984643E+00 
 2008  3534    30  -0.2929833333E+00  0.5783155104E+00 
 2008  3540    30  -0.1697153333E+00  0.4665192669E+00 
 2008  3546    30  -0.5380200000E+00  0.2951779434E+00 
 2008  3552    30  -0.6528033333E+00  0.2185275368E+00 
 2008  3558    30  -0.1277830000E+01  0.4254269378E+00 
 2008  3564    30  -0.2847333333E+01  0.3343899254E+00 
 2008  3570    30  -0.3518966667E+01  0.6485953275E+00 
 2008  3576    30  -0.3226133333E+01  0.7713703275E+00 
 2008  3582    30  -0.2443480000E+01  0.9067172266E+00 
 2008  3588    30  -0.2377150000E+01  0.9300670190E+00 
 2008  3594    30  -0.2633410000E+01  0.9911277988E+00 
 2008  3600    30  -0.3624766667E+01  0.1121392250E+01 
 2008  3606    30  -0.4206166667E+01  0.1608817932E+01 
 2008  3612    30  -0.3946923333E+01  0.1885801927E+01 
 2008  3618    30  -0.3823713333E+01  0.1718354859E+01 
 2008  3624    30  -0.3874600000E+01  0.1245291923E+01 
 2008  3630    30  -0.3860803333E+01  0.1520903791E+01 
 2008  3636    30  -0.4455800000E+01  0.1759479817E+01 
 2008  3642    30  -0.5053556667E+01  0.2110841540E+01 
 2008  3648    30  -0.4171995000E+01  0.2014664420E+01 
 2008  3654    30  -0.2813260333E+01  0.1756368366E+01 
 2008  3660    30  -0.1903819333E+01  0.1014225443E+01 
 2008  3666    30  -0.3295203333E+00  0.5669873633E+00 
 2008  3672    30  0.8659000000E+00  0.1373800713E+00 
 2008  3678    30  0.1056513333E+01  0.4218448362E+00 
 2008  3684    30  0.9705063333E+00  0.5581802497E+00 
 2008  3690    30  0.6638830000E+00  0.6994867072E+00 
 2008  3696    30  0.2314600000E+00  0.9005271925E+00 
 2008  3702    30  0.1856906667E+00  0.5240757864E+00 
 2008  3708    30  0.1248723333E+00  0.2557612337E+00 
 2008  3714    30  -0.3829933333E+00  0.8223596104E-01 
 2008  3720    30  -0.4731335000E+00  0.2523370516E+00 
 2008  3726    30  -0.3609983333E+00  0.2979738425E+00 
 2008  3732    30  -0.2539953333E+00  0.2535638127E+00 
 2008  3738    30  0.3663820000E+00  0.2578226305E+00 
 2008  3744    30  0.1009180000E+01  0.3216952019E+00 
 2008  3750    30  0.1995060000E+01  0.5633486284E+00 
 2008  3756    30  0.2128925667E+01  0.1003433812E+01 
 2008  3762    30  0.2199652667E+01  0.1241112017E+01 
 2008  3768    30  0.1860872867E+01  0.1450057949E+01 
 2008  3774    30  0.1573016667E+01  0.1189504520E+01 
 2008  3780    30  0.1017386667E+01  0.1237601054E+01 
 2008  3786    30  0.5699523333E+00  0.1228914808E+01 
 2008  3792    30  0.4711626667E+00  0.1003291676E+01 
 2008  3798    30  0.2697880000E+00  0.6683635624E+00 
 2008  3804    30  -0.1721885667E+00  0.5985115412E+00 
 2008  3810    30  0.7006630000E+00  0.7009337219E+00 
 2008  3816    30  0.1765860667E+01  0.1000447736E+01 
 2008  3822    30  0.2323670000E+01  0.1443667879E+01 
 2008  3828    30  0.2119876667E+01  0.1422769643E+01 
 2008  3834    30  0.1741546667E+01  0.1078098594E+01 
 2008  3840    30  0.1243834000E+01  0.8482170859E+00 
 2008  3846    30  0.1047432667E+01  0.4891979068E+00 
 2008  3852    30  0.4630350000E+00  0.3024265480E+00 
 2008  3858    30  0.1863506667E+00  0.3802224040E+00 
 2008  3864    30  0.4315943333E+00  0.4954447666E+00 
 2008  3870    30  0.9148600000E+00  0.2937106531E+00 
 2008  3876    30  0.8581000000E+00  0.2757481532E+00 
 2008  3882    30  0.8758238000E+00  0.3530519712E+00 
 2008  3888    30  0.1172423333E+01  0.3918680158E+00 
 2008  3894    30  0.1592800000E+01  0.2694470140E+00 
 2008  3900    30  0.1556593333E+01  0.5807807337E+00 
 2008  3906    30  0.1491452667E+01  0.6770267751E+00 
 2008  3912    30  0.2077515667E+01  0.9273083065E+00 
 2008  3918    30  0.2473496667E+01  0.9064375303E+00 
 2008  3924    30  0.2854930000E+01  0.1116206760E+01 
 2008  3930    30  0.2823194333E+01  0.1452592479E+01 
 2008  3936    30  0.2775966667E+01  0.1706130337E+01 
 2008  3942    30  0.2844403333E+01  0.1440288162E+01 
 2008  3948    30  0.2328856000E+01  0.1297056031E+01 
 2008  3954    30  0.1912937333E+01  0.8825950420E+00 
 2008  3960    30  0.1606596667E+01  0.5327083708E+00 
 2008  3966    30  0.1745666667E+01  0.2010231054E+00 
 2008  3972    30  0.1713500000E+01  0.2754273952E+00 
 2008  3978    30  0.1835263333E+01  0.4843911838E+00 
 2008  3984    30  0.2531483333E+01  0.7087541238E+00 
 2008  3990    30  0.3168966667E+01  0.7530398610E+00 
 2008  3996    30  0.3574966667E+01  0.1003335420E+01 
 2008  4002    30  0.3751116667E+01  0.1262133139E+01 
 2008  4008    30  0.3692880000E+01  0.1523544823E+01 
 2008  4014    30  0.3511920000E+01  0.1450534279E+01 
 2008  4020    30  0.3536526667E+01  0.1408077749E+01 
 2008  4026    30  0.3534176667E+01  0.1273171852E+01 
 2008  4032    30  0.3495173333E+01  0.1319597473E+01 
 2008  4038    30  0.3510250000E+01  0.1236504150E+01 
 2008  4044    30  0.3244116667E+01  0.1426703390E+01 
 2008  4050    30  0.2649921333E+01  0.1318067357E+01 
 2008  4056    30  0.2197647333E+01  0.1087830709E+01 
 2008  4062    30  0.1633492667E+01  0.8714708032E+00 
 2008  4068    30  0.1308549733E+01  0.8751035397E+00 
 2008  4074    30  0.1468806667E+01  0.5692043118E+00 
 2008  4080    30  0.1446476667E+01  0.4905444667E+00 
 2008  4086    30  0.9949082900E+00  0.4653495381E+00 
 2008  4092    30  0.6897786667E+00  0.5576749133E+00 
 2008  4098    30  0.4460243333E+00  0.2784258582E+00 
 2008  4104    30  0.1046180000E+01  0.3288197494E+00 
 2008  4110    30  0.1069646667E+01  0.1863520123E+00 
 2008  4116    30  0.1376226667E+01  0.3377449214E+00 
 2008  4122    30  0.1521756667E+01  0.3192034134E+00 
 2008  4128    30  0.1895226667E+01  0.4998490192E+00 
 2008  4134    30  0.2121110000E+01  0.6293844900E+00 
 2008  4140    30  0.2708083333E+01  0.9223760896E+00 
 2008  4146    30  0.2788706667E+01  0.8498111802E+00 
 2008  4152    30  0.3189563333E+01  0.1004107350E+01 
 2008  4158    30  0.3546400000E+01  0.1098222886E+01 
 2008  4164    30  0.3670420000E+01  0.1306394472E+01 
 2008  4170    30  0.3313883333E+01  0.1165404086E+01 
 2008  4176    30  0.3453226667E+01  0.1119087210E+01 
 2008  4182    30  0.3100006667E+01  0.9263338858E+00 
 2008  4188    30  0.2805993333E+01  0.1081517821E+01 
 2008  4194    30  0.3138200000E+01  0.8673568047E+00 
 2008  4200    30  0.3728933333E+01  0.1007430128E+01 
 2008  4206    30  0.4270100000E+01  0.1169786030E+01 
 2008  4212    30  0.4513633333E+01  0.1565259179E+01 
 2008  4218    30  0.4628233333E+01  0.1623189631E+01 
 2008  4224    30  0.4322390000E+01  0.1777811684E+01 
 2008  4230    30  0.4473390000E+01  0.1634702388E+01 
 2008  4236    30  0.4000747667E+01  0.1776147001E+01 
 2008  4242    30  0.3419658667E+01  0.1640334456E+01 
 2008  4248    30  0.2505920000E+01  0.1551944449E+01 
 2008  4254    30  0.1770723333E+01  0.1046944362E+01 
 2008  4260    30  -0.1419220000E+00  0.7539576873E+00 
 2008  4266    30  -0.1134666667E+01  0.1994536944E+00 
 2008  4272    30  -0.1550359133E+01  0.8151584669E+00 
 2008  4278    30  -0.1963943333E+01  0.1186609949E+01 
 2008  4284    30  -0.2607553333E+01  0.1108535907E+01 
 2008  4290    30  -0.2735936667E+01  0.1372084471E+01 
 2008  4296    30  -0.3452503333E+01  0.1275189672E+01 
 2008  4302    30  -0.3958933333E+01  0.1473956533E+01 
 2008  4308    30  -0.4162636667E+01  0.1573071092E+01 
 2008  4314    30  -0.4082700000E+01  0.1928567348E+01 
 2008  4320    30  -0.4210680000E+01  0.1932403191E+01 
 2008  4326    30  -0.4131514333E+01  0.2176057315E+01 
 2008  4332    30  -0.4428260000E+01  0.1903797413E+01 
 2008  4338    30  -0.4095833333E+01  0.1712641407E+01 
 2008  4344    30  -0.3722466667E+01  0.1507223109E+01 
 2008  4350    30  -0.3456080000E+01  0.1646940485E+01 
 2008  4356    30  -0.2988460000E+01  0.1683219469E+01 
 2008  4362    30  -0.3047398667E+01  0.1747515288E+01 
 2008  4368    30  -0.2689600333E+01  0.1423311352E+01 
 2008  4374    30  -0.2355569667E+01  0.1356877491E+01 
 2008  4380    30  -0.2188224667E+01  0.1107468009E+01 
 2008  4386    30  -0.1761511333E+01  0.1014320360E+01 
 2008  4392    30  -0.1748694000E+01  0.9120865519E+00 
 2008  4398    30  -0.1578592333E+01  0.8812114511E+00 
 2008  4404    30  -0.1919913333E+01  0.4875497833E+00 
 2008  4410    30  -0.9056823333E+00  0.5573883705E+00 
 2008  4416    30  -0.2612416667E+00  0.3555134711E+00 
 2008  4422    30  0.3591766667E+00  0.1944188360E+00 
 2008  4428    30  0.9637866667E+00  0.3435010099E+00 
 2008  4434    30  0.8652826667E+00  0.4620120322E+00 
 2008  4440    30  0.5570818667E+00  0.4257959591E+00 
 2008  4446    30  0.3025540000E+00  0.1697041106E+00 
 2008  4452    30  -0.7409133333E+00  0.1837349626E+00 
 2008  4458    30  -0.1271546667E+01  0.2422225846E+00 
 2008  4464    30  -0.2017860000E+01  0.6398068394E+00 
 2008  4470    30  -0.2063980000E+01  0.7484580070E+00 
 2008  4476    30  -0.1897900000E+01  0.3881743895E+00 
 2008  4482    30  -0.1117090000E+01  0.4542370346E+00 
 2008  4488    30  -0.8242966667E+00  0.4073260950E+00 
 2008  4494    30  -0.1830973333E+01  0.6903343306E+00 
 2008  4500    30  -0.3557566667E+01  0.9172604749E+00 
 2008  4506    30  -0.4899200000E+01  0.1749582796E+01 
 2008  4512    30  -0.5047170000E+01  0.2365111087E+01 
 2008  4518    30  -0.4401410000E+01  0.2419473885E+01 
 2008  4524    30  -0.3442106667E+01  0.2169576128E+01 
 2008  4530    30  -0.2061584667E+01  0.1665741504E+01 
 2008  4536    30  -0.1963026000E+01  0.9546803569E+00 
 2008  4542    30  -0.1720473333E+01  0.6287443741E+00 
 2008  4548    30  -0.1864266667E+01  0.5337594142E+00 
 2008  4554    30  -0.1936622533E+01  0.1055038156E+01 
 2008  4560    30  -0.2652243333E+01  0.1280388182E+01 
 2008  4566    30  -0.2667392267E+01  0.1649734232E+01 
 2008  4572    30  -0.2421657000E+01  0.1737518298E+01 
 2008  4578    30  -0.2518620000E+01  0.1592067624E+01 
 2008  4584    30  -0.8825900000E+00  0.1474037208E+01 
 2008  4590    30  -0.3383333333E-01  0.1244996163E+01 
 2008  4596    30  0.2555101000E+00  0.5182062706E+00 
 2008  4602    30  0.4631281000E+00  0.4142000208E+00 
 2008  4608    30  0.2101391000E+00  0.2070381249E+00 
 2008  4614    30  0.8023196667E-01  0.2610337020E+00 
 2008  4620    30  0.5544366667E+00  0.2179219700E+00 
 2008  4626    30  0.1204160000E+01  0.3804076109E+00 
 2008  4632    30  0.2158933333E+01  0.2559016651E+00 
 2008  4638    30  0.3036433333E+01  0.7618229315E+00 
 2008  4644    30  0.3471310000E+01  0.1418565322E+01 
 2008  4650    30  0.3666596667E+01  0.1740835633E+01 
 2008  4656    30  0.3230281667E+01  0.1980521591E+01 
 2008  4662    30  0.2379932000E+01  0.1820698809E+01 
 2008  4668    30  0.1689382000E+01  0.1450440232E+01 
 2008  4674    30  0.1573596667E+01  0.5090127729E+00 
 2008  4680    30  0.1868600000E+01  0.1868235531E+00 
 2008  4686    30  0.1967133333E+01  0.1774909826E+00 
 2008  4692    30  0.1653033333E+01  0.1883957684E+00 
 2008  4698    30  0.1040163333E+01  0.1795138945E+00 
 2008  4704    30  0.1293690000E+01  0.1763895506E+00 
 2008  4710    30  0.1778766667E+01  0.2407024004E+00 
 2008  4716    30  0.2089566667E+01  0.2563451688E+00 
 2008  4722    30  0.2506633333E+01  0.3630328253E+00 
 2008  4728    30  0.3304433333E+01  0.6650071520E+00 
 2008  4734    30  0.3913866667E+01  0.9900856775E+00 
 2008  4740    30  0.3522866667E+01  0.1288546856E+01 
 2008  4746    30  0.3197953333E+01  0.1238940334E+01 
 2008  4752    30  0.3840710000E+01  0.1245996385E+01 
 2008  4758    30  0.3783526667E+01  0.1297388728E+01 
 2008  4764    30  0.3476716667E+01  0.1432932182E+01 
 2008  4770    30  0.2623983333E+01  0.1064441494E+01 
 2008  4776    30  0.2202900000E+01  0.7970574609E+00 
 2008  4782    30  0.3244400000E+01  0.5367183992E+00 
 2008  4788    30  0.4579933333E+01  0.9801702210E+00 
 2008  4794    30  0.5149133333E+01  0.1318089065E+01 
 2008  4800    30  0.5138170000E+01  0.1878071441E+01 
 2008  4806    30  0.3703750000E+01  0.2035557338E+01 
 2008  4812    30  0.3431398333E+01  0.1913902461E+01 
 2008  4818    30  0.2703386667E+01  0.1428572041E+01 
 2008  4824    30  0.1794706333E+01  0.8571362531E+00 
 2008  4830    30  0.1832463333E+01  0.5568588316E+00 
 2008  4836    30  0.2779960000E+01  0.9596776450E+00 
 2008  4842    30  0.3219436667E+01  0.1061573677E+01 
 2008  4848    30  0.2598000000E+01  0.1213265626E+01 
 2008  4854    30  0.1865539667E+01  0.9273948568E+00 
 2008  4860    30  0.2449933333E+01  0.5196450028E+00 
 2008  4866    30  0.2304333333E+01  0.1686387329E+00 
 2008  4872    30  0.3464400000E+01  0.2680065422E+00 
 2008  4878    30  0.3611633333E+01  0.7446815195E+00 
 2008  4884    30  0.3372033333E+01  0.9788023458E+00 
 2008  4890    30  0.3017030000E+01  0.1046039948E+01 
 2008  4896    30  0.2725663333E+01  0.1114399576E+01 
 2008  4902    30  0.7469306667E+00  0.8450309688E+00 
 2008  4908    30  -0.7779013333E+00  0.4870430603E+00 
 2008  4914    30  -0.6286966667E-01  0.8161350368E+00 
 2008  4920    30  0.1233326667E+01  0.8351591604E+00 
 2008  4926    30  0.2919233333E+01  0.2317682295E+00 
 2008  4932    30  0.3265800000E+01  0.1543613509E+00 
 2008  4938    30  0.3305600000E+01  0.2102586661E+00 
 2008  4944    30  0.4071700000E+01  0.4477741358E+00 
 2008  4950    30  0.4302266667E+01  0.1064645479E+01 
 2008  4956    30  0.4291476667E+01  0.1556595457E+01 
 2008  4962    30  0.4451486667E+01  0.1626155655E+01 
 2008  4968    30  0.4424233333E+01  0.1442939631E+01 
 2008  4974    30  0.3814500000E+01  0.1222652683E+01 
 2008  4980    30  0.2627237000E+01  0.1217306260E+01 
 2008  4986    30  0.2289263333E+01  0.7087291333E+00 
 2008  4992    30  0.2105356667E+01  0.6240641461E+00 
 2008  4998    30  0.1600370000E+01  0.4640737529E+00 
 2008  5004    30  0.1100233333E+01  0.2501477381E+00 
 2008  5010    30  0.5232433333E+00  0.1362732370E+00 
 2008  5016    30  0.4748600000E+00  0.1678369916E+00 
 2008  5022    30  0.3446270000E+00  0.2137677815E+00 
 2008  5028    30  0.9449833333E+00  0.7442408250E-01 
 2008  5034    30  0.1795333333E+01  0.2036432065E+00 
 2008  5040    30  0.2387766667E+01  0.3478570284E+00 
 2008  5046    30  0.1957030000E+01  0.6821000783E+00 
 2008  5052    30  0.1433388000E+01  0.9623029703E+00 
 2008  5058    30  0.1038107000E+01  0.7248586700E+00 
 2008  5064    30  0.7648026667E+00  0.6141690712E+00 
 2008  5070    30  0.4418485667E+00  0.3757942597E+00 
 2008  5076    30  0.7202850000E+00  0.3745467577E+00 
 2008  5082    30  0.8817533333E+00  0.2016418190E+00 
 2008  5088    30  0.1352340000E+01  0.3990748590E+00 
 2008  5094    30  0.1524046667E+01  0.5531343175E+00 
 2008  5100    30  0.1689825000E+01  0.7863054137E+00 
 2008  5106    30  0.2154380000E+01  0.7257310009E+00 
 2008  5112    30  0.2369953333E+01  0.6992627783E+00 
 2008  5118    30  0.2706883333E+01  0.8238564794E+00 
 2008  5124    30  0.2874380000E+01  0.1128992890E+01 
 2008  5130    30  0.3508063333E+01  0.1127814847E+01 
 2008  5136    30  0.3761073333E+01  0.1243057964E+01 
 2008  5142    30  0.3525110000E+01  0.1470402529E+01 
 2008  5148    30  0.2357375667E+01  0.1664069771E+01 
 2008  5154    30  0.8980533333E+00  0.1388358153E+01 
 2008  5160    30  0.8862480000E+00  0.8019953035E+00 
 2008  5166    30  0.1155276667E+01  0.4412240925E+00 
 2008  5172    30  0.1793266667E+01  0.2848284786E+00 
 2008  5178    30  0.1593233333E+01  0.1908538155E+00 
 2008  5184    30  0.1789320000E+01  0.4292682839E+00 
 2008  5190    30  0.1632826667E+01  0.5919690628E+00 
 2008  5196    30  0.2231730000E+01  0.6334558744E+00 
 2008  5202    30  0.2618266667E+01  0.5018711610E+00 
 2008  5208    30  0.2891900000E+01  0.6352631135E+00 
 2008  5214    30  0.2552300000E+01  0.8253607902E+00 
 2008  5220    30  0.2049573333E+01  0.8207197365E+00 
 2008  5226    30  0.2007903333E+01  0.5629908563E+00 
 2008  5232    30  0.1469200000E+01  0.5237886921E+00 
 2008  5238    30  0.1055456667E+01  0.3341097541E+00 
 2008  5244    30  0.3413920000E+00  0.2590964095E+00 
 2008  5250    30  0.2392163000E+00  0.2693668616E+00 
 2008  5256    30  0.6993700000E+00  0.3445779159E+00 
 2008  5262    30  0.4463933333E+00  0.2898207698E+00 
 2008  5268    30  -0.1129300667E+00  0.1621214953E+00 
 2008  5274    30  -0.5773318333E+00  0.3861480872E+00 
 2008  5280    30  -0.9124833333E+00  0.4467535906E+00 
 2008  5286    30  -0.1157317667E+01  0.9225214919E+00 
 2008  5292    30  -0.1537588333E+01  0.1258888566E+01 
 2008  5298    30  -0.2018708000E+01  0.1473429456E+01 
 2008  5304    30  -0.1824895333E+01  0.1429293125E+01 
 2008  5310    30  -0.2254653333E+01  0.1477789637E+01 
 2008  5316    30  -0.3421449000E+01  0.1838151768E+01 
 2008  5322    30  -0.3924378333E+01  0.2437774288E+01 
 2008  5328    30  -0.3199880000E+01  0.2384673865E+01 
 2008  5334    30  -0.2338980000E+01  0.1965197571E+01 
 2008  5340    30  -0.1742664333E+01  0.1347927698E+01 
 2008  5346    30  -0.7173926667E+00  0.1272366637E+01 
 2008  5352    30  0.1308670000E+00  0.8288289407E+00 
 2008  5358    30  0.6413436667E+00  0.4900477003E+00 
 2008  5364    30  0.1278400000E+01  0.1347423715E+00 
 2008  5370    30  0.1544093333E+01  0.2862963056E+00 
 2008  5376    30  0.1707760000E+01  0.4850374821E+00 
 2008  5382    30  0.1340460000E+01  0.5265138875E+00 
 2008  5388    30  0.8419247667E+00  0.3573848622E+00 
 2008  5394    30  -0.2780053333E+00  0.1296171432E+00 
 2008  5400    30  -0.1558386667E+01  0.5651800077E+00 
 2008  5406    30  -0.2749806667E+01  0.1284303074E+01 
 2008  5412    30  -0.3796913333E+01  0.1772302991E+01 
 2008  5418    30  -0.4563800000E+01  0.2253825524E+01 
 2008  5424    30  -0.4878923333E+01  0.2471264035E+01 
 2008  5430    30  -0.4748140000E+01  0.2490666538E+01 
 2008  5436    30  -0.4497756667E+01  0.2305411894E+01 
 2008  5442    30  -0.4025290000E+01  0.2291690098E+01 
 2008  5448    30  -0.4172324000E+01  0.2228536828E+01 
 2008  5454    30  -0.4329054333E+01  0.2347109683E+01 
 2008  5460    30  -0.4214810000E+01  0.2147594491E+01 
 2008  5466    30  -0.3874003333E+01  0.1954601883E+01 
 2008  5472    30  -0.3817266667E+01  0.1645827819E+01 
 2008  5478    30  -0.3096408000E+01  0.1619938346E+01 
 2008  5484    30  -0.3485690000E+01  0.1763485685E+01 
 2008  5490    30  -0.3978796667E+01  0.2223032924E+01 
 2008  5496    30  -0.3738476667E+01  0.2659616908E+01 
 2008  5502    30  -0.3503601667E+01  0.2864250745E+01 
 2008  5508    30  -0.3245356667E+01  0.2665428588E+01 
 2008  5514    30  -0.2722919333E+01  0.2501919781E+01 
 2008  5520    30  -0.2449629000E+01  0.2076465587E+01 
 2008  5526    30  -0.2372020000E+01  0.1742466190E+01 
 2008  5532    30  -0.2469896667E+01  0.1582018313E+01 
 2008  5538    30  -0.2712865000E+01  0.1613157842E+01 
 2008  5544    30  -0.1938746667E+01  0.1550921590E+01 
 2008  5550    30  -0.1630227333E+01  0.1575944877E+01 
 2008  5556    30  -0.1857200000E+01  0.1161935240E+01 
 2008  5562    30  -0.2261356667E+01  0.1031166446E+01 
 2008  5568    30  -0.2043233000E+01  0.1303991218E+01 
 2008  5574    30  -0.2492165333E+01  0.1537328818E+01 
 2008  5580    30  -0.2442330000E+01  0.1897314303E+01 
 2008  5586    30  -0.2128856000E+01  0.2011941811E+01 
 2008  5592    30  -0.2215863333E+01  0.1620925962E+01 
 2008  5598    30  -0.2094713333E+01  0.1500655224E+01 
 2008  5604    30  -0.1766900667E+01  0.1724541996E+01 
 2008  5610    30  -0.2663583333E+01  0.1794200998E+01 
 2008  5616    30  -0.3481366667E+01  0.1784862886E+01 
 2008  5622    30  -0.4288776667E+01  0.1985019406E+01 
 2008  5628    30  -0.5383866667E+01  0.2137332492E+01 
 2008  5634    30  -0.5858310000E+01  0.2660607994E+01 
 2008  5640    30  -0.5556993333E+01  0.2811234042E+01 
 2008  5646    30  -0.4739656667E+01  0.2920934225E+01 
 2008  5652    30  -0.4623390000E+01  0.2638548421E+01 
 2008  5658    30  -0.4323527000E+01  0.2329540334E+01 
 2008  5664    30  -0.3123644333E+01  0.1796703532E+01 
 2008  5670    30  -0.2219880000E+01  0.1533926554E+01 
 2008  5676    30  -0.2479492333E+01  0.1477828192E+01 
 2008  5682    30  -0.3353576333E+01  0.1819872985E+01 
 2008  5688    30  -0.3618290000E+01  0.2215197199E+01 
 2008  5694    30  -0.2627826667E+01  0.2191781141E+01 
 2008  5700    30  -0.1280843333E+01  0.1694316631E+01 
 2008  5706    30  -0.5353170000E+00  0.1058038609E+01 
 2008  5712    30  0.4698560000E+00  0.5497505799E+00 
 2008  5718    30  0.1118176667E+01  0.3730467582E+00 
 2008  5724    30  0.1767200000E+01  0.1812898968E+00 
 2008  5730    30  0.1864656667E+01  0.5701432000E+00 
 2008  5736    30  0.2157993333E+01  0.7692598083E+00 
 2008  5742    30  0.2291690000E+01  0.7014625931E+00 
 2008  5748    30  0.2540000000E+01  0.5701575806E+00 
 2008  5754    30  0.1729900000E+01  0.2751331011E+00 
 2008  5760    30  0.9013433333E+00  0.2109227832E+00 
 2008  5766    30  -0.6605390000E+00  0.7219470902E+00 
 2008  5772    30  -0.5850480000E+00  0.1460023971E+01 
 2008  5778    30  0.3690333333E+00  0.1693571294E+01 
 2008  5784    30  0.8793850000E+00  0.1355122771E+01 
 2008  5790    30  0.1620923333E+01  0.1150206000E+01 
 2008  5796    30  0.2393766667E+01  0.6468088169E+00 
 2008  5802    30  0.3597566667E+01  0.2780090746E+00 
 2008  5808    30  0.4501133333E+01  0.6655029543E+00 
 2008  5814    30  0.4403100000E+01  0.1284705553E+01 
 2008  5820    30  0.4363166667E+01  0.1172614261E+01 
 2008  5826    30  0.5041266667E+01  0.1390436117E+01 
 2008  5832    30  0.5767400000E+01  0.1537997412E+01 
 2008  5838    30  0.5776766667E+01  0.1582921343E+01 
 2008  5844    30  0.5020366667E+01  0.1569830468E+01 
 2008  5850    30  0.3989840000E+01  0.1394672505E+01 
 2008  5856    30  0.3675133333E+01  0.9879613938E+00 
 2008  5862    30  0.2845400000E+01  0.6797389009E+00 
 2008  5868    30  0.2784800000E+01  0.7301302350E+00 
 2008  5874    30  0.3500633333E+01  0.9269434892E+00 
 2008  5880    30  0.4333700000E+01  0.1198177370E+01 
 2008  5886    30  0.4290750000E+01  0.1590942408E+01 
 2008  5892    30  0.4957763333E+01  0.1851058594E+01 
 2008  5898    30  0.4993356667E+01  0.1948707757E+01 
 2008  5904    30  0.4842771000E+01  0.2106514758E+01 
 2008  5910    30  0.4774860000E+01  0.1824088611E+01 
 2008  5916    30  0.5177633333E+01  0.1754304848E+01 
 2008  5922    30  0.5010666667E+01  0.1697461641E+01 
 2008  5928    30  0.4729980000E+01  0.1647910422E+01 
 2008  5934    30  0.3736863333E+01  0.1426854987E+01 
 2008  5940    30  0.2753033333E+01  0.1281220900E+01 
 2008  5946    30  0.1925024000E+01  0.9050364387E+00 
 2008  5952    30  0.1108442667E+01  0.4375887593E+00 
 2008  5958    30  0.4700288333E+00  0.2811456152E+00 
 2008  5964    30  0.6041766667E+00  0.3515265563E+00 
 2008  5970    30  0.6258972000E+00  0.5905575438E+00 
 2008  5976    30  -0.7822900000E+00  0.5502099531E+00 
 2008  5982    30  -0.1351857333E+01  0.6454943525E+00 
 2008  5988    30  -0.1357781333E+01  0.7353090615E+00 
 2008  5994    30  -0.2209646667E+01  0.9605410683E+00 
 2008  6000    30  -0.2308533333E+01  0.1087823015E+01 
 2008  6006    30  -0.1677537267E+01  0.1454434499E+01 
 2008  6012    30  -0.1686460000E+01  0.1308878834E+01 
 2008  6018    30  -0.1771011500E+01  0.1070597935E+01 
 2008  6024    30  -0.1736513333E+01  0.9833834456E+00 
 2008  6030    30  -0.1167329667E+01  0.1091129467E+01 
 2008  6036    30  -0.3380936667E+00  0.1029945552E+01 
 2008  6042    30  0.5094915667E+00  0.9766278227E+00 
 2008  6048    30  0.1177046667E+01  0.5856053618E+00 
 2008  6054    30  0.1740466667E+01  0.2352565597E+00 
 2008  6060    30  0.2252066667E+01  0.1825880488E+00 
 2008  6066    30  0.2648500000E+01  0.1944898883E+00 
 2008  6072    30  0.3122066667E+01  0.2599685793E+00 
 2008  6078    30  0.3200066667E+01  0.2724406888E+00 
 2008  6084    30  0.3615433333E+01  0.5472567760E+00 
 2008  6090    30  0.3109233333E+01  0.7051520726E+00 
 2008  6096    30  0.3742266667E+01  0.6187124229E+00 
 2008  6102    30  0.3789033333E+01  0.5491900390E+00 
 2008  6108    30  0.3822166667E+01  0.8129431749E+00 
 2008  6114    30  0.3356800000E+01  0.7242908900E+00 
 2008  6120    30  0.3623233333E+01  0.8308964108E+00 
 2008  6126    30  0.2577343333E+01  0.7893172694E+00 
 2008  6132    30  0.1858193333E+01  0.5835915552E+00 
 2008  6138    30  0.4210700000E+00  0.2032196761E+00 
 2008  6144    30  -0.2024990000E+00  0.3028418391E+00 
 2008  6150    30  -0.4047253333E+00  0.5626580869E+00 
 2008  6156    30  -0.1868930000E+00  0.4334146256E+00 
 2008  6162    30  -0.1016586000E+00  0.2435809717E+00 
 2008  6168    30  0.5063566667E+00  0.2394867828E+00 
 2008  6174    30  0.7733233333E+00  0.3278973881E+00 
 2008  6180    30  0.8390500000E+00  0.2842076714E+00 
 2008  6186    30  0.1017076667E+01  0.1960951498E+00 
 2008  6192    30  0.2370100000E+01  0.1163810838E+00 
 2008  6198    30  0.2961766667E+01  0.3542290863E+00 
 2008  6204    30  0.3343066667E+01  0.8650154886E+00 
 2008  6210    30  0.3662700000E+01  0.7582541856E+00 
 2008  6216    30  0.4115900000E+01  0.9088297365E+00 
 2008  6222    30  0.3868866667E+01  0.1178010547E+01 
 2008  6228    30  0.3537373333E+01  0.1313857380E+01 
 2008  6234    30  0.3391966667E+01  0.1263456974E+01 
 2008  6240    30  0.3656666667E+01  0.1095630635E+01 
 2008  6246    30  0.3414800000E+01  0.9269197520E+00 
 2008  6252    30  0.3452880000E+01  0.1176634400E+01 
 2008  6258    30  0.3201016667E+01  0.1081944750E+01 
 2008  6264    30  0.3075093333E+01  0.1032541802E+01 
 2008  6270    30  0.3090500000E+01  0.8598781212E+00 
 2008  6276    30  0.3141566667E+01  0.7414798124E+00 
 2008  6282    30  0.3042000000E+01  0.8105842749E+00 
 2008  6288    30  0.3408233333E+01  0.9923103575E+00 
 2008  6294    30  0.3706133333E+01  0.1259296887E+01 
 2008  6300    30  0.3233086667E+01  0.1424337769E+01 
 2008  6306    30  0.3113986667E+01  0.1252405345E+01 
 2008  6312    30  0.3090233333E+01  0.1071222314E+01 
 2008  6318    30  0.2884700000E+01  0.8488499337E+00 
 2008  6324    30  0.1627657000E+01  0.7678020781E+00 
 2008  6330    30  0.3441917667E+00  0.2824301093E+00 
 2008  6336    30  -0.1136072667E+01  0.6245748159E+00 
 2008  6342    30  -0.1617412333E+01  0.1251098816E+01 
 2008  6348    30  -0.1982243667E+01  0.1347594600E+01 
 2008  6354    30  -0.1910462000E+01  0.1034945846E+01 
 2008  6360    30  -0.1147689667E+01  0.8321961761E+00 
 2008  6366    30  -0.2594236667E+00  0.5068405458E+00 
 2008  6372    30  0.7561666667E+00  0.1880170193E+00 
 2008  6378    30  0.1524736667E+01  0.4277419989E+00 
 2008  6384    30  0.1826993333E+01  0.6974989825E+00 
 2008  6390    30  0.2252426667E+01  0.9250973203E+00 
 2008  6396    30  0.1689690000E+01  0.1216492988E+01 
 2008  6402    30  0.3941826667E+00  0.7623978177E+00 
 2008  6408    30  -0.2612533333E+01  0.2931117800E+00 
 2008  6414    30  -0.4808000000E+01  0.1287891610E+01 
 2008  6420    30  -0.3804944333E+01  0.2001133641E+01 
 2008  6426    30  -0.2746714667E+01  0.2316627190E+01 
 2008  6432    30  -0.1687226667E+01  0.1876331437E+01 
 2008  6438    30  0.6209316667E+00  0.1374435487E+01 
 2008  6444    30  0.2329600000E+01  0.4903605884E+00 
 2008  6450    30  0.3064466667E+01  0.3846903286E+00 
 2008  6456    30  0.2899566667E+01  0.1092491283E+01 
 2008  6462    30  0.3170666667E+01  0.1103201049E+01 
 2008  6468    30  0.2988033333E+01  0.1151002932E+01 
 2008  6474    30  0.2750750000E+01  0.1112767629E+01 
 2008  6480    30  0.2319744333E+01  0.1289823539E+01 
 2008  6486    30  0.2623806667E+01  0.1048676612E+01 
 2008  6492    30  0.1991945667E+01  0.9853084565E+00 
 2008  6498    30  0.1334523333E+01  0.7418342648E+00 
 2008  6504    30  0.9030070000E+00  0.6101733425E+00 
 2008  6510    30  0.6578518000E+00  0.4369078817E+00 
 2008  6516    30  0.3628506667E+00  0.4390622338E+00 
 2008  6522    30  0.2661336667E+00  0.1830492111E+00 
 2008  6528    30  0.4173590000E+00  0.1734866638E+00 
 2008  6534    30  0.2513970333E+00  0.1265783917E+00 
 2008  6540    30  -0.1029848000E+00  0.1358715585E+00 
 2008  6546    30  0.2265859333E+00  0.2375270132E+00 
 2008  6552    30  0.6037800000E+00  0.1341254323E+00 
 2008  6558    30  0.5459266667E+00  0.1113279957E+00 
 2008  6564    30  0.3624880000E+00  0.1232814674E+00 
 2008  6570    30  0.3361006667E+00  0.1634955672E+00 
 2008  6576    30  0.6032983333E+00  0.2339107004E+00 
 2008  6582    30  0.4411026667E+00  0.1453404420E+00 
 2008  6588    30  -0.1706774333E+00  0.1637461547E+00 
 2008  6594    30  -0.1686176667E+00  0.2702912781E+00 
 2008  6600    30  -0.1126800000E+00  0.5246743967E+00 
 2008  6606    30  0.3334003333E+00  0.7378853920E+00 
 2008  6612    30  0.7469960000E+00  0.4712823996E+00 
 2008  6618    30  0.1064890000E+01  0.2333578744E+00 
 2008  6624    30  0.1547866667E+01  0.1714058990E+00 
 2008  6630    30  0.1597133333E+01  0.1373816420E+00 
 2008  6636    30  0.1451100000E+01  0.1729015809E+00 
 2008  6642    30  0.8336966667E+00  0.1567940847E+00 
 2008  6648    30  0.9412000000E+00  0.2685161522E+00 
 2008  6654    30  0.8889066667E+00  0.2331176240E+00 
 2008  6660    30  0.1114310000E+01  0.3225561856E+00 
 2008  6666    30  0.8848480000E+00  0.3841229093E+00 
 2008  6672    30  -0.2415536667E+00  0.4966516534E+00 
 2008  6678    30  -0.1206690000E+01  0.2859698438E+00 
 2008  6684    30  -0.1517436667E+01  0.4025189482E+00 
 2008  6690    30  -0.1902713333E+01  0.9005548596E+00 
 2008  6696    30  -0.3061743333E+01  0.1285355973E+01 
 2008  6702    30  -0.3498923333E+01  0.1907741557E+01 
 2008  6708    30  -0.4474023333E+01  0.1975790823E+01 
 2008  6714    30  -0.4668753333E+01  0.2212317190E+01 
 2008  6720    30  -0.4128410000E+01  0.2346589536E+01 
 2008  6726    30  -0.3673213333E+01  0.2312082588E+01 
 2008  6732    30  -0.3094020000E+01  0.2014602692E+01 
 2008  6738    30  -0.3105017000E+01  0.1691356934E+01 
 2008  6744    30  -0.2181045000E+01  0.1359513657E+01 
 2008  6750    30  -0.8463956667E+00  0.1042834796E+01 
 2008  6756    30  -0.3377964000E+00  0.4478492474E+00 
 2008  6762    30  0.5359972667E+00  0.3649442449E+00 
 2008  6768    30  0.1431266667E+01  0.2332124830E+00 
 2008  6774    30  0.1374266667E+01  0.2559062241E+00 
 2008  6780    30  0.1384336667E+01  0.3456123160E+00 
 2008  6786    30  0.1437856667E+01  0.3817327841E+00 
 2008  6792    30  0.2007786667E+01  0.6641489365E+00 
 2008  6798    30  0.2289556667E+01  0.5983804529E+00 
 2008  6804    30  0.2536900000E+01  0.6179872356E+00 
 2008  6810    30  0.2127936667E+01  0.6092282476E+00 
 2008  6816    30  0.2035803333E+01  0.7665619333E+00 
 2008  6822    30  0.1712563333E+01  0.4694764953E+00 
 2008  6828    30  0.1240096667E+01  0.3909223448E+00 
 2008  6834    30  0.3845333333E+00  0.1360774518E+00 
 2008  6840    30  -0.1041277000E+00  0.2015195644E+00 
 2008  6846    30  -0.4498906667E+00  0.2489196558E+00 
 2008  6852    30  -0.3479510000E+00  0.2732703666E+00 
 2008  6858    30  -0.2202853133E+00  0.2402853390E+00 
 2008  6864    30  0.5643308667E-01  0.2337375334E+00 
 2008  6870    30  0.4551535000E+00  0.3062812388E+00 
 2008  6876    30  0.6478896667E-01  0.8358572623E-01 
 2008  6882    30  -0.4425803333E+00  0.3166679314E+00 
 2008  6888    30  -0.9478982933E+00  0.6023437139E+00 
 2008  6894    30  -0.1364867633E+01  0.1007372952E+01 
 2008  6900    30  -0.1302689667E+01  0.1083669800E+01 
 2008  6906    30  -0.1273617667E+01  0.1144999185E+01 
 2008  6912    30  -0.1309710000E+01  0.1080966854E+01 
 2008  6918    30  -0.1408665667E+01  0.1280157917E+01 
 2008  6924    30  -0.8369030000E+00  0.1080294026E+01 
 2008  6930    30  -0.2206273333E+00  0.9329272087E+00 
 2008  6936    30  0.3468453333E+00  0.6666161911E+00 
 2008  6942    30  0.9035433333E+00  0.4659556185E+00 
 2008  6948    30  0.1377746667E+01  0.2163323858E+00 
 2008  6954    30  0.1580136667E+01  0.2821613539E+00 
 2008  6960    30  0.1697166667E+01  0.5272594752E+00 
 2008  6966    30  0.1995933333E+01  0.3894988176E+00 
 2008  6972    30  0.2156033333E+01  0.4592007174E+00 
 2008  6978    30  0.2038733333E+01  0.6148854730E+00 
 2008  6984    30  0.1941090000E+01  0.6989367422E+00 
 2008  6990    30  0.1904810000E+01  0.5005014674E+00 
 2008  6996    30  0.1911093333E+01  0.3703812801E+00 
 2008  7002    30  0.1812036667E+01  0.3601699492E+00 
 2008  7008    30  0.2145966667E+01  0.3246753746E+00 
 2008  7014    30  0.2166733333E+01  0.2592207468E+00 
 2008  7020    30  0.2105523333E+01  0.4790342602E+00 
 2008  7026    30  0.2553500000E+01  0.5682111550E+00 
 2008  7032    30  0.2871506667E+01  0.8197419460E+00 
 2008  7038    30  0.3316623333E+01  0.1057610808E+01 
 2008  7044    30  0.3673376667E+01  0.1313436219E+01 
 2008  7050    30  0.3727193333E+01  0.1451632371E+01 
 2008  7056    30  0.3567109333E+01  0.1613842770E+01 
 2008  7062    30  0.3315843333E+01  0.1376534302E+01 
 2008  7068    30  0.2653302864E+01  0.1624046720E+01 
 2008  7074    30  0.2619870000E+01  0.1248344101E+01 
 2008  7080    30  0.2300273333E+01  0.6803751979E+00 
 2008  7086    30  0.1713086667E+01  0.2671244239E+00 
 2008  7092    30  0.1358800000E+01  0.1999634317E+00 
 2008  7098    30  0.8267300000E+00  0.1139921785E+00 
 2008  7104    30  0.4626906667E+00  0.1657871480E+00 
 2008  7110    30  0.3405266667E+00  0.1179713890E+00 
 2008  7116    30  0.5521266667E+00  0.1516253473E+00 
 2008  7122    30  0.5160613333E+00  0.3117898755E+00 
 2008  7128    30  0.9662566667E+00  0.2343006141E+00 
 2008  7134    30  0.1270466667E+01  0.1147762267E+00 
 2008  7140    30  0.1168156667E+01  0.2460452515E+00 
 2008  7146    30  0.7488266667E+00  0.1156681429E+00 
 2008  7152    30  0.8407900000E+00  0.1571145746E+00 
 2008  7158    30  0.6220700000E+00  0.1384714824E+00 
 2008  7164    30  0.3328566667E+00  0.7264966017E-01 
 2008  7170    30  0.6411833333E-01  0.1647559133E+00 
 2008  7176    30  0.3040900333E+00  0.3426171412E+00 
 2008  7182    30  0.4908065333E+00  0.4599192358E+00 
 2008  7188    30  0.1102783333E+00  0.2418080329E+00 
 2008  7194    30  0.2603390000E+00  0.2544347897E+00 
 2008  7200    30  0.4658860000E+00  0.3709266942E+00 
 2008  7206    30  0.3619540800E+00  0.3950858773E+00 
 2008  7212    30  0.3452270667E+00  0.2992149817E+00 
 2008  7218    30  -0.4861600000E-02  0.3009921185E+00 
 2008  7224    30  0.2018900000E-01  0.2602678836E+00 
 2008  7230    30  0.4207113333E+00  0.4700081633E+00 
 2008  7236    30  0.6634400000E+00  0.3266828295E+00 
 2008  7242    30  0.4745056667E+00  0.2065764309E+00 
 2008  7248    30  0.7797200000E+00  0.2059471460E+00 
 2008  7254    30  0.1098753333E+01  0.2510018947E+00 
 2008  7260    30  0.4983483333E+00  0.2904051940E+00 
 2008  7266    30  0.1558043333E+00  0.1924317338E+00 
 2008  7272    30  0.1533933333E+00  0.2446372804E+00 
 2008  7278    30  0.2306833333E-01  0.2878647310E+00 
 2008  7284    30  -0.1188093333E+00  0.2631254233E+00 
 2008  7290    30  0.1030621333E+00  0.2316908913E+00 
 2008  7296    30  0.3224933333E+00  0.7773814994E-01 
 2008  7302    30  0.4989566667E+00  0.3110861278E-01 
 2008  7308    30  0.6245360000E-01  0.1286340881E+00 
 2008  7314    30  -0.5007133333E+00  0.9817555613E-01 
 2008  7320    30  -0.7435443000E+00  0.3667580948E+00 
 2008  7326    30  -0.8112050000E+00  0.4707992704E+00 
 2008  7332    30  -0.1636563333E+01  0.4663255361E+00 
 2008  7338    30  -0.2307893333E+01  0.8296968277E+00 
 2008  7344    30  -0.2905490000E+01  0.1373892566E+01 
 2008  7350    30  -0.3005903333E+01  0.1794664765E+01 
 2008  7356    30  -0.3729793333E+01  0.1550674538E+01 
 2008  7362    30  -0.3818376667E+01  0.1628706536E+01 
 2008  7368    30  -0.3668530000E+01  0.1741702445E+01 
 2008  7374    30  -0.3640626667E+01  0.1798211456E+01 
 2008  7380    30  -0.3147061633E+01  0.1695653287E+01 
 2008  7386    30  -0.2590026667E+01  0.1261016253E+01 
 2008  7392    30  -0.2616563333E+01  0.7857455460E+00 
 2008  7398    30  -0.2314493333E+01  0.9921264324E+00 
 2008  7404    30  -0.2679526667E+01  0.1090402389E+01 
 2008  7410    30  -0.2806700000E+01  0.1465202216E+01 
 2008  7416    30  -0.3412683000E+01  0.1651247571E+01 
 2008  7422    30  -0.3247394000E+01  0.1895685779E+01 
 2008  7428    30  -0.3141692000E+01  0.1667443501E+01 
 2008  7434    30  -0.2375943333E+01  0.1327703006E+01 
 2008  7440    30  -0.1481698000E+01  0.1038580573E+01 
 2008  7446    30  -0.2441004000E+00  0.9537517546E+00 
 2008  7452    30  -0.1049524333E+00  0.3533619155E+00 
 2008  7458    30  0.3973233333E+00  0.2024319870E+00 
 2008  7464    30  0.7326366667E+00  0.2225943103E+00 
 2008  7470    30  0.3867366667E+00  0.9154580814E-01 
 2008  7476    30  0.1039963333E-01  0.7592288029E-01 
 2008  7482    30  -0.5486020000E+00  0.3439441539E+00 
 2008  7488    30  -0.6234205000E+00  0.4676032324E+00 
 2008  7494    30  -0.8230924000E+00  0.6442215321E+00 
 2008  7500    30  -0.1040265333E+01  0.6306478411E+00 
 2008  7506    30  -0.9716420000E+00  0.8210663686E+00 
 2008  7512    30  -0.4841400000E+00  0.7479685642E+00 
 2008  7518    30  -0.5302370000E+00  0.6044338779E+00 
 2008  7524    30  -0.9317890000E+00  0.5076814634E+00 
 2008  7530    30  -0.8697523333E+00  0.6424522931E+00 
 2008  7536    30  -0.6208713333E+00  0.7039454854E+00 
 2008  7542    30  -0.4754070000E+00  0.7575867371E+00 
 2008  7548    30  -0.3904440000E+00  0.4817877402E+00 
 2008  7554    30  0.5926213333E-01  0.5948157567E+00 
 2008  7560    30  0.4571996667E+00  0.5025176803E+00 
 2008  7566    30  0.5209266667E+00  0.2656914914E+00 
 2008  7572    30  0.4382833333E+00  0.9123870919E-01 
 2008  7578    30  0.4433566667E+00  0.1147357012E+00 
 2008  7584    30  0.5017433333E+00  0.5389050432E-01 
 2008  7590    30  0.6699133333E+00  0.1305800514E+00 
 2008  7596    30  0.6005366667E+00  0.8724739722E-01 
 2008  7602    30  0.7247400000E+00  0.6254877350E-01 
 2008  7608    30  0.9764900000E+00  0.6201787565E-01 
 2008  7614    30  0.1426166667E+01  0.1122144029E+00 
 2008  7620    30  0.1640600000E+01  0.2479151199E+00 
 2008  7626    30  0.1519870000E+01  0.5104840893E+00 
 2008  7632    30  0.1872820000E+01  0.7305060499E+00 
 2008  7638    30  0.1878443333E+01  0.7734109713E+00 
 2008  7644    30  0.2122900000E+01  0.8605576115E+00 
 2008  7650    30  0.1856541667E+01  0.8909224979E+00 
 2008  7656    30  0.1460097000E+01  0.9404707489E+00 
 2008  7662    30  0.1151096667E+01  0.6575266684E+00 
 2008  7668    30  0.3016000000E+00  0.4204176258E+00 
 2008  7674    30  -0.5292233333E+00  0.1906974352E+00 
 2008  7680    30  -0.1873733333E+01  0.4400565822E+00 
 2008  7686    30  -0.2719960000E+01  0.1041618227E+01 
 2008  7692    30  -0.3788713333E+01  0.1754371492E+01 
 2008  7698    30  -0.4275972333E+01  0.2237833950E+01 
 2008  7704    30  -0.4203896667E+01  0.2459861823E+01 
 2008  7710    30  -0.3564588000E+01  0.2112710527E+01 
 2008  7716    30  -0.2734110000E+01  0.1687542908E+01 
 2008  7722    30  -0.1461076667E+01  0.1537832675E+01 
 2008  7728    30  -0.6953563333E+00  0.9960356191E+00 
 2008  7734    30  -0.1187496667E-01  0.5987978800E+00 
 2008  7740    30  0.7502256000E-01  0.2331241593E+00 
 2008  7746    30  0.1386013333E+00  0.1308332365E+00 
 2008  7752    30  0.4559900000E+00  0.9378883142E-01 
 2008  7758    30  0.7577700000E+00  0.1648772799E+00 
 2008  7764    30  0.3962200000E+00  0.6807969546E-01 
 2008  7770    30  0.2222340333E+00  0.1776198939E+00 
 2008  7776    30  0.1785983333E+00  0.2796955216E+00 
 2008  7782    30  -0.1889783667E+00  0.3480859736E+00 
 2008  7788    30  -0.3956273333E+00  0.5135950668E+00 
 2008  7794    30  -0.3113683333E+00  0.9400866023E+00 
 2008  7800    30  -0.3531303333E+00  0.9319415650E+00 
 2008  7806    30  -0.1943380000E+00  0.1052102975E+01 
 2008  7812    30  -0.3473443333E+00  0.8172153140E+00 
 2008  7818    30  -0.1284576667E+00  0.7293060454E+00 
 2008  7824    30  0.1696100000E+00  0.5839718013E+00 
 2008  7830    30  0.3714111667E+00  0.3767138154E+00 
 2008  7836    30  0.5915000000E+00  0.1331050788E+00 
 2008  7842    30  0.8719733333E+00  0.1512096909E+00 
 2008  7848    30  0.9242400000E+00  0.6340314714E-01 
 2008  7854    30  0.9437366667E+00  0.8855815221E-01 
 2008  7860    30  0.8647766667E+00  0.1952099377E+00 
 2008  7866    30  0.9028133333E+00  0.1115459150E+00 
 2008  7872    30  0.5193700000E+00  0.1039432446E+00 
 2008  7878    30  0.2872363333E+00  0.1444529484E+00 
 2008  7884    30  -0.2243355333E+00  0.2514056426E+00 
 2008  7890    30  -0.3777516667E+00  0.6806526737E+00 
 2008  7896    30  -0.5659473333E+00  0.8610736499E+00 
 2008  7902    30  -0.7113846667E+00  0.1059915095E+01 
 2008  7908    30  -0.1161163333E+01  0.9418833249E+00 
 2008  7914    30  -0.7607126667E+00  0.1118637972E+01 
 2008  7920    30  -0.1345525000E+00  0.1016467053E+01 
 2008  7926    30  0.3859673333E+00  0.7531330162E+00 
 2008  7932    30  0.8464633333E+00  0.2218864447E+00 
 2008  7938    30  0.1538600000E+01  0.2167512553E+00 
 2008  7944    30  0.1621643333E+01  0.4689394792E+00 
 2008  7950    30  0.1896993333E+01  0.5038917178E+00 
 2008  7956    30  0.1637399000E+01  0.7733976498E+00 
 2008  7962    30  0.1540680333E+01  0.6457116074E+00 
 2008  7968    30  0.1267443333E+01  0.4130521361E+00 
 2008  7974    30  0.1380886667E+01  0.2113014509E+00 
 2008  7980    30  0.1082206667E+01  0.1756717753E+00 
 2008  7986    30  0.1082980000E+01  0.2804120806E+00 
 2008  7992    30  0.1088553333E+01  0.2570990662E+00 
 2008  7998    30  0.7479300000E+00  0.3331888405E+00 
 2008  8004    30  0.4896766667E+00  0.2179050813E+00 
 2008  8010    30  0.2979176667E+00  0.2237711045E+00 
 2008  8016    30  0.4324016667E+00  0.2407775933E+00 
 2008  8022    30  0.7191500000E+00  0.3368442031E+00 
 2008  8028    30  0.7145466667E+00  0.2076626892E+00 
 2008  8034    30  0.3474903333E+00  0.1459187711E+00 
 2008  8040    30  -0.3891733333E+00  0.1414222965E+00 
 2008  8046    30  -0.1309843333E+01  0.3911215767E+00 
 2008  8052    30  -0.2155893333E+01  0.6792090301E+00 
 2008  8058    30  -0.2265793333E+01  0.1297853286E+01 
 2008  8064    30  -0.2569696667E+01  0.1634019826E+01 
 2008  8070    30  -0.2491672333E+01  0.1737413207E+01 
 2008  8076    30  -0.2677790000E+01  0.1536105899E+01 
 2008  8082    30  -0.2123461333E+01  0.1420282508E+01 
 2008  8088    30  -0.2402397333E+01  0.1412458007E+01 
 2008  8094    30  -0.2744773333E+01  0.1533449723E+01 
 2008  8100    30  -0.3440140000E+01  0.1452866732E+01 
 2008  8106    30  -0.3774693333E+01  0.1515689724E+01 
 2008  8112    30  -0.3642186667E+01  0.1542821137E+01 
 2008  8118    30  -0.2908250000E+01  0.1581575083E+01 
 2008  8124    30  -0.2713164667E+01  0.1537503553E+01 
 2008  8130    30  -0.2237515333E+01  0.1536701018E+01 
 2008  8136    30  -0.2536059000E+01  0.1430407653E+01 
 2008  8142    30  -0.2639355333E+01  0.1422665221E+01 
 2008  8148    30  -0.2901040333E+01  0.1481403819E+01 
 2008  8154    30  -0.2976408000E+01  0.1588844597E+01 
 2008  8160    30  -0.2875930000E+01  0.1675304868E+01 
 2008  8166    30  -0.2552752000E+01  0.1786312642E+01 
 2008  8172    30  -0.2658022000E+01  0.1523891657E+01 
 2008  8178    30  -0.2533413333E+01  0.1503090042E+01 
 2008  8184    30  -0.2672470000E+01  0.1179504947E+01 
 2008  8190    30  -0.2322122333E+01  0.1203280565E+01 
 2008  8196    30  -0.2687683333E+01  0.1065082675E+01 
 2008  8202    30  -0.2515146667E+01  0.1193550986E+01 
 2008  8208    30  -0.2410553333E+01  0.1269122329E+01 
 2008  8214    30  -0.2063951000E+01  0.1268253331E+01 
 2008  8220    30  -0.2002322333E+01  0.1029020047E+01 
 2008  8226    30  -0.2103943333E+01  0.9694368230E+00 
 2008  8232    30  -0.1807453667E+01  0.8794884232E+00 
 2008  8238    30  -0.1544720000E+01  0.9962132785E+00 
 2008  8244    30  -0.2057906667E+01  0.6597828925E+00 
 2008  8250    30  -0.1989493333E+01  0.7415910742E+00 
 2008  8256    30  -0.1979973333E+01  0.8888129571E+00 
 2008  8262    30  -0.1918831333E+01  0.1072952593E+01 
 2008  8268    30  -0.2396386667E+01  0.1014885702E+01 
 2008  8274    30  -0.2529830000E+01  0.1176804108E+01 
 2008  8280    30  -0.2092046667E+01  0.1318224808E+01 
 2008  8286    30  -0.2030080000E+01  0.1334488858E+01 
 2008  8292    30  -0.2086684667E+01  0.1193054177E+01 
 2008  8298    30  -0.1354976333E+01  0.1222986196E+01 
 2008  8304    30  -0.1059080000E+01  0.7977415995E+00 
 2008  8310    30  -0.7379843333E+00  0.5545676741E+00 
 2008  8316    30  -0.1038060000E+01  0.3910301596E+00 
 2008  8322    30  -0.1101833333E+01  0.3561828195E+00 
 2008  8328    30  -0.1110163333E+01  0.3083046172E+00 
 2008  8334    30  -0.9395963333E+00  0.5344270313E+00 
 2008  8340    30  -0.1234273333E+01  0.5618379090E+00 
 2008  8346    30  -0.1117802700E+01  0.6759192240E+00 
 2008  8352    30  -0.1314753233E+01  0.7683540195E+00 
 2008  8358    30  -0.9028696667E+00  0.1008519451E+01 
 2008  8364    30  -0.1049934667E+01  0.8845248566E+00 
 2008  8370    30  -0.7506673333E+00  0.8131473133E+00 
 2008  8376    30  -0.7318023333E+00  0.5694715123E+00 
 2008  8382    30  -0.6485603333E+00  0.5151695709E+00 
 2008  8388    30  -0.8170100000E+00  0.3590122211E+00 
 2008  8394    30  -0.7528600000E+00  0.3719922272E+00 
 2008  8400    30  -0.6922233333E+00  0.3290964658E+00 
 2008  8406    30  -0.2759841067E+00  0.4161779461E+00 
 2008  8412    30  -0.6926300000E+00  0.2352101786E+00 
 2008  8418    30  -0.8211233333E+00  0.2947033420E+00 
 2008  8424    30  -0.8146383333E+00  0.5046967779E+00 
 2008  8430    30  -0.5438305767E+00  0.6928825865E+00 
 2008  8436    30  -0.1021669667E+01  0.5542330270E+00 
 2008  8442    30  -0.8796153333E+00  0.6792395269E+00 
 2008  8448    30  -0.9193396667E+00  0.6579485448E+00 
 2008  8454    30  -0.5673856667E+00  0.5860387666E+00 
 2008  8460    30  -0.6226710000E+00  0.3257077308E+00 
 2008  8466    30  -0.1319783333E+00  0.2854384278E+00 
 2008  8472    30  0.1016595333E+00  0.1798821344E+00 
 2008  8478    30  0.1650133333E-01  0.2405033723E+00 
 2008  8484    30  -0.2680533333E+00  0.8749836087E-01 
 2008  8490    30  -0.4984987667E+00  0.2719706018E+00 
 2008  8496    30  -0.1443680000E+01  0.3194668219E+00 
 2008  8502    30  -0.1673090000E+01  0.6770763991E+00 
 2008  8508    30  -0.2138133333E+01  0.8238387817E+00 
 2008  8514    30  -0.2100566667E+01  0.9293224139E+00 
 2008  8520    30  -0.1578828333E+01  0.9183895103E+00 
 2008  8526    30  -0.1340909333E+01  0.7370339730E+00 
 2008  8532    30  -0.1007048857E+01  0.5332437657E+00 
 2008  8538    30  -0.6695550000E+00  0.3632613624E+00 
 2008  8544    30  -0.5874100000E+00  0.2718946344E+00 
 2008  8550    30  -0.2505112667E+00  0.4181946557E+00 
 2008  8556    30  -0.5286180000E+00  0.2769801403E+00 
 2008  8562    30  -0.7681600000E+00  0.1032021079E+00 
 2008  8568    30  -0.1252996667E+01  0.1703277712E+00 
 2008  8574    30  -0.1433383333E+01  0.6964765586E+00 
 2008  8580    30  -0.2698700000E+01  0.7469062480E+00 
 2008  8586    30  -0.2361883333E+01  0.8721891714E+00 
 2008  8592    30  -0.1995496623E+01  0.1000607895E+01 
 2008  8598    30  -0.1256091667E+01  0.8475017567E+00 
 2008  8604    30  -0.9380633333E+00  0.6939446181E+00 
 2008  8610    30  -0.3928333333E+00  0.5621952128E+00 
 2008  8616    30  -0.9889066667E+00  0.2329311271E+00 
 2008  8622    30  -0.7555366667E+00  0.2685170752E+00 
 2008  8628    30  -0.1044733333E+01  0.6930723066E-01 
 2008  8634    30  -0.4508233333E+00  0.6598660310E-01 
 2008  8640    30  -0.6490450000E+00  0.3518041260E+00 
 2008  8646    30  -0.1067036667E+01  0.5444444615E+00 
 2008  8652    30  -0.1550980000E+01  0.5577655460E+00 
 2008  8658    30  -0.1659585667E+01  0.8504197957E+00 
 2008  8664    30  -0.2054163333E+01  0.9309918558E+00 
 2008  8670    30  -0.1591205333E+01  0.1015534158E+01 
 2008  8676    30  -0.6860210000E+00  0.5604346122E+00 
 2008  8682    30  0.4445363333E-01  0.1895504626E+00 
 2008  8688    30  -0.3121713333E+00  0.2142257483E+00 
 2008  8694    30  -0.8216766667E+00  0.1726228194E+00 
 2008  8700    30  -0.1144746667E+01  0.3080565476E+00 
 2008  8706    30  -0.8105766667E+00  0.2935757979E+00 
 2008  8712    30  -0.1461633333E+01  0.1443048817E+00 
 2008  8718    30  -0.1578100000E+01  0.1800587589E+00 
 2008  8724    30  -0.1764633333E+01  0.3732157985E+00 
 2008  8730    30  -0.1632553333E+01  0.5834295466E+00 
 2008  8736    30  -0.1685093333E+01  0.6996592880E+00 
 2008  8742    30  -0.1478319333E+01  0.7411107533E+00 
 2008  8748    30  -0.1709336667E+01  0.6671477290E+00 
 2008  8754    30  -0.2049766667E+01  0.5188145901E+00 
 2008  8760    30  -0.2003700000E+01  0.3208339290E+00 
 2008  8766    30  -0.1604123333E+01  0.4018894140E+00 
 2008  8772    30  -0.1488100000E+01  0.2757125738E+00 
 2008  8778    30  -0.1298660000E+01  0.1931427617E+00 
 2008  8784    30  -0.1284526667E+01  0.2953194721E+00 
