 2008  0006    14  0.1109057143E+02  0.2581292138E+01 
 2008  0012    14  0.9702357143E+01  0.2275817141E+01 
 2008  0018    14  0.9220714286E+01  0.1943063576E+01 
 2008  0024    14  0.9395714286E+01  0.1504564077E+01 
 2008  0030    14  0.8163357143E+01  0.1209023904E+01 
 2008  0036    14  0.7305571429E+01  0.1233140400E+01 
 2008  0042    14  0.5501714286E+01  0.1245338418E+01 
 2008  0048    14  0.4198857143E+01  0.1778837536E+01 
 2008  0054    14  0.1954157143E+01  0.2352823669E+01 
 2008  0060    14  -0.1416721429E+01  0.2550739738E+01 
 2008  0066    14  -0.4095450000E+01  0.3179604437E+01 
 2008  0072    14  -0.5799571429E+01  0.4135785497E+01 
 2008  0078    14  -0.8745956429E+01  0.5010925021E+01 
 2008  0084    14  -0.1110582143E+02  0.5936332140E+01 
 2008  0090    14  -0.1399628571E+02  0.6529384257E+01 
 2008  0096    14  -0.1625492857E+02  0.6675390363E+01 
 2008  0102    14  -0.2038357143E+02  0.7139565670E+01 
 2008  0108    14  -0.2621264286E+02  0.8395475445E+01 
 2008  0114    14  -0.3016078571E+02  0.9344319789E+01 
 2008  0120    14  -0.3411785714E+02  0.1006589019E+02 
 2008  0126    14  -0.3551500000E+02  0.1002371812E+02 
 2008  0132    14  -0.3624000000E+02  0.9594976364E+01 
 2008  0138    14  -0.3484642857E+02  0.8573167949E+01 
 2008  0144    14  -0.3173928571E+02  0.7505455601E+01 
 2008  0150    14  -0.2856714286E+02  0.6688919866E+01 
 2008  0156    14  -0.2578928571E+02  0.6013111227E+01 
 2008  0162    14  -0.2357785714E+02  0.5610044790E+01 
 2008  0168    14  -0.2116000000E+02  0.5047679806E+01 
 2008  0174    14  -0.1744950000E+02  0.3741307693E+01 
 2008  0180    14  -0.1442142857E+02  0.2560155847E+01 
 2008  0186    14  -0.1205371429E+02  0.2335236159E+01 
 2008  0192    14  -0.9570714286E+01  0.2158419476E+01 
 2008  0198    14  -0.6716071429E+01  0.2035759334E+01 
 2008  0204    14  -0.3523328571E+01  0.1887054274E+01 
 2008  0210    14  -0.1243621429E+01  0.1670296963E+01 
 2008  0216    14  -0.1958940714E+01  0.1287299357E+01 
 2008  0222    14  -0.2489857143E+01  0.1719818493E+01 
 2008  0228    14  -0.1201400000E+01  0.1967289837E+01 
 2008  0234    14  -0.9925642857E+00  0.2229492997E+01 
 2008  0240    14  -0.1574228571E+01  0.2341502847E+01 
 2008  0246    14  -0.1376142857E+01  0.2633468229E+01 
 2008  0252    14  -0.1654587857E+01  0.1975777001E+01 
 2008  0258    14  -0.2155150000E+01  0.2801326383E+01 
 2008  0264    14  -0.3572500000E+00  0.1598448181E+01 
 2008  0270    14  0.1330985714E+01  0.1315663098E+01 
 2008  0276    14  0.2694957143E+01  0.1996470034E+01 
 2008  0282    14  0.3223264286E+01  0.2485890446E+01 
 2008  0288    14  0.1202664286E+01  0.2562121583E+01 
 2008  0294    14  0.1733428571E+00  0.2622743623E+01 
 2008  0300    14  0.7681571429E+00  0.2539406586E+01 
 2008  0306    14  0.4852071429E+01  0.2109222012E+01 
 2008  0312    14  0.8519071429E+01  0.2150166554E+01 
 2008  0318    14  0.8964285714E+01  0.2450391468E+01 
 2008  0324    14  0.7160500000E+01  0.2443280282E+01 
 2008  0330    14  0.4012192857E+01  0.2264682276E+01 
 2008  0336    14  0.2185771429E+01  0.1787386114E+01 
 2008  0342    14  -0.5351428571E-01  0.1528379688E+01 
 2008  0348    14  0.3700714286E+00  0.1115178137E+01 
 2008  0354    14  -0.1067955000E+01  0.1085569374E+01 
 2008  0360    14  -0.1676577143E+01  0.1793384853E+01 
 2008  0366    14  -0.4632642857E+01  0.1376821163E+01 
 2008  0372    14  -0.7339785714E+01  0.1193670700E+01 
 2008  0378    14  -0.7993357143E+01  0.9380981983E+00 
 2008  0384    14  -0.7311142857E+01  0.1167112056E+01 
 2008  0390    14  -0.7070857143E+01  0.1115022156E+01 
 2008  0396    14  -0.7285928571E+01  0.1056487473E+01 
 2008  0402    14  -0.6542214286E+01  0.9475038770E+00 
 2008  0408    14  -0.5662071429E+01  0.9498969466E+00 
 2008  0414    14  -0.4113142857E+01  0.5255384799E+00 
 2008  0420    14  -0.3424142857E+01  0.5530057940E+00 
 2008  0426    14  -0.3084428571E+01  0.6800847336E+00 
 2008  0432    14  -0.1913671429E+01  0.1398513630E+01 
 2008  0438    14  -0.4258642857E+01  0.2529027646E+01 
 2008  0444    14  -0.9838000000E+01  0.4405705943E+01 
 2008  0450    14  -0.1176157143E+02  0.5192836202E+01 
 2008  0456    14  -0.3779557143E+01  0.2647514272E+01 
 2008  0462    14  0.3845950000E+01  0.3031396070E+01 
 2008  0468    14  0.1142085714E+02  0.4518323012E+01 
 2008  0474    14  0.1348842857E+02  0.5441548043E+01 
 2008  0480    14  0.1098054286E+02  0.5670530036E+01 
 2008  0486    14  0.7779535714E+01  0.4984543268E+01 
 2008  0492    14  0.7297914286E+01  0.4317659212E+01 
 2008  0498    14  0.1124235714E+02  0.4583700293E+01 
 2008  0504    14  0.1297292857E+02  0.4996807430E+01 
 2008  0510    14  0.1266914286E+02  0.5168245901E+01 
 2008  0516    14  0.1174432857E+02  0.4935476712E+01 
 2008  0522    14  0.1289157143E+02  0.4615151193E+01 
 2008  0528    14  0.1735578571E+02  0.5065535597E+01 
 2008  0534    14  0.1962471429E+02  0.5134059970E+01 
 2008  0540    14  0.1810321429E+02  0.4529238444E+01 
 2008  0546    14  0.1570742857E+02  0.3817389043E+01 
 2008  0552    14  0.1361735714E+02  0.3161698811E+01 
 2008  0558    14  0.9915214286E+01  0.2776037546E+01 
 2008  0564    14  0.3664201429E+01  0.2318358110E+01 
 2008  0570    14  -0.2157142857E-02  0.1755814775E+01 
 2008  0576    14  0.3391614286E+01  0.1821867888E+01 
 2008  0582    14  0.5097042857E+01  0.2717979683E+01 
 2008  0588    14  0.1127142857E+02  0.4248102378E+01 
 2008  0594    14  0.1009014286E+02  0.6277773296E+01 
 2008  0600    14  0.9621285714E+01  0.7150565466E+01 
 2008  0606    14  0.1423400000E+02  0.6772512248E+01 
 2008  0612    14  0.1660628571E+02  0.6328930630E+01 
 2008  0618    14  0.1762114286E+02  0.6426717223E+01 
 2008  0624    14  0.2314835714E+02  0.7986282128E+01 
 2008  0630    14  0.2795642857E+02  0.9678247781E+01 
 2008  0636    14  0.2711178571E+02  0.1002358106E+02 
 2008  0642    14  0.2620207143E+02  0.8439953626E+01 
 2008  0648    14  0.3099714286E+02  0.8255670284E+01 
 2008  0654    14  0.3653714286E+02  0.8876812031E+01 
 2008  0660    14  0.3578571429E+02  0.8613023125E+01 
 2008  0666    14  0.2949071429E+02  0.7380931478E+01 
 2008  0672    14  0.2285635714E+02  0.6163303585E+01 
 2008  0678    14  0.1984100000E+02  0.5124585154E+01 
 2008  0684    14  0.1989642857E+02  0.4700646775E+01 
 2008  0690    14  0.1933792857E+02  0.4870642822E+01 
 2008  0696    14  0.1669450000E+02  0.4520920620E+01 
 2008  0702    14  0.1574792857E+02  0.4124894500E+01 
 2008  0708    14  0.1285300000E+02  0.3822664067E+01 
 2008  0714    14  0.8303142857E+01  0.3240127838E+01 
 2008  0720    14  0.6550142857E+01  0.2318263385E+01 
 2008  0726    14  0.8321071429E+01  0.2741110475E+01 
 2008  0732    14  0.9936714286E+01  0.3576188283E+01 
 2008  0738    14  0.8940514286E+01  0.3861402937E+01 
 2008  0744    14  0.7103571429E+01  0.4130776971E+01 
 2008  0750    14  0.1233847143E+01  0.4956036219E+01 
 2008  0756    14  -0.4564242857E+01  0.5449450185E+01 
 2008  0762    14  -0.4359464286E+01  0.2223094212E+01 
 2008  0768    14  0.7601450000E+00  0.3276047311E+01 
 2008  0774    14  0.6175000000E+01  0.4738003573E+01 
 2008  0780    14  0.5589078571E+01  0.5017154130E+01 
 2008  0786    14  0.2654328571E+01  0.4149627350E+01 
 2008  0792    14  0.3645571429E+01  0.3725559898E+01 
 2008  0798    14  0.9449000000E+01  0.3806828864E+01 
 2008  0804    14  0.1742421429E+02  0.4797609407E+01 
 2008  0810    14  0.1858857143E+02  0.5519933963E+01 
 2008  0816    14  0.1226528571E+02  0.4712302962E+01 
 2008  0822    14  0.1077492857E+02  0.3683149244E+01 
 2008  0828    14  0.1269664286E+02  0.3500801655E+01 
 2008  0834    14  0.1352907143E+02  0.3559668694E+01 
 2008  0840    14  0.1041242857E+02  0.3146775282E+01 
 2008  0846    14  0.7243857143E+01  0.2816353997E+01 
 2008  0852    14  0.6088357143E+01  0.2674687755E+01 
 2008  0858    14  0.5108514286E+01  0.2485811053E+01 
 2008  0864    14  0.3969928571E+01  0.1799123456E+01 
 2008  0870    14  0.2590064286E+01  0.1258125507E+01 
 2008  0876    14  0.7173400000E+00  0.1319697382E+01 
 2008  0882    14  -0.1160842857E+01  0.1415556093E+01 
 2008  0888    14  -0.1923057143E+01  0.1285313301E+01 
 2008  0894    14  0.3760285714E+00  0.2017887312E+01 
 2008  0900    14  0.4305078571E+01  0.2229712819E+01 
 2008  0906    14  0.8469642857E+01  0.2699990519E+01 
 2008  0912    14  0.1151585714E+02  0.3013513679E+01 
 2008  0918    14  0.1132450000E+02  0.2864112048E+01 
 2008  0924    14  0.1148800000E+02  0.2617363641E+01 
 2008  0930    14  0.1389314286E+02  0.2779171661E+01 
 2008  0936    14  0.1423835714E+02  0.2733432839E+01 
 2008  0942    14  0.1285171429E+02  0.2629281880E+01 
 2008  0948    14  0.1118871429E+02  0.2554244910E+01 
 2008  0954    14  0.9865428571E+01  0.2329513920E+01 
 2008  0960    14  0.9893571429E+01  0.1817209191E+01 
 2008  0966    14  0.9339500000E+01  0.1654203293E+01 
 2008  0972    14  0.8858928571E+01  0.1766104246E+01 
 2008  0978    14  0.8968500000E+01  0.1647018377E+01 
 2008  0984    14  0.8069500000E+01  0.1107909276E+01 
 2008  0990    14  0.6154500000E+01  0.7506042090E+00 
 2008  0996    14  0.6216785714E+01  0.1003457891E+01 
 2008  1002    14  0.6841714286E+01  0.1006896181E+01 
 2008  1008    14  0.7181428571E+01  0.9569090653E+00 
 2008  1014    14  0.5388571429E+01  0.7757544452E+00 
 2008  1020    14  0.2882285714E+01  0.9577925087E+00 
 2008  1026    14  0.1414957143E+01  0.1171376656E+01 
 2008  1032    14  0.6647078571E+00  0.1080363435E+01 
 2008  1038    14  0.1939478571E+00  0.1243136189E+01 
 2008  1044    14  0.2043857143E+00  0.1582269994E+01 
 2008  1050    14  0.1094635714E+01  0.1526066470E+01 
 2008  1056    14  0.3443857143E+01  0.8750556600E+00 
 2008  1062    14  0.5256785714E+01  0.1121539387E+01 
 2008  1068    14  0.5726857143E+01  0.1039987559E+01 
 2008  1074    14  0.6178214286E+01  0.1324989983E+01 
 2008  1080    14  0.6701071429E+01  0.1694912744E+01 
 2008  1086    14  0.7043214286E+01  0.2513660569E+01 
 2008  1092    14  0.6036357143E+01  0.2324888710E+01 
 2008  1098    14  0.4732785714E+01  0.1680149151E+01 
 2008  1104    14  0.5012357143E+01  0.2035132344E+01 
 2008  1110    14  0.4213385714E+01  0.2321299948E+01 
 2008  1116    14  0.2456642857E+01  0.1233409720E+01 
 2008  1122    14  0.5886528571E+00  0.1541850615E+01 
 2008  1128    14  -0.2118277143E+01  0.1754153698E+01 
 2008  1134    14  -0.2484221429E+01  0.1707885895E+01 
 2008  1140    14  -0.3545092857E+01  0.1338137543E+01 
 2008  1146    14  0.1570392857E+00  0.5187968272E+00 
 2008  1152    14  0.2340635714E+01  0.1016943722E+01 
 2008  1158    14  0.2566307143E+01  0.1748740554E+01 
 2008  1164    14  0.4270640000E+01  0.1983121660E+01 
 2008  1170    14  0.6809000000E+01  0.2457450130E+01 
 2008  1176    14  0.9443571429E+01  0.2974982538E+01 
 2008  1182    14  0.1304914286E+02  0.2986638958E+01 
 2008  1188    14  0.1510564286E+02  0.3488789794E+01 
 2008  1194    14  0.1457150000E+02  0.3794605132E+01 
 2008  1200    14  0.1269785714E+02  0.3421744540E+01 
 2008  1206    14  0.1111678571E+02  0.2633391219E+01 
 2008  1212    14  0.9340785714E+01  0.2149148907E+01 
 2008  1218    14  0.8691357143E+01  0.2033363667E+01 
 2008  1224    14  0.9038642857E+01  0.2080640719E+01 
 2008  1230    14  0.8214214286E+01  0.2190587403E+01 
 2008  1236    14  0.4985078571E+01  0.2109461826E+01 
 2008  1242    14  0.2087378571E+01  0.2101638131E+01 
 2008  1248    14  0.1235914286E+01  0.2375838143E+01 
 2008  1254    14  -0.1048264286E+01  0.3132567892E+01 
 2008  1260    14  -0.1225410000E+01  0.4055596849E+01 
 2008  1266    14  0.5149428571E+01  0.4069312485E+01 
 2008  1272    14  0.6106228571E+01  0.6218924353E+01 
 2008  1278    14  0.1206239286E+02  0.7195525237E+01 
 2008  1284    14  0.1703957143E+02  0.7481476484E+01 
 2008  1290    14  0.2395757143E+02  0.8538385827E+01 
 2008  1296    14  0.2853214286E+02  0.9093413769E+01 
 2008  1302    14  0.3001278571E+02  0.9313985998E+01 
 2008  1308    14  0.2962542857E+02  0.9466798687E+01 
 2008  1314    14  0.2630328571E+02  0.8917965194E+01 
 2008  1320    14  0.2495221429E+02  0.8412478199E+01 
 2008  1326    14  0.2404600000E+02  0.7811239485E+01 
 2008  1332    14  0.2460607143E+02  0.7592162824E+01 
 2008  1338    14  0.2376721429E+02  0.7586451610E+01 
 2008  1344    14  0.2573371429E+02  0.7544024271E+01 
 2008  1350    14  0.2369800000E+02  0.7007267697E+01 
 2008  1356    14  0.2109728571E+02  0.6387644384E+01 
 2008  1362    14  0.1816621429E+02  0.6045514325E+01 
 2008  1368    14  0.1296015384E+02  0.5979230106E+01 
 2008  1374    14  0.1168896429E+02  0.6033910413E+01 
 2008  1380    14  0.1241649286E+02  0.6246202632E+01 
 2008  1386    14  0.1295102143E+02  0.7034991692E+01 
 2008  1392    14  0.1587084286E+02  0.7155283609E+01 
 2008  1398    14  0.1868928571E+02  0.7123241100E+01 
 2008  1404    14  0.2194364286E+02  0.7184757652E+01 
 2008  1410    14  0.2560278571E+02  0.7725988667E+01 
 2008  1416    14  0.2492950000E+02  0.7856517974E+01 
 2008  1422    14  0.2337607143E+02  0.7353516209E+01 
 2008  1428    14  0.2047342857E+02  0.6866402767E+01 
 2008  1434    14  0.2018200000E+02  0.6433736351E+01 
 2008  1440    14  0.1888285714E+02  0.6104160675E+01 
 2008  1446    14  0.1496700000E+02  0.6214906815E+01 
 2008  1452    14  0.9266400000E+01  0.5854912428E+01 
 2008  1458    14  0.3793178571E+01  0.5054146436E+01 
 2008  1464    14  0.5880857143E+01  0.4986820628E+01 
 2008  1470    14  0.1032578571E+02  0.6653275232E+01 
 2008  1476    14  0.1447259286E+02  0.7803164391E+01 
 2008  1482    14  0.1543542857E+02  0.7488246206E+01 
 2008  1488    14  0.1641014286E+02  0.6964825573E+01 
 2008  1494    14  0.1800892857E+02  0.7078821214E+01 
 2008  1500    14  0.1851307143E+02  0.7262718189E+01 
 2008  1506    14  0.2115614286E+02  0.7008266036E+01 
 2008  1512    14  0.2347750000E+02  0.7465416635E+01 
 2008  1518    14  0.2290600000E+02  0.7404710769E+01 
 2008  1524    14  0.2131428571E+02  0.6824146911E+01 
 2008  1530    14  0.2189457143E+02  0.6266861845E+01 
 2008  1536    14  0.2096357143E+02  0.5860636980E+01 
 2008  1542    14  0.1992514286E+02  0.5285444796E+01 
 2008  1548    14  0.1887800000E+02  0.5007983398E+01 
 2008  1554    14  0.1874592857E+02  0.4873437749E+01 
 2008  1560    14  0.1635678571E+02  0.4724147303E+01 
 2008  1566    14  0.1267842857E+02  0.5247376456E+01 
 2008  1572    14  0.1147465000E+02  0.6092470020E+01 
 2008  1578    14  0.1024028571E+02  0.4987921259E+01 
 2008  1584    14  0.1091592857E+02  0.3787966312E+01 
 2008  1590    14  0.1450185714E+02  0.4712223707E+01 
 2008  1596    14  0.1984685714E+02  0.5820577031E+01 
 2008  1602    14  0.2236778571E+02  0.6385534055E+01 
 2008  1608    14  0.1865678571E+02  0.5891461329E+01 
 2008  1614    14  0.1277678571E+02  0.4354510341E+01 
 2008  1620    14  0.1210914286E+02  0.3885112094E+01 
 2008  1626    14  0.1413864286E+02  0.3975397691E+01 
 2008  1632    14  0.1399764286E+02  0.4015169550E+01 
 2008  1638    14  0.1125835714E+02  0.3887632508E+01 
 2008  1644    14  0.7237185714E+01  0.3420762437E+01 
 2008  1650    14  0.4370428571E+01  0.2967911909E+01 
 2008  1656    14  0.2968071429E+01  0.2155333461E+01 
 2008  1662    14  0.3176435714E+01  0.1659785663E+01 
 2008  1668    14  0.5022050000E+01  0.2420324533E+01 
 2008  1674    14  0.5344887857E+01  0.2869539673E+01 
 2008  1680    14  0.2977507143E+01  0.2573748079E+01 
 2008  1686    14  0.8808857143E+00  0.1983201403E+01 
 2008  1692    14  -0.6218228571E+00  0.1459664605E+01 
 2008  1698    14  0.1311750000E+01  0.1926778953E+01 
 2008  1704    14  0.3235928571E+01  0.2477774331E+01 
 2008  1710    14  0.5813214286E+00  0.2179622160E+01 
 2008  1716    14  -0.2810707143E+01  0.1839571946E+01 
 2008  1722    14  -0.3432857143E+01  0.2120042953E+01 
 2008  1728    14  -0.2858042857E+01  0.2239081921E+01 
 2008  1734    14  -0.1816790714E+01  0.2435830423E+01 
 2008  1740    14  0.1958728571E+01  0.3432541128E+01 
 2008  1746    14  0.4148292857E+01  0.4083268671E+01 
 2008  1752    14  0.7139542857E+01  0.4431200270E+01 
 2008  1758    14  0.1050135000E+02  0.4647270496E+01 
 2008  1764    14  0.1003429286E+02  0.4496040615E+01 
 2008  1770    14  0.1196792857E+02  0.4494395343E+01 
 2008  1776    14  0.1361050000E+02  0.4602065573E+01 
 2008  1782    14  0.1366314286E+02  0.4530411427E+01 
 2008  1788    14  0.1511471429E+02  0.4886675870E+01 
 2008  1794    14  0.1504635714E+02  0.4838563683E+01 
 2008  1800    14  0.1327235714E+02  0.4220682267E+01 
 2008  1806    14  0.1198921429E+02  0.3633411997E+01 
 2008  1812    14  0.9509785714E+01  0.3073859189E+01 
 2008  1818    14  0.8863214286E+01  0.2994246177E+01 
 2008  1824    14  0.7948714286E+01  0.2990832957E+01 
 2008  1830    14  0.6237185714E+01  0.2937135411E+01 
 2008  1836    14  0.4369628571E+01  0.2820289954E+01 
 2008  1842    14  0.4462792857E+01  0.2929593614E+01 
 2008  1848    14  0.7162142857E+01  0.3483976297E+01 
 2008  1854    14  0.9030714286E+01  0.4009248815E+01 
 2008  1860    14  0.1073942857E+02  0.4478129468E+01 
 2008  1866    14  0.1136448571E+02  0.4531634856E+01 
 2008  1872    14  0.1248764286E+02  0.4584822252E+01 
 2008  1878    14  0.1384764286E+02  0.4671659014E+01 
 2008  1884    14  0.1461342857E+02  0.4564202289E+01 
 2008  1890    14  0.1382557143E+02  0.4274135831E+01 
 2008  1896    14  0.1358950000E+02  0.4136984595E+01 
 2008  1902    14  0.1292492857E+02  0.3933476097E+01 
 2008  1908    14  0.1158821429E+02  0.3678593834E+01 
 2008  1914    14  0.1024121429E+02  0.3419822514E+01 
 2008  1920    14  0.7231878571E+01  0.3085350148E+01 
 2008  1926    14  0.5426642857E+01  0.2790206492E+01 
 2008  1932    14  0.3629178571E+01  0.2283403597E+01 
 2008  1938    14  0.1221652857E+01  0.1877326890E+01 
 2008  1944    14  -0.3513571429E-01  0.2580206027E+01 
 2008  1950    14  -0.8455000000E+00  0.2599682849E+01 
 2008  1956    14  -0.4351071429E+01  0.1043021672E+01 
 2008  1962    14  -0.7750357143E+01  0.1764583181E+01 
 2008  1968    14  -0.9295357143E+01  0.2736537009E+01 
 2008  1974    14  -0.8997357143E+01  0.1988664434E+01 
 2008  1980    14  -0.9364071429E+01  0.1274291986E+01 
 2008  1986    14  -0.9171857143E+01  0.1364037434E+01 
 2008  1992    14  -0.1014578571E+02  0.1479452031E+01 
 2008  1998    14  -0.1110921429E+02  0.1763800571E+01 
 2008  2004    14  -0.1033592857E+02  0.1688349806E+01 
 2008  2010    14  -0.8531928571E+01  0.1274674774E+01 
 2008  2016    14  -0.7835357143E+01  0.7042482930E+00 
 2008  2022    14  -0.6171642857E+01  0.5071516549E+00 
 2008  2028    14  -0.5389857143E+01  0.5681369122E+00 
 2008  2034    14  -0.3881214286E+01  0.8089194891E+00 
 2008  2040    14  -0.2537714286E+01  0.9530251405E+00 
 2008  2046    14  -0.1261120000E+01  0.1331338922E+01 
 2008  2052    14  0.9517214286E+00  0.1852779483E+01 
 2008  2058    14  0.4437885714E+01  0.2457842712E+01 
 2008  2064    14  0.5090557143E+01  0.3164611975E+01 
 2008  2070    14  0.3870842857E+01  0.3120240125E+01 
 2008  2076    14  0.2055121429E+01  0.2913145441E+01 
 2008  2082    14  0.1703942857E+01  0.2102093458E+01 
 2008  2088    14  0.3346285714E+01  0.1787786398E+01 
 2008  2094    14  0.6235785714E+01  0.1463314153E+01 
 2008  2100    14  0.8758500000E+01  0.2016484804E+01 
 2008  2106    14  0.8886214286E+01  0.2247069748E+01 
 2008  2112    14  0.5313071429E+01  0.1671436998E+01 
 2008  2118    14  0.1866478571E+01  0.1326453167E+01 
 2008  2124    14  -0.3436264286E+00  0.1090617135E+01 
 2008  2130    14  -0.1015227143E+01  0.7302942586E+00 
 2008  2136    14  0.1425578571E+01  0.1549724934E+01 
 2008  2142    14  0.2713182143E+01  0.1640728660E+01 
 2008  2148    14  0.3817671429E+01  0.1459522183E+01 
 2008  2154    14  0.4004500000E+01  0.1170627472E+01 
 2008  2160    14  0.1495300000E+01  0.8042809557E+00 
 2008  2166    14  -0.1018000000E+00  0.1060177437E+01 
 2008  2172    14  -0.1510500000E+00  0.1170728337E+01 
 2008  2178    14  0.8138642857E+00  0.1504009916E+01 
 2008  2184    14  0.1333177143E+01  0.1149085938E+01 
 2008  2190    14  0.1789664286E+01  0.7014504927E+00 
 2008  2196    14  0.2263785714E+01  0.4378684047E+00 
 2008  2202    14  0.1729571429E+01  0.1389068106E+00 
 2008  2208    14  0.1032235714E+01  0.3495101053E+00 
 2008  2214    14  0.1292957143E+01  0.4967834146E+00 
 2008  2220    14  0.1030580714E+01  0.7350031791E+00 
 2008  2226    14  0.7656714286E-01  0.5244641211E+00 
 2008  2232    14  -0.1738207143E+00  0.5611723572E+00 
 2008  2238    14  0.8713285714E+00  0.6949148750E+00 
 2008  2244    14  0.2479714286E+01  0.4667874139E+00 
 2008  2250    14  0.3358571429E+01  0.5005529392E+00 
 2008  2256    14  0.3479142857E+01  0.4963493668E+00 
 2008  2262    14  0.2671142857E+01  0.4312393861E+00 
 2008  2268    14  0.2544285714E+01  0.3424945106E+00 
 2008  2274    14  0.2454428571E+01  0.6339437463E+00 
 2008  2280    14  0.5583400000E+00  0.8112024006E+00 
 2008  2286    14  -0.1669600000E+01  0.1269539925E+01 
 2008  2292    14  -0.2283721429E+01  0.9601373177E+00 
 2008  2298    14  -0.1515800000E+01  0.3970353871E+00 
 2008  2304    14  0.1007985714E+00  0.5915103835E+00 
 2008  2310    14  0.5412342857E+00  0.8582269076E+00 
 2008  2316    14  0.5592821429E+00  0.1078178806E+01 
 2008  2322    14  0.4133128571E+00  0.1148901904E+01 
 2008  2328    14  0.1617671429E+00  0.9985183230E+00 
 2008  2334    14  0.1950714286E+00  0.8707778070E+00 
 2008  2340    14  -0.3507928571E-01  0.7515044232E+00 
 2008  2346    14  -0.9958428571E+00  0.5267882588E+00 
 2008  2352    14  -0.2362142857E+01  0.6951410810E+00 
 2008  2358    14  -0.3789428571E+01  0.1149482972E+01 
 2008  2364    14  -0.4689714286E+01  0.1676467946E+01 
 2008  2370    14  -0.4137592857E+01  0.1986043230E+01 
 2008  2376    14  -0.3386271429E+01  0.1702514888E+01 
 2008  2382    14  -0.3892714286E+01  0.1201161844E+01 
 2008  2388    14  -0.5111214286E+01  0.1244945104E+01 
 2008  2394    14  -0.6003928571E+01  0.1272137373E+01 
 2008  2400    14  -0.5861071429E+01  0.7322077637E+00 
 2008  2406    14  -0.4218500000E+01  0.3355478995E+00 
 2008  2412    14  -0.1493123857E+01  0.7496683366E+00 
 2008  2418    14  -0.3572891429E+00  0.1033650900E+01 
 2008  2424    14  -0.1482085714E+00  0.1084399269E+01 
 2008  2430    14  -0.3828128571E+00  0.8791608650E+00 
 2008  2436    14  0.7354485714E-01  0.6005733757E+00 
 2008  2442    14  0.7489464286E+00  0.5399064636E+00 
 2008  2448    14  -0.1500285714E+00  0.7691666849E+00 
 2008  2454    14  -0.1190414286E+01  0.1242098266E+01 
 2008  2460    14  -0.1059728571E+01  0.1287281930E+01 
 2008  2466    14  -0.1051490000E+01  0.7315380071E+00 
 2008  2472    14  -0.2340714286E+01  0.3710362763E+00 
 2008  2478    14  -0.3938500000E+01  0.3503120548E+00 
 2008  2484    14  -0.3885571429E+01  0.5707404607E+00 
 2008  2490    14  -0.1791714286E+01  0.4560407921E+00 
 2008  2496    14  0.1125228571E+00  0.4119906523E+00 
 2008  2502    14  0.3654407143E+00  0.2988840020E+00 
 2008  2508    14  -0.8504500000E+00  0.3911296784E+00 
 2008  2514    14  -0.5293387143E+00  0.5167428837E+00 
 2008  2520    14  0.9599357143E-01  0.4695918083E+00 
 2008  2526    14  0.8418200000E+00  0.3736979063E+00 
 2008  2532    14  0.2075600000E+01  0.4625538054E+00 
 2008  2538    14  0.2260714286E+01  0.5930919501E+00 
 2008  2544    14  0.2784000000E+01  0.5954067037E+00 
 2008  2550    14  0.2663285714E+01  0.4635871668E+00 
 2008  2556    14  0.2023614286E+01  0.5356928676E+00 
 2008  2562    14  0.2064528571E+01  0.7932890866E+00 
 2008  2568    14  0.1593364286E+01  0.9789305518E+00 
 2008  2574    14  0.8539757143E+00  0.1072038113E+01 
 2008  2580    14  0.4593000000E-01  0.7987434430E+00 
 2008  2586    14  -0.1468542143E+01  0.1213141504E+01 
 2008  2592    14  -0.2495128571E+01  0.1130646967E+01 
 2008  2598    14  -0.4663285714E+01  0.1297723800E+01 
 2008  2604    14  -0.5356857143E+01  0.1332239031E+01 
 2008  2610    14  -0.5483714286E+01  0.1246680073E+01 
 2008  2616    14  -0.6104857143E+01  0.1225675257E+01 
 2008  2622    14  -0.6371285714E+01  0.1477918876E+01 
 2008  2628    14  -0.5371785714E+01  0.1458697128E+01 
 2008  2634    14  -0.3990285714E+01  0.1310683378E+01 
 2008  2640    14  -0.3913000000E+01  0.1271638089E+01 
 2008  2646    14  -0.4309285714E+01  0.1312483329E+01 
 2008  2652    14  -0.4064000000E+01  0.9935465335E+00 
 2008  2658    14  -0.4122357143E+01  0.8950542368E+00 
 2008  2664    14  -0.3873071429E+01  0.1014203098E+01 
 2008  2670    14  -0.2346664286E+01  0.9411041111E+00 
 2008  2676    14  -0.1430915571E+01  0.6710305340E+00 
 2008  2682    14  -0.4742485714E+00  0.4971130562E+00 
 2008  2688    14  -0.7654285714E+00  0.6294675782E+00 
 2008  2694    14  -0.1095100000E+01  0.1018616499E+01 
 2008  2700    14  -0.1020411429E+01  0.1136355596E+01 
 2008  2706    14  -0.1103564286E+01  0.1284734892E+01 
 2008  2712    14  -0.2069714286E+01  0.1609842488E+01 
 2008  2718    14  -0.2255642857E+01  0.1699131214E+01 
 2008  2724    14  -0.2871107143E+01  0.1720668354E+01 
 2008  2730    14  -0.3390400000E+01  0.1589179805E+01 
 2008  2736    14  -0.3617457143E+01  0.1721756656E+01 
 2008  2742    14  -0.3505071429E+01  0.1826890677E+01 
 2008  2748    14  -0.2902635714E+01  0.1720940485E+01 
 2008  2754    14  -0.2181030714E+01  0.1459399003E+01 
 2008  2760    14  -0.2903978571E+01  0.1420049208E+01 
 2008  2766    14  -0.3056692857E+01  0.1460475210E+01 
 2008  2772    14  -0.3379275850E+01  0.1539951027E+01 
 2008  2778    14  -0.2608542857E+01  0.1367207367E+01 
 2008  2784    14  -0.1530757143E+01  0.1174574760E+01 
 2008  2790    14  -0.5291642857E+00  0.9816001554E+00 
 2008  2796    14  0.6936428571E-01  0.8446710176E+00 
 2008  2802    14  0.4218864286E+00  0.7547469134E+00 
 2008  2808    14  0.1501242857E+00  0.9662800447E+00 
 2008  2814    14  -0.2346071429E+00  0.1084316624E+01 
 2008  2820    14  -0.9600000000E-02  0.9208118638E+00 
 2008  2826    14  -0.2576692857E+00  0.7527674083E+00 
 2008  2832    14  -0.4676714286E+00  0.7144426123E+00 
 2008  2838    14  -0.5192285714E+00  0.8151137488E+00 
 2008  2844    14  -0.7970271429E+00  0.9465435129E+00 
 2008  2850    14  -0.1286692857E+01  0.1077544072E+01 
 2008  2856    14  -0.2846638571E+01  0.1436451547E+01 
 2008  2862    14  -0.3687442857E+01  0.1548726050E+01 
 2008  2868    14  -0.4119642857E+01  0.1463872926E+01 
 2008  2874    14  -0.5087571429E+01  0.1496006432E+01 
 2008  2880    14  -0.5804428571E+01  0.1743288015E+01 
 2008  2886    14  -0.6448357143E+01  0.1702314584E+01 
 2008  2892    14  -0.6355928571E+01  0.1749045759E+01 
 2008  2898    14  -0.6039142857E+01  0.1659271176E+01 
 2008  2904    14  -0.6486500000E+01  0.1768204568E+01 
 2008  2910    14  -0.6881142857E+01  0.1695491368E+01 
 2008  2916    14  -0.6273357143E+01  0.1496871003E+01 
 2008  2922    14  -0.5777928571E+01  0.1347365549E+01 
 2008  2928    14  -0.5872714286E+01  0.1402141394E+01 
 2008  2934    14  -0.4966071429E+01  0.1216797991E+01 
 2008  2940    14  -0.4575214286E+01  0.1039311804E+01 
 2008  2946    14  -0.3498214286E+01  0.1017711872E+01 
 2008  2952    14  -0.2304285714E+01  0.8250866507E+00 
 2008  2958    14  -0.1550250000E+01  0.6634013704E+00 
 2008  2964    14  -0.3999070000E+00  0.6183833766E+00 
 2008  2970    14  0.9853785714E+00  0.5208471838E+00 
 2008  2976    14  0.1445314286E+01  0.5140297710E+00 
 2008  2982    14  0.1787571429E+01  0.5429385277E+00 
 2008  2988    14  0.2105142857E+01  0.5838226072E+00 
 2008  2994    14  0.2180785714E+01  0.5101235395E+00 
 2008  3000    14  0.2020214286E+01  0.4804747918E+00 
 2008  3006    14  0.1998857143E+01  0.4918462096E+00 
 2008  3012    14  0.2643071429E+01  0.5223338375E+00 
 2008  3018    14  0.3228714286E+01  0.4338932437E+00 
 2008  3024    14  0.3792857143E+01  0.3279598968E+00 
 2008  3030    14  0.4737142857E+01  0.5121668056E+00 
 2008  3036    14  0.4461142857E+01  0.5604782215E+00 
 2008  3042    14  0.3399428571E+01  0.4230669846E+00 
 2008  3048    14  0.1526642857E+01  0.6896051062E+00 
 2008  3054    14  0.3347071429E+00  0.9603646521E+00 
 2008  3060    14  0.2515500000E+00  0.1166719473E+01 
 2008  3066    14  -0.4847214286E+00  0.1057791160E+01 
 2008  3072    14  -0.9579357143E+00  0.8614627026E+00 
 2008  3078    14  -0.8724478571E+00  0.9165044633E+00 
 2008  3084    14  -0.9134500000E+00  0.9124028471E+00 
 2008  3090    14  -0.4267142857E+00  0.7255095774E+00 
 2008  3096    14  -0.7220785714E+00  0.8155403916E+00 
 2008  3102    14  -0.7149135714E+00  0.8521903995E+00 
 2008  3108    14  -0.2781735714E+00  0.7807834720E+00 
 2008  3114    14  -0.2807550000E+00  0.6960018083E+00 
 2008  3120    14  -0.3560557143E+00  0.7309313022E+00 
 2008  3126    14  -0.1162500000E+00  0.8223737999E+00 
 2008  3132    14  0.2011057143E+00  0.7474637883E+00 
 2008  3138    14  0.7638800000E+00  0.5782819812E+00 
 2008  3144    14  0.4879600000E+00  0.6756154227E+00 
 2008  3150    14  0.5605537857E+00  0.7290592834E+00 
 2008  3156    14  0.1258559286E+00  0.7165684183E+00 
 2008  3162    14  -0.5448722143E+00  0.6689547479E+00 
 2008  3168    14  -0.1082457143E+01  0.8044502512E+00 
 2008  3174    14  -0.1069852143E+01  0.9576391437E+00 
 2008  3180    14  0.1727101429E+01  0.1638162011E+01 
 2008  3186    14  0.4005885714E+01  0.2506159771E+01 
 2008  3192    14  0.2087992857E+01  0.1851706005E+01 
 2008  3198    14  0.1161842857E+01  0.8685893874E+00 
 2008  3204    14  -0.4973428571E+00  0.1065784081E+01 
 2008  3210    14  -0.9280428571E+00  0.1440872954E+01 
 2008  3216    14  -0.1959728571E+01  0.1840598781E+01 
 2008  3222    14  -0.2209578571E+01  0.2122294101E+01 
 2008  3228    14  -0.1727585000E+01  0.1757538722E+01 
 2008  3234    14  -0.3180085714E+01  0.1191522907E+01 
 2008  3240    14  -0.5526214286E+01  0.1528527965E+01 
 2008  3246    14  -0.6049142857E+01  0.1770799249E+01 
 2008  3252    14  -0.5744928571E+01  0.1659984572E+01 
 2008  3258    14  -0.4299642857E+01  0.1256651253E+01 
 2008  3264    14  -0.3995714286E+01  0.9835280102E+00 
 2008  3270    14  -0.4564857143E+01  0.8603759857E+00 
 2008  3276    14  -0.5138214286E+01  0.7154673975E+00 
 2008  3282    14  -0.4363357143E+01  0.6370949253E+00 
 2008  3288    14  -0.3687000000E+01  0.5406276775E+00 
 2008  3294    14  -0.3099428571E+01  0.3933080789E+00 
 2008  3300    14  -0.2711785714E+01  0.3763448606E+00 
 2008  3306    14  -0.1668642857E+01  0.6256713659E+00 
 2008  3312    14  -0.1915000000E+01  0.6633771821E+00 
 2008  3318    14  -0.2098357143E+01  0.3938452573E+00 
 2008  3324    14  -0.8500028571E+00  0.6721891497E+00 
 2008  3330    14  0.1784135714E+01  0.1020719509E+01 
 2008  3336    14  0.2068157143E+01  0.1014514923E+01 
 2008  3342    14  0.1991200000E+01  0.7739134023E+00 
 2008  3348    14  0.2290464286E+01  0.6763407970E+00 
 2008  3354    14  0.2892357143E+01  0.7975969809E+00 
 2008  3360    14  0.3079428571E+01  0.7742696756E+00 
 2008  3366    14  0.3555571429E+01  0.8728308390E+00 
 2008  3372    14  0.3662857143E+01  0.8486915018E+00 
 2008  3378    14  0.3839500000E+01  0.8456306818E+00 
 2008  3384    14  0.3516571429E+01  0.6037547651E+00 
 2008  3390    14  0.3491642857E+01  0.4696774892E+00 
 2008  3396    14  0.3567428571E+01  0.4669064933E+00 
 2008  3402    14  0.3994000000E+01  0.6205608063E+00 
 2008  3408    14  0.3980214286E+01  0.7447474336E+00 
 2008  3414    14  0.3396357143E+01  0.7366092788E+00 
 2008  3420    14  0.2450714286E+01  0.5841497397E+00 
 2008  3426    14  0.1601271429E+01  0.6927520804E+00 
 2008  3432    14  0.1020801429E+01  0.8844913656E+00 
 2008  3438    14  0.4101021429E+00  0.9215454989E+00 
 2008  3444    14  -0.3689428571E+00  0.9838644518E+00 
 2008  3450    14  -0.5595857143E+00  0.9746474907E+00 
 2008  3456    14  -0.9132714286E+00  0.1186903486E+01 
 2008  3462    14  -0.1206021429E+01  0.1200233793E+01 
 2008  3468    14  -0.1266071429E+01  0.1268200948E+01 
 2008  3474    14  -0.1558285714E+01  0.1371621916E+01 
 2008  3480    14  -0.1804192857E+01  0.1503768166E+01 
 2008  3486    14  -0.1965728571E+01  0.1522398108E+01 
 2008  3492    14  -0.2083192857E+01  0.1600230340E+01 
 2008  3498    14  -0.2139807143E+01  0.1544919879E+01 
 2008  3504    14  -0.3515492857E+01  0.1847125706E+01 
 2008  3510    14  -0.4197000714E+01  0.2187344861E+01 
 2008  3516    14  -0.3897778571E+01  0.2171272068E+01 
 2008  3522    14  -0.4542542857E+01  0.2042945398E+01 
 2008  3528    14  -0.6738857143E+01  0.2397747451E+01 
 2008  3534    14  -0.6592428571E+01  0.2700371078E+01 
 2008  3540    14  -0.5098707143E+01  0.2525972268E+01 
 2008  3546    14  -0.4510457143E+01  0.1930104195E+01 
 2008  3552    14  -0.4915678571E+01  0.2057404764E+01 
 2008  3558    14  -0.4740278571E+01  0.2173493650E+01 
 2008  3564    14  -0.4221957143E+01  0.2158546876E+01 
 2008  3570    14  -0.3660964286E+01  0.2174905399E+01 
 2008  3576    14  -0.4064600000E+01  0.2302224189E+01 
 2008  3582    14  -0.4805371429E+01  0.2428991519E+01 
 2008  3588    14  -0.5167550000E+01  0.2496825648E+01 
 2008  3594    14  -0.5176978571E+01  0.2471647330E+01 
 2008  3600    14  -0.6462907143E+01  0.2679205340E+01 
 2008  3606    14  -0.7364685714E+01  0.2931047599E+01 
 2008  3612    14  -0.7485642857E+01  0.2880399640E+01 
 2008  3618    14  -0.7116285714E+01  0.2632997706E+01 
 2008  3624    14  -0.7142357143E+01  0.2601326382E+01 
 2008  3630    14  -0.7280642857E+01  0.2625565779E+01 
 2008  3636    14  -0.7142428571E+01  0.2606065445E+01 
 2008  3642    14  -0.6539642857E+01  0.2469407465E+01 
 2008  3648    14  -0.7053000000E+01  0.2582007857E+01 
 2008  3654    14  -0.6861071429E+01  0.2642904989E+01 
 2008  3660    14  -0.6465142857E+01  0.2510229894E+01 
 2008  3666    14  -0.6261071429E+01  0.2372841258E+01 
 2008  3672    14  -0.6696785714E+01  0.2388444658E+01 
 2008  3678    14  -0.6115928571E+01  0.2417545404E+01 
 2008  3684    14  -0.5109778571E+01  0.2242470976E+01 
 2008  3690    14  -0.4648214286E+01  0.1973371891E+01 
 2008  3696    14  -0.4516114286E+01  0.1860127721E+01 
 2008  3702    14  -0.4822607143E+01  0.2039206208E+01 
 2008  3708    14  -0.4611707143E+01  0.2105748677E+01 
 2008  3714    14  -0.4726514286E+01  0.2121566757E+01 
 2008  3720    14  -0.5575464286E+01  0.2361128628E+01 
 2008  3726    14  -0.5832785714E+01  0.2514807581E+01 
 2008  3732    14  -0.5940492857E+01  0.2431363471E+01 
 2008  3738    14  -0.6018757143E+01  0.2366227485E+01 
 2008  3744    14  -0.6677400000E+01  0.2660005090E+01 
 2008  3750    14  -0.6940685714E+01  0.2883507720E+01 
 2008  3756    14  -0.6163965714E+01  0.2843908000E+01 
 2008  3762    14  -0.5915800000E+01  0.2575275665E+01 
 2008  3768    14  -0.6656100000E+01  0.2588865458E+01 
 2008  3774    14  -0.6635642857E+01  0.2585158260E+01 
 2008  3780    14  -0.6123307143E+01  0.2431699564E+01 
 2008  3786    14  -0.5271221429E+01  0.2136614644E+01 
 2008  3792    14  -0.4851571429E+01  0.2000893172E+01 
 2008  3798    14  -0.4177957143E+01  0.1883637627E+01 
 2008  3804    14  -0.3613471429E+01  0.1733132290E+01 
 2008  3810    14  -0.2899350000E+01  0.1557411936E+01 
 2008  3816    14  -0.3347290000E+01  0.1615846670E+01 
 2008  3822    14  -0.3319842857E+01  0.1640605811E+01 
 2008  3828    14  -0.4047114286E+01  0.1608888445E+01 
 2008  3834    14  -0.3600564286E+01  0.1498559281E+01 
 2008  3840    14  -0.3297285714E+01  0.1318039964E+01 
 2008  3846    14  -0.3823785714E+01  0.1148882201E+01 
 2008  3852    14  -0.1822857143E+01  0.8276742516E+00 
 2008  3858    14  0.5763985714E+00  0.3206685025E+00 
 2008  3864    14  0.3213307143E+00  0.9581432785E+00 
 2008  3870    14  -0.5236435714E+00  0.8518096455E+00 
 2008  3876    14  -0.2169012000E+01  0.1239633479E+01 
 2008  3882    14  -0.2059657143E+01  0.1672686467E+01 
 2008  3888    14  -0.4244714286E+00  0.2066516202E+01 
 2008  3894    14  0.1824471429E+01  0.1604293864E+01 
 2008  3900    14  0.4446585714E+01  0.2982017539E+01 
 2008  3906    14  0.6920764286E+01  0.3608254942E+01 
 2008  3912    14  0.7897614286E+01  0.3463103957E+01 
 2008  3918    14  0.8833214286E+01  0.3168990312E+01 
 2008  3924    14  0.9545071429E+01  0.3353235335E+01 
 2008  3930    14  0.1142985714E+02  0.3628579471E+01 
 2008  3936    14  0.1265328571E+02  0.3874402579E+01 
 2008  3942    14  0.1140157143E+02  0.3623987794E+01 
 2008  3948    14  0.1018750000E+02  0.3229248779E+01 
 2008  3954    14  0.1025557143E+02  0.2958134661E+01 
 2008  3960    14  0.9875928571E+01  0.2747440561E+01 
 2008  3966    14  0.9660214286E+01  0.2626332701E+01 
 2008  3972    14  0.8040142857E+01  0.2283647892E+01 
 2008  3978    14  0.6817928571E+01  0.2050160498E+01 
 2008  3984    14  0.5696285714E+01  0.1714848158E+01 
 2008  3990    14  0.4057428571E+01  0.1239639159E+01 
 2008  3996    14  0.3252428571E+01  0.9512912814E+00 
 2008  4002    14  0.2533357143E+01  0.7984062345E+00 
 2008  4008    14  0.1434707143E+01  0.5830883484E+00 
 2008  4014    14  0.5893957143E+00  0.4159451464E+00 
 2008  4020    14  0.1483871429E-01  0.5718367467E+00 
 2008  4026    14  -0.1053507143E+00  0.6669392350E+00 
 2008  4032    14  -0.3017242857E+00  0.5457849628E+00 
 2008  4038    14  -0.3809207143E+00  0.4709324169E+00 
 2008  4044    14  -0.7700071429E-01  0.6040878844E+00 
 2008  4050    14  0.8320000000E+00  0.7967674136E+00 
 2008  4056    14  0.1280228571E+01  0.8850025831E+00 
 2008  4062    14  0.1737364286E+01  0.9063327910E+00 
 2008  4068    14  0.2387292857E+01  0.1103149603E+01 
 2008  4074    14  0.2689271429E+01  0.1205211848E+01 
 2008  4080    14  0.2383292857E+01  0.1095639011E+01 
 2008  4086    14  0.2888214286E+01  0.8734233288E+00 
 2008  4092    14  0.2945714286E+01  0.9310466789E+00 
 2008  4098    14  0.2407300000E+01  0.9062648683E+00 
 2008  4104    14  0.1601171143E+01  0.7512290176E+00 
 2008  4110    14  0.1145985714E+01  0.8958722524E+00 
 2008  4116    14  0.1332057143E+01  0.1021950606E+01 
 2008  4122    14  0.1794042857E+01  0.1092245065E+01 
 2008  4128    14  0.1468092857E+01  0.9573483151E+00 
 2008  4134    14  0.1742578571E+01  0.1099467079E+01 
 2008  4140    14  0.3194792857E+01  0.1447608861E+01 
 2008  4146    14  0.4233771429E+01  0.1701861995E+01 
 2008  4152    14  0.4960500000E+01  0.1694201866E+01 
 2008  4158    14  0.5816000000E+01  0.1779468781E+01 
 2008  4164    14  0.7184500000E+01  0.1794985625E+01 
 2008  4170    14  0.7792642857E+01  0.1784074294E+01 
 2008  4176    14  0.6071785714E+01  0.1646860701E+01 
 2008  4182    14  0.3677214286E+01  0.1501095799E+01 
 2008  4188    14  0.1567107143E+01  0.1480838302E+01 
 2008  4194    14  0.2406214286E+01  0.1882072307E+01 
 2008  4200    14  0.4367885714E+01  0.2552579360E+01 
 2008  4206    14  0.3427107143E+01  0.2891204656E+01 
 2008  4212    14  0.5629671429E+01  0.2893464878E+01 
 2008  4218    14  0.9113571429E+01  0.3189258058E+01 
 2008  4224    14  0.1103492857E+02  0.3553970023E+01 
 2008  4230    14  0.1245057143E+02  0.3631628338E+01 
 2008  4236    14  0.1363650000E+02  0.3335728379E+01 
 2008  4242    14  0.1289300000E+02  0.3481764372E+01 
 2008  4248    14  0.1162771429E+02  0.3378029316E+01 
 2008  4254    14  0.9706500000E+01  0.2711837483E+01 
 2008  4260    14  0.8836428571E+01  0.2401563173E+01 
 2008  4266    14  0.8578285714E+01  0.2360783146E+01 
 2008  4272    14  0.7772142857E+01  0.2209089207E+01 
 2008  4278    14  0.7431285714E+01  0.2090305631E+01 
 2008  4284    14  0.6138000000E+01  0.1822962307E+01 
 2008  4290    14  0.5121214286E+01  0.1638619418E+01 
 2008  4296    14  0.4940714286E+01  0.1620737285E+01 
 2008  4302    14  0.5063428571E+01  0.1696651438E+01 
 2008  4308    14  0.5621071429E+01  0.1763364538E+01 
 2008  4314    14  0.5083571429E+01  0.1686925382E+01 
 2008  4320    14  0.4179785714E+01  0.1317032985E+01 
 2008  4326    14  0.3732500000E+01  0.1133221940E+01 
 2008  4332    14  0.4851214286E+01  0.1362866369E+01 
 2008  4338    14  0.5375357143E+01  0.1475846760E+01 
 2008  4344    14  0.4550357143E+01  0.1307592641E+01 
 2008  4350    14  0.3532000000E+01  0.1158115834E+01 
 2008  4356    14  0.3072228571E+01  0.1251767311E+01 
 2008  4362    14  0.3735964286E+01  0.1372129659E+01 
 2008  4368    14  0.4513785714E+01  0.1351550125E+01 
 2008  4374    14  0.5426571429E+01  0.1385057230E+01 
 2008  4380    14  0.5612642857E+01  0.1440055733E+01 
 2008  4386    14  0.6794000000E+01  0.1502768160E+01 
 2008  4392    14  0.7022571429E+01  0.1397950679E+01 
 2008  4398    14  0.6862357143E+01  0.1224200766E+01 
 2008  4404    14  0.6725785714E+01  0.1149227081E+01 
 2008  4410    14  0.6387928571E+01  0.1211300981E+01 
 2008  4416    14  0.5260928571E+01  0.1014832813E+01 
 2008  4422    14  0.4434642857E+01  0.6913225015E+00 
 2008  4428    14  0.3559285714E+01  0.5020306520E+00 
 2008  4434    14  0.2574214286E+01  0.4618829751E+00 
 2008  4440    14  0.9749500000E+00  0.6007198560E+00 
 2008  4446    14  -0.3842764286E+00  0.1027276793E+01 
 2008  4452    14  -0.1659085714E+01  0.1075753568E+01 
 2008  4458    14  -0.2203050000E+01  0.7684761477E+00 
 2008  4464    14  -0.2540814286E+01  0.7965322107E+00 
 2008  4470    14  -0.2011321429E+01  0.9422778224E+00 
 2008  4476    14  -0.1992357143E+01  0.1003028307E+01 
 2008  4482    14  -0.1822028571E+01  0.1113213989E+01 
 2008  4488    14  -0.1600300000E+01  0.7997098322E+00 
 2008  4494    14  -0.2124357143E+01  0.7143636136E+00 
 2008  4500    14  -0.2177285714E+01  0.6171279595E+00 
 2008  4506    14  -0.1551928571E+01  0.3004580941E+00 
 2008  4512    14  -0.1435850000E+01  0.2665452381E+00 
 2008  4518    14  -0.1127457143E+01  0.2844545952E+00 
 2008  4524    14  -0.1650571429E+01  0.4204566759E+00 
 2008  4530    14  -0.1591928571E+01  0.5137765585E+00 
 2008  4536    14  -0.1267735714E+01  0.3911059769E+00 
 2008  4542    14  -0.1539807143E+01  0.3878020988E+00 
 2008  4548    14  -0.1243907143E+01  0.3187486391E+00 
 2008  4554    14  -0.9120642857E+00  0.3049189180E+00 
 2008  4560    14  -0.2236442857E+00  0.3505414039E+00 
 2008  4566    14  -0.2283428571E+00  0.3738103982E+00 
 2008  4572    14  -0.2055214286E-02  0.5432933234E+00 
 2008  4578    14  0.4722642857E+00  0.8616380452E+00 
 2008  4584    14  0.8622964286E+00  0.1104584394E+01 
 2008  4590    14  0.7345250000E+00  0.7644476103E+00 
 2008  4596    14  0.1554992857E+01  0.9683988755E+00 
 2008  4602    14  0.2848528571E+01  0.1162348400E+01 
 2008  4608    14  0.2446028571E+01  0.1255365265E+01 
 2008  4614    14  0.2064000000E+01  0.1057961129E+01 
 2008  4620    14  0.1482491429E+01  0.1076645864E+01 
 2008  4626    14  0.1392028571E+01  0.1215184709E+01 
 2008  4632    14  0.1244957143E+01  0.1093984184E+01 
 2008  4638    14  0.1249178571E+01  0.1004827212E+01 
 2008  4644    14  0.1492100000E+01  0.1115014584E+01 
 2008  4650    14  0.1810528571E+01  0.1204129245E+01 
 2008  4656    14  0.2020172143E+01  0.1087261473E+01 
 2008  4662    14  0.2142640714E+01  0.1032516650E+01 
 2008  4668    14  0.2419607143E+01  0.9130652883E+00 
 2008  4674    14  0.2949500000E+01  0.7597165590E+00 
 2008  4680    14  0.3034357143E+01  0.8202122205E+00 
 2008  4686    14  0.2747571429E+01  0.7275847240E+00 
 2008  4692    14  0.2579428571E+01  0.9589665356E+00 
 2008  4698    14  0.3083392857E+01  0.1134056785E+01 
 2008  4704    14  0.3234721429E+01  0.1208247993E+01 
 2008  4710    14  0.3441042857E+01  0.1192436292E+01 
 2008  4716    14  0.3814785714E+01  0.1247754279E+01 
 2008  4722    14  0.4321285714E+01  0.1327994913E+01 
 2008  4728    14  0.4164785714E+01  0.1371694634E+01 
 2008  4734    14  0.4079985714E+01  0.1572770414E+01 
 2008  4740    14  0.4914000000E+01  0.1788312892E+01 
 2008  4746    14  0.5639142857E+01  0.1908140413E+01 
 2008  4752    14  0.5989857143E+01  0.2041855419E+01 
 2008  4758    14  0.6237428571E+01  0.2223367803E+01 
 2008  4764    14  0.6721071429E+01  0.2390509463E+01 
 2008  4770    14  0.7263500000E+01  0.2429238851E+01 
 2008  4776    14  0.7194785714E+01  0.2341564440E+01 
 2008  4782    14  0.6971500000E+01  0.2143754375E+01 
 2008  4788    14  0.7162714286E+01  0.2111715194E+01 
 2008  4794    14  0.7178357143E+01  0.2199974922E+01 
 2008  4800    14  0.6230785714E+01  0.2009356620E+01 
 2008  4806    14  0.5862857143E+01  0.1782257351E+01 
 2008  4812    14  0.5734214286E+01  0.1649540377E+01 
 2008  4818    14  0.5346285714E+01  0.1620191410E+01 
 2008  4824    14  0.4475571429E+01  0.1457789702E+01 
 2008  4830    14  0.3069357143E+01  0.1281183081E+01 
 2008  4836    14  0.2114714286E+01  0.1413755541E+01 
 2008  4842    14  0.2478992857E+01  0.1509400255E+01 
 2008  4848    14  0.2259550000E+01  0.1350557569E+01 
 2008  4854    14  0.1274478571E+01  0.9672480766E+00 
 2008  4860    14  0.4081950000E+00  0.5019697644E+00 
 2008  4866    14  -0.5008857143E-01  0.2898674458E+00 
 2008  4872    14  0.4357742857E+00  0.4378897612E+00 
 2008  4878    14  0.1057621429E+01  0.6963252731E+00 
 2008  4884    14  0.9233071429E+00  0.5850887899E+00 
 2008  4890    14  0.1662014286E+01  0.6770667374E+00 
 2008  4896    14  0.1596850000E+01  0.6206352722E+00 
 2008  4902    14  0.3123357143E+01  0.3772287308E+00 
 2008  4908    14  0.5251428571E+01  0.5450914359E+00 
 2008  4914    14  0.6821071429E+01  0.9000919369E+00 
 2008  4920    14  0.7319357143E+01  0.9745329729E+00 
 2008  4926    14  0.7329571429E+01  0.8238436671E+00 
 2008  4932    14  0.7036785714E+01  0.6246648448E+00 
 2008  4938    14  0.6314071429E+01  0.5293049977E+00 
 2008  4944    14  0.5059071429E+01  0.7867154563E+00 
 2008  4950    14  0.4647214286E+01  0.1021816952E+01 
 2008  4956    14  0.3493071429E+01  0.9958327071E+00 
 2008  4962    14  0.1792064286E+01  0.1102385906E+01 
 2008  4968    14  -0.1868107143E+00  0.1367978541E+01 
 2008  4974    14  -0.1484800000E+01  0.1652774405E+01 
 2008  4980    14  -0.2024071429E+01  0.1829857499E+01 
 2008  4986    14  -0.2093628571E+01  0.1771250527E+01 
 2008  4992    14  -0.3150062857E+01  0.1841790019E+01 
 2008  4998    14  -0.3223550000E+01  0.1937972325E+01 
 2008  5004    14  -0.2904307143E+01  0.1878022839E+01 
 2008  5010    14  -0.2881885714E+01  0.1891575752E+01 
 2008  5016    14  -0.3141100000E+01  0.1868300533E+01 
 2008  5022    14  -0.3447526500E+01  0.1931782625E+01 
 2008  5028    14  -0.3572260714E+01  0.1897185606E+01 
 2008  5034    14  -0.3369498571E+01  0.1843441202E+01 
 2008  5040    14  -0.3077692857E+01  0.1846249561E+01 
 2008  5046    14  -0.2815235714E+01  0.1837385062E+01 
 2008  5052    14  -0.2561664286E+01  0.1757140183E+01 
 2008  5058    14  -0.2585164286E+01  0.1729785914E+01 
 2008  5064    14  -0.3094871429E+01  0.1820745315E+01 
 2008  5070    14  -0.3665326429E+01  0.1982985915E+01 
 2008  5076    14  -0.4129264286E+01  0.2084081283E+01 
 2008  5082    14  -0.3889921429E+01  0.2025350694E+01 
 2008  5088    14  -0.4511492857E+01  0.2111109042E+01 
 2008  5094    14  -0.4624478571E+01  0.2147163339E+01 
 2008  5100    14  -0.4695337857E+01  0.2141082075E+01 
 2008  5106    14  -0.4822128571E+01  0.2014722587E+01 
 2008  5112    14  -0.5305592857E+01  0.2023134262E+01 
 2008  5118    14  -0.4996542857E+01  0.1961853840E+01 
 2008  5124    14  -0.4668192857E+01  0.1870735882E+01 
 2008  5130    14  -0.3686950000E+01  0.1650883786E+01 
 2008  5136    14  -0.3745028571E+01  0.1579170122E+01 
 2008  5142    14  -0.4537785714E+01  0.1549485361E+01 
 2008  5148    14  -0.4918000000E+01  0.1424501818E+01 
 2008  5154    14  -0.4658928571E+01  0.1218792931E+01 
 2008  5160    14  -0.5214714286E+01  0.1485099873E+01 
 2008  5166    14  -0.5976000000E+01  0.1441239744E+01 
 2008  5172    14  -0.5095357143E+01  0.1035695598E+01 
 2008  5178    14  -0.3136785714E+01  0.6018125217E+00 
 2008  5184    14  -0.2550285714E+01  0.6566496596E+00 
 2008  5190    14  -0.2584857143E+01  0.6084932042E+00 
 2008  5196    14  -0.3448500000E+01  0.5542723351E+00 
 2008  5202    14  -0.2579285714E+01  0.5957145084E+00 
 2008  5208    14  0.3546928571E+00  0.1934873717E+01 
 2008  5214    14  0.3962200000E+01  0.3214246406E+01 
 2008  5220    14  0.4091447857E+01  0.3403059142E+01 
 2008  5226    14  0.7615771429E+01  0.3335134980E+01 
 2008  5232    14  0.1148371429E+02  0.4000025329E+01 
 2008  5238    14  0.1418485714E+02  0.4595411296E+01 
 2008  5244    14  0.1573828571E+02  0.4536185424E+01 
 2008  5250    14  0.1682342857E+02  0.4307541720E+01 
 2008  5256    14  0.1451550000E+02  0.3674731414E+01 
 2008  5262    14  0.1319371429E+02  0.3317513794E+01 
 2008  5268    14  0.1103907143E+02  0.2599899434E+01 
 2008  5274    14  0.7995285714E+01  0.2314050019E+01 
 2008  5280    14  0.4091428571E+01  0.1417122220E+01 
 2008  5286    14  0.1721289286E+01  0.9741042281E+00 
 2008  5292    14  0.5039000000E+00  0.1141050890E+01 
 2008  5298    14  -0.3553714286E+00  0.1177196201E+01 
 2008  5304    14  -0.7553928571E+00  0.8903070541E+00 
 2008  5310    14  -0.5173907143E+00  0.1097337376E+01 
 2008  5316    14  0.2903714286E+00  0.1169690222E+01 
 2008  5322    14  0.3196521429E+01  0.1724520591E+01 
 2008  5328    14  0.4440850000E+01  0.2137801786E+01 
 2008  5334    14  0.3450764286E+01  0.1949932660E+01 
 2008  5340    14  0.3257621429E+01  0.2013835979E+01 
 2008  5346    14  0.4794000000E+01  0.2018483129E+01 
 2008  5352    14  0.4723264286E+01  0.2425568114E+01 
 2008  5358    14  0.4071872143E+01  0.2352390665E+01 
 2008  5364    14  0.3825057143E+01  0.2286778835E+01 
 2008  5370    14  0.4820185714E+01  0.2450277955E+01 
 2008  5376    14  0.4665235714E+01  0.2223201166E+01 
 2008  5382    14  0.4345400000E+01  0.1741376876E+01 
 2008  5388    14  0.4471642857E+01  0.1513677481E+01 
 2008  5394    14  0.3866814286E+01  0.1587673533E+01 
 2008  5400    14  0.3553007143E+01  0.1926464134E+01 
 2008  5406    14  0.2919564286E+01  0.2254736496E+01 
 2008  5412    14  0.2188042857E+01  0.2270907942E+01 
 2008  5418    14  0.1511835714E+01  0.1979546465E+01 
 2008  5424    14  0.2170742857E+01  0.1797076197E+01 
 2008  5430    14  0.2716500000E+01  0.1981330925E+01 
 2008  5436    14  0.2609171429E+01  0.1994657376E+01 
 2008  5442    14  0.3965996429E+01  0.2183428469E+01 
 2008  5448    14  0.3317192857E+01  0.1944024541E+01 
 2008  5454    14  0.5821857143E+01  0.1752508156E+01 
 2008  5460    14  0.8514214286E+01  0.2228404464E+01 
 2008  5466    14  0.9285000000E+01  0.2585346923E+01 
 2008  5472    14  0.8851214286E+01  0.2398080249E+01 
 2008  5478    14  0.8103785714E+01  0.2436867901E+01 
 2008  5484    14  0.8128000000E+01  0.2404798477E+01 
 2008  5490    14  0.8943142857E+01  0.2661440127E+01 
 2008  5496    14  0.8996000000E+01  0.2368169305E+01 
 2008  5502    14  0.6467214286E+01  0.2199681541E+01 
 2008  5508    14  0.4673214286E+01  0.2253746474E+01 
 2008  5514    14  0.3812857143E+01  0.1874351311E+01 
 2008  5520    14  0.2488471429E+01  0.1925236684E+01 
 2008  5526    14  0.1321500714E+01  0.1977493379E+01 
 2008  5532    14  -0.4441000000E+00  0.1579834706E+01 
 2008  5538    14  -0.1040464286E+01  0.1474473386E+01 
 2008  5544    14  -0.1389642857E+00  0.1112013154E+01 
 2008  5550    14  0.1319649286E+01  0.1013820066E+01 
 2008  5556    14  0.9214357143E+00  0.1116861006E+01 
 2008  5562    14  0.6265528571E+00  0.1031020803E+01 
 2008  5568    14  -0.4818357143E-01  0.8723914628E+00 
 2008  5574    14  0.6521642857E+00  0.8953461674E+00 
 2008  5580    14  0.1235278571E+01  0.1088676102E+01 
 2008  5586    14  0.1569257143E+01  0.1211221073E+01 
 2008  5592    14  0.1223528571E+01  0.1237172245E+01 
 2008  5598    14  0.7623928571E+00  0.1115138690E+01 
 2008  5604    14  0.1675707143E+01  0.1340780818E+01 
 2008  5610    14  0.2864450000E+01  0.1618412808E+01 
 2008  5616    14  0.3282014286E+01  0.1627274594E+01 
 2008  5622    14  0.3770214286E+01  0.1282618426E+01 
 2008  5628    14  0.5081928571E+01  0.1536692527E+01 
 2008  5634    14  0.5855857143E+01  0.1785566131E+01 
 2008  5640    14  0.5777357143E+01  0.1717989797E+01 
 2008  5646    14  0.5291071429E+01  0.1456071695E+01 
 2008  5652    14  0.4049928571E+01  0.1244078630E+01 
 2008  5658    14  0.3472071429E+01  0.1319162638E+01 
 2008  5664    14  0.3653557143E+01  0.1564099542E+01 
 2008  5670    14  0.3630364286E+01  0.1430663157E+01 
 2008  5676    14  0.2300532857E+01  0.1045613430E+01 
 2008  5682    14  0.1402900000E+01  0.9100396585E+00 
 2008  5688    14  0.1556510000E+01  0.7355781733E+00 
 2008  5694    14  0.1820871429E+01  0.8026436804E+00 
 2008  5700    14  0.2347721429E+01  0.9315914235E+00 
 2008  5706    14  0.2829907143E+01  0.1127095432E+01 
 2008  5712    14  0.2583128571E+01  0.1025133927E+01 
 2008  5718    14  0.2138142857E+01  0.8719480012E+00 
 2008  5724    14  0.2437128571E+01  0.7613743686E+00 
 2008  5730    14  0.3378857143E+01  0.9226654600E+00 
 2008  5736    14  0.3415571429E+01  0.1056211337E+01 
 2008  5742    14  0.3233785714E+01  0.9594800064E+00 
 2008  5748    14  0.3301807143E+01  0.1176306382E+01 
 2008  5754    14  0.3888492857E+01  0.1485594314E+01 
 2008  5760    14  0.2771781429E+01  0.1526334252E+01 
 2008  5766    14  0.2156192857E+01  0.1470454527E+01 
 2008  5772    14  0.2180229286E+01  0.1976876649E+01 
 2008  5778    14  0.3633278571E+01  0.2371390687E+01 
 2008  5784    14  0.6569185714E+01  0.2652638642E+01 
 2008  5790    14  0.8225500000E+01  0.2707148177E+01 
 2008  5796    14  0.9002428571E+01  0.2727444191E+01 
 2008  5802    14  0.9806000000E+01  0.2887247107E+01 
 2008  5808    14  0.1115185714E+02  0.2868019796E+01 
 2008  5814    14  0.1200728571E+02  0.2881057480E+01 
 2008  5820    14  0.1209414286E+02  0.2607262984E+01 
 2008  5826    14  0.1159278571E+02  0.2264275386E+01 
 2008  5832    14  0.1008700000E+02  0.1778273802E+01 
 2008  5838    14  0.9540214286E+01  0.1604213834E+01 
 2008  5844    14  0.9211571429E+01  0.1538110934E+01 
 2008  5850    14  0.9037642857E+01  0.1744760631E+01 
 2008  5856    14  0.7201785714E+01  0.1031676249E+01 
 2008  5862    14  0.4298285714E+01  0.4995189727E+00 
 2008  5868    14  0.1634235714E+01  0.5455380772E+00 
 2008  5874    14  -0.1094328571E+01  0.1178535088E+01 
 2008  5880    14  -0.2902814286E+01  0.1600042845E+01 
 2008  5886    14  -0.3871828571E+01  0.1611990920E+01 
 2008  5892    14  -0.4840428571E+01  0.1339628238E+01 
 2008  5898    14  -0.5148000000E+01  0.1132670107E+01 
 2008  5904    14  -0.5816642857E+01  0.1194607862E+01 
 2008  5910    14  -0.6590428571E+01  0.1130968530E+01 
 2008  5916    14  -0.6569357143E+01  0.1035258326E+01 
 2008  5922    14  -0.7170642857E+01  0.8836244845E+00 
 2008  5928    14  -0.6654714286E+01  0.1031348800E+01 
 2008  5934    14  -0.5755071429E+01  0.7691544954E+00 
 2008  5940    14  -0.4233285714E+01  0.1103538816E+01 
 2008  5946    14  -0.4501250000E+00  0.1081720121E+01 
 2008  5952    14  -0.1485428571E-01  0.6624879171E+00 
 2008  5958    14  0.2863214286E+00  0.7551883927E+00 
 2008  5964    14  0.1913842857E+01  0.1261645387E+01 
 2008  5970    14  0.2067878571E+01  0.1460204482E+01 
 2008  5976    14  0.2260445000E+01  0.1219679967E+01 
 2008  5982    14  0.2318042857E+01  0.1084400367E+01 
 2008  5988    14  0.3109742857E+01  0.1090042582E+01 
 2008  5994    14  0.3121333571E+01  0.1324561541E+01 
 2008  6000    14  0.3171178571E+01  0.1465262728E+01 
 2008  6006    14  0.2611728571E+01  0.1350075106E+01 
 2008  6012    14  0.2600335714E+01  0.1201925865E+01 
 2008  6018    14  0.2668400000E+01  0.1005740321E+01 
 2008  6024    14  0.3020857143E+01  0.8696694657E+00 
 2008  6030    14  0.3046285714E+01  0.8525757133E+00 
 2008  6036    14  0.2919285714E+01  0.8714133371E+00 
 2008  6042    14  0.2565642857E+01  0.8798608337E+00 
 2008  6048    14  0.2300142857E+01  0.5115120243E+00 
 2008  6054    14  0.1743571429E+01  0.3871946196E+00 
 2008  6060    14  0.1757428571E+01  0.2696449290E+00 
 2008  6066    14  0.2004071429E+01  0.2844313787E+00 
 2008  6072    14  0.1840642857E+01  0.3367603232E+00 
 2008  6078    14  0.1372400000E+01  0.5984200567E+00 
 2008  6084    14  0.7654888571E+00  0.5439870250E+00 
 2008  6090    14  0.2788522143E+00  0.5701221074E+00 
 2008  6096    14  -0.6156857143E+00  0.9082386178E+00 
 2008  6102    14  -0.1092171429E+01  0.1118645415E+01 
 2008  6108    14  -0.7575071429E+00  0.1115921097E+01 
 2008  6114    14  -0.4355678571E+00  0.1255630889E+01 
 2008  6120    14  -0.8330714286E-01  0.1199402829E+01 
 2008  6126    14  -0.5787621429E+00  0.1227299748E+01 
 2008  6132    14  -0.1208718571E+01  0.1526886924E+01 
 2008  6138    14  -0.1833371429E+01  0.2068490090E+01 
 2008  6144    14  -0.2719200000E+01  0.2569674950E+01 
 2008  6150    14  -0.3551092857E+01  0.2852023514E+01 
 2008  6156    14  -0.4056835714E+01  0.2853762132E+01 
 2008  6162    14  -0.5811392857E+01  0.3125282834E+01 
 2008  6168    14  -0.7483121429E+01  0.3587246797E+01 
 2008  6174    14  -0.8547192857E+01  0.3981458090E+01 
 2008  6180    14  -0.8649000000E+01  0.4033560285E+01 
 2008  6186    14  -0.8236021429E+01  0.3878576956E+01 
 2008  6192    14  -0.7971814286E+01  0.3718649331E+01 
 2008  6198    14  -0.9151114286E+01  0.3892643208E+01 
 2008  6204    14  -0.9364442857E+01  0.3974160893E+01 
 2008  6210    14  -0.9581471429E+01  0.4021757196E+01 
 2008  6216    14  -0.9522600000E+01  0.4117456301E+01 
 2008  6222    14  -0.9240057143E+01  0.3993559892E+01 
 2008  6228    14  -0.8924807143E+01  0.3730952195E+01 
 2008  6234    14  -0.8888928571E+01  0.3478140584E+01 
 2008  6240    14  -0.8570021429E+01  0.3520614945E+01 
 2008  6246    14  -0.8687457143E+01  0.3538623934E+01 
 2008  6252    14  -0.8298235714E+01  0.3436739284E+01 
 2008  6258    14  -0.8085921429E+01  0.3321304571E+01 
 2008  6264    14  -0.7299664286E+01  0.3110704467E+01 
 2008  6270    14  -0.7528642857E+01  0.3005707371E+01 
 2008  6276    14  -0.7202978571E+01  0.2909991837E+01 
 2008  6282    14  -0.6860864286E+01  0.2829466143E+01 
 2008  6288    14  -0.6447092857E+01  0.2755404865E+01 
 2008  6294    14  -0.6061842857E+01  0.2596477318E+01 
 2008  6300    14  -0.5479142857E+01  0.2421024157E+01 
 2008  6306    14  -0.5076822143E+01  0.2263800694E+01 
 2008  6312    14  -0.4544521429E+01  0.2155257158E+01 
 2008  6318    14  -0.4349107143E+01  0.2074897874E+01 
 2008  6324    14  -0.3544650000E+01  0.1975286234E+01 
 2008  6330    14  -0.2624657143E+01  0.1845362740E+01 
 2008  6336    14  -0.1984335714E+01  0.1703565444E+01 
 2008  6342    14  -0.1863871429E+01  0.1641677448E+01 
 2008  6348    14  -0.1861935714E+01  0.1693806519E+01 
 2008  6354    14  -0.2084942857E+01  0.1682896945E+01 
 2008  6360    14  -0.2530535714E+01  0.1702013728E+01 
 2008  6366    14  -0.3418964286E+01  0.1812950888E+01 
 2008  6372    14  -0.3261442857E+01  0.1958259502E+01 
 2008  6378    14  -0.4224241429E+01  0.2121891532E+01 
 2008  6384    14  -0.4555218571E+01  0.2122554091E+01 
 2008  6390    14  -0.5083657143E+01  0.2179458922E+01 
 2008  6396    14  -0.4965964286E+01  0.2326294835E+01 
 2008  6402    14  -0.5072185714E+01  0.2327614025E+01 
 2008  6408    14  -0.5256214286E+01  0.2441811822E+01 
 2008  6414    14  -0.5125492857E+01  0.2559319931E+01 
 2008  6420    14  -0.4634478571E+01  0.2591272865E+01 
 2008  6426    14  -0.4970550000E+01  0.2772673533E+01 
 2008  6432    14  -0.5113892857E+01  0.2929574166E+01 
 2008  6438    14  -0.4885971429E+01  0.2966115658E+01 
 2008  6444    14  -0.4397578571E+01  0.2811701817E+01 
 2008  6450    14  -0.3809642857E+01  0.2700674641E+01 
 2008  6456    14  -0.4310035714E+01  0.2828239435E+01 
 2008  6462    14  -0.4668628571E+01  0.2836386135E+01 
 2008  6468    14  -0.5235907143E+01  0.2790239232E+01 
 2008  6474    14  -0.5378028571E+01  0.2767259151E+01 
 2008  6480    14  -0.4984242857E+01  0.2799143940E+01 
 2008  6486    14  -0.4417057143E+01  0.2571708973E+01 
 2008  6492    14  -0.4483300000E+01  0.2145734634E+01 
 2008  6498    14  -0.5916500000E+01  0.1975891218E+01 
 2008  6504    14  -0.7686500000E+01  0.2249785664E+01 
 2008  6510    14  -0.7529000000E+01  0.2388492800E+01 
 2008  6516    14  -0.4985857143E+01  0.1694440315E+01 
 2008  6522    14  -0.2517628571E+01  0.7469229597E+00 
 2008  6528    14  -0.9427600000E+00  0.7115835037E+00 
 2008  6534    14  0.4299114286E+00  0.1171487273E+01 
 2008  6540    14  0.1855864286E+00  0.1594628767E+01 
 2008  6546    14  0.3837928571E+00  0.1578948714E+01 
 2008  6552    14  0.4097900000E+00  0.1653751114E+01 
 2008  6558    14  0.1925435714E+01  0.1475138127E+01 
 2008  6564    14  0.2805928571E+01  0.1779590742E+01 
 2008  6570    14  0.2928464286E+01  0.2223348593E+01 
 2008  6576    14  0.2033214286E+01  0.2631441401E+01 
 2008  6582    14  -0.1422157143E+01  0.2542997764E+01 
 2008  6588    14  -0.2248178571E+01  0.1905354599E+01 
 2008  6594    14  -0.1782567143E+01  0.2398953927E+01 
 2008  6600    14  -0.2557600000E+01  0.2606343555E+01 
 2008  6606    14  -0.1608867857E+01  0.2423541584E+01 
 2008  6612    14  0.2250307143E+01  0.3185810260E+01 
 2008  6618    14  0.4927600000E+01  0.4399628516E+01 
 2008  6624    14  0.5774850000E+01  0.4432425438E+01 
 2008  6630    14  0.8030271429E+01  0.3883697526E+01 
 2008  6636    14  0.7985114286E+01  0.4095156355E+01 
 2008  6642    14  0.9578285714E+01  0.3976533854E+01 
 2008  6648    14  0.1065964286E+02  0.3682873308E+01 
 2008  6654    14  0.8991714286E+01  0.3210692770E+01 
 2008  6660    14  0.7250785714E+01  0.2929562405E+01 
 2008  6666    14  0.7312714286E+01  0.2769072084E+01 
 2008  6672    14  0.6924000000E+01  0.2588047002E+01 
 2008  6678    14  0.7857428571E+01  0.3146681170E+01 
 2008  6684    14  0.6702436429E+01  0.3889942060E+01 
 2008  6690    14  0.1670364286E+01  0.4864651681E+01 
 2008  6696    14  -0.5761985714E+01  0.4551413963E+01 
 2008  6702    14  -0.1845207143E+01  0.1398092027E+01 
 2008  6708    14  0.8370142857E+01  0.3733074448E+01 
 2008  6714    14  0.1369421429E+02  0.4499893271E+01 
 2008  6720    14  0.1376378571E+02  0.4578584095E+01 
 2008  6726    14  0.1139200000E+02  0.3616357382E+01 
 2008  6732    14  0.8348071429E+01  0.2552298557E+01 
 2008  6738    14  0.9631357143E+01  0.2310608318E+01 
 2008  6744    14  0.1348671429E+02  0.2966904626E+01 
 2008  6750    14  0.1271350000E+02  0.2996024384E+01 
 2008  6756    14  0.1057642857E+02  0.2607589629E+01 
 2008  6762    14  0.7549928571E+01  0.1856183429E+01 
 2008  6768    14  0.5432357143E+01  0.1130751495E+01 
 2008  6774    14  0.4198428571E+01  0.7905537584E+00 
 2008  6780    14  0.3450928571E+01  0.7148278978E+00 
 2008  6786    14  0.2680285714E+01  0.9520095609E+00 
 2008  6792    14  0.2587214286E+01  0.8333855375E+00 
 2008  6798    14  0.3383071429E+01  0.5150800859E+00 
 2008  6804    14  0.2939857143E+01  0.5088746488E+00 
 2008  6810    14  0.2722928571E+01  0.2882522368E+00 
 2008  6816    14  0.2010857143E+01  0.5576030151E+00 
 2008  6822    14  0.1854578571E+01  0.9702289510E+00 
 2008  6828    14  0.1595800000E+01  0.1346319070E+01 
 2008  6834    14  0.1690520714E+01  0.1262765682E+01 
 2008  6840    14  0.2637864286E+01  0.9747022092E+00 
 2008  6846    14  0.3402357143E+01  0.1094754024E+01 
 2008  6852    14  0.5102714286E+01  0.1503598989E+01 
 2008  6858    14  0.5794571429E+01  0.1686198417E+01 
 2008  6864    14  0.5760571429E+01  0.1712645227E+01 
 2008  6870    14  0.6393428571E+01  0.1763856721E+01 
 2008  6876    14  0.6747357143E+01  0.1898942398E+01 
 2008  6882    14  0.6394142857E+01  0.2071708745E+01 
 2008  6888    14  0.4754342857E+01  0.2121664168E+01 
 2008  6894    14  0.3707485714E+01  0.2035339894E+01 
 2008  6900    14  0.4025542857E+01  0.1984195071E+01 
 2008  6906    14  0.5946285714E+01  0.2243719088E+01 
 2008  6912    14  0.7468142857E+01  0.2370362084E+01 
 2008  6918    14  0.8503214286E+01  0.2431927019E+01 
 2008  6924    14  0.7661142857E+01  0.2287201842E+01 
 2008  6930    14  0.7019785714E+01  0.2241816712E+01 
 2008  6936    14  0.5811500000E+01  0.2153662885E+01 
 2008  6942    14  0.3859078571E+01  0.2200933201E+01 
 2008  6948    14  0.1230021429E+01  0.2051968036E+01 
 2008  6954    14  0.1026364286E+01  0.2325683450E+01 
 2008  6960    14  0.2789871429E+01  0.2495410195E+01 
 2008  6966    14  0.3806335714E+01  0.2560961632E+01 
 2008  6972    14  0.3840200000E+01  0.2495190827E+01 
 2008  6978    14  0.5627005000E+01  0.2581752753E+01 
 2008  6984    14  0.8163071429E+01  0.2987440913E+01 
 2008  6990    14  0.1063921429E+02  0.3314214972E+01 
 2008  6996    14  0.1028307143E+02  0.3565415894E+01 
 2008  7002    14  0.8356778571E+01  0.3606443059E+01 
 2008  7008    14  0.6945192857E+01  0.3396352623E+01 
 2008  7014    14  0.6301992857E+01  0.3383187918E+01 
 2008  7020    14  0.6729026429E+01  0.3270819435E+01 
 2008  7026    14  0.9501071429E+01  0.3327254412E+01 
 2008  7032    14  0.1337185714E+02  0.3860137486E+01 
 2008  7038    14  0.1375664286E+02  0.4450832516E+01 
 2008  7044    14  0.1293071429E+02  0.4513402303E+01 
 2008  7050    14  0.1043542857E+02  0.4301434075E+01 
 2008  7056    14  0.7370657143E+01  0.3928451570E+01 
 2008  7062    14  0.5820007143E+01  0.3366562900E+01 
 2008  7068    14  0.6733035714E+01  0.3088509826E+01 
 2008  7074    14  0.8163978571E+01  0.3593189298E+01 
 2008  7080    14  0.1024585714E+02  0.3842411331E+01 
 2008  7086    14  0.1095250000E+02  0.4187633678E+01 
 2008  7092    14  0.1096157143E+02  0.4282899180E+01 
 2008  7098    14  0.1149214286E+02  0.3854338573E+01 
 2008  7104    14  0.1347628571E+02  0.3484782806E+01 
 2008  7110    14  0.1565885714E+02  0.3657992792E+01 
 2008  7116    14  0.1541685714E+02  0.3561501587E+01 
 2008  7122    14  0.1641771429E+02  0.3813512075E+01 
 2008  7128    14  0.1428864286E+02  0.3869137217E+01 
 2008  7134    14  0.1141450000E+02  0.3999593528E+01 
 2008  7140    14  0.8717214286E+01  0.3906943493E+01 
 2008  7146    14  0.7657214286E+01  0.3122409147E+01 
 2008  7152    14  0.9235214286E+01  0.2166445020E+01 
 2008  7158    14  0.1080664286E+02  0.2601336322E+01 
 2008  7164    14  0.1294907143E+02  0.3283254450E+01 
 2008  7170    14  0.1325850000E+02  0.3748543998E+01 
 2008  7176    14  0.1136221429E+02  0.4124768637E+01 
 2008  7182    14  0.6129021429E+01  0.4425833079E+01 
 2008  7188    14  0.2446548571E+01  0.4071229863E+01 
 2008  7194    14  0.3720478571E+01  0.3085537076E+01 
 2008  7200    14  0.8815142857E+01  0.3070649463E+01 
 2008  7206    14  0.9996428571E+01  0.3751343944E+01 
 2008  7212    14  0.1020439786E+02  0.4938330727E+01 
 2008  7218    14  0.8981392857E+01  0.5106757282E+01 
 2008  7224    14  0.6768871429E+01  0.4319768729E+01 
 2008  7230    14  0.7973857143E+01  0.3564235439E+01 
 2008  7236    14  0.9738857143E+01  0.3650094458E+01 
 2008  7242    14  0.1071850000E+02  0.3977112193E+01 
 2008  7248    14  0.1176864286E+02  0.3829307912E+01 
 2008  7254    14  0.1154321429E+02  0.3711986110E+01 
 2008  7260    14  0.9338571429E+01  0.3176341060E+01 
 2008  7266    14  0.8557214286E+01  0.2715140306E+01 
 2008  7272    14  0.7807500000E+01  0.2315725735E+01 
 2008  7278    14  0.6687500000E+01  0.2204859722E+01 
 2008  7284    14  0.3761942857E+01  0.1714043811E+01 
 2008  7290    14  -0.1258402857E+01  0.2050128308E+01 
 2008  7296    14  -0.4684282143E+01  0.3182600111E+01 
 2008  7302    14  -0.3313362857E+01  0.2233831868E+01 
 2008  7308    14  -0.5407357143E+01  0.3598425084E+01 
 2008  7314    14  -0.4960407143E+01  0.2928082110E+01 
 2008  7320    14  -0.4909307143E+01  0.2380184635E+01 
 2008  7326    14  -0.3618142857E+01  0.1269157024E+01 
 2008  7332    14  0.1389064286E+01  0.1074216988E+01 
 2008  7338    14  0.3021642857E+01  0.7271115661E+00 
 2008  7344    14  0.5785421429E+00  0.4290885011E+00 
 2008  7350    14  -0.1338014286E+01  0.6792642089E+00 
 2008  7356    14  -0.2354571429E+01  0.1201940984E+01 
 2008  7362    14  -0.9766192857E+00  0.1169420385E+01 
 2008  7368    14  -0.4192428571E+00  0.1213502408E+01 
 2008  7374    14  -0.5151685714E+00  0.1166684757E+01 
 2008  7380    14  0.1091092857E+00  0.1015057653E+01 
 2008  7386    14  -0.4853225979E+00  0.8388053773E+00 
 2008  7392    14  -0.1923950000E+01  0.1289383657E+01 
 2008  7398    14  -0.2069407143E+01  0.1493899001E+01 
 2008  7404    14  -0.2666035714E+01  0.1548158411E+01 
 2008  7410    14  -0.2161978571E+01  0.1344408347E+01 
 2008  7416    14  -0.1076300000E+01  0.1334215420E+01 
 2008  7422    14  -0.9722428571E+00  0.1342413150E+01 
 2008  7428    14  -0.1347842857E+01  0.1348637311E+01 
 2008  7434    14  -0.1528892857E+01  0.1593365638E+01 
 2008  7440    14  -0.1372985714E+01  0.1955664762E+01 
 2008  7446    14  -0.1431735714E+01  0.2195897377E+01 
 2008  7452    14  -0.1979721429E+01  0.2384985432E+01 
 2008  7458    14  -0.3626857143E+01  0.2572610010E+01 
 2008  7464    14  -0.4857664286E+01  0.2846883882E+01 
 2008  7470    14  -0.7697298571E+01  0.3462635329E+01 
 2008  7476    14  -0.9242492857E+01  0.3902434769E+01 
 2008  7482    14  -0.1001130714E+02  0.4089652060E+01 
 2008  7488    14  -0.1111271429E+02  0.3989450149E+01 
 2008  7494    14  -0.1192528571E+02  0.3755189731E+01 
 2008  7500    14  -0.1249007143E+02  0.3694073448E+01 
 2008  7506    14  -0.1198164286E+02  0.3448202961E+01 
 2008  7512    14  -0.1081871429E+02  0.3143903771E+01 
 2008  7518    14  -0.1014571429E+02  0.2806805109E+01 
 2008  7524    14  -0.9552500000E+01  0.2359635558E+01 
 2008  7530    14  -0.8860357143E+01  0.1976806754E+01 
 2008  7536    14  -0.9302071429E+01  0.2559095417E+01 
 2008  7542    14  -0.9741357143E+01  0.3302135145E+01 
 2008  7548    14  -0.9792500000E+01  0.2290981036E+01 
 2008  7554    14  -0.8852285714E+01  0.1715366618E+01 
 2008  7560    14  -0.7687500000E+01  0.2908597471E+01 
 2008  7566    14  -0.3684421429E+01  0.2848705079E+01 
 2008  7572    14  -0.3115714286E+01  0.1542729836E+01 
 2008  7578    14  -0.1538242857E+01  0.2479729309E+01 
 2008  7584    14  -0.2112455286E+01  0.2009476736E+01 
 2008  7590    14  0.3916550000E+01  0.2325363542E+01 
 2008  7596    14  0.4331314286E+01  0.2574197584E+01 
 2008  7602    14  0.4533214286E+01  0.3240168170E+01 
 2008  7608    14  0.7093285714E+01  0.2139656996E+01 
 2008  7614    14  0.6247500000E+01  0.2179193191E+01 
 2008  7620    14  0.7528500000E+01  0.2284745867E+01 
 2008  7626    14  0.7143857143E+01  0.1940623164E+01 
 2008  7632    14  0.9107571429E+01  0.2307720326E+01 
 2008  7638    14  0.8600500000E+01  0.2453894361E+01 
 2008  7644    14  0.5953214286E+01  0.2459360143E+01 
 2008  7650    14  0.4372007143E+01  0.2472756636E+01 
 2008  7656    14  0.7065192857E+00  0.2589499685E+01 
 2008  7662    14  0.1604764286E+01  0.1724986451E+01 
 2008  7668    14  0.5317625000E+01  0.2475569680E+01 
 2008  7674    14  0.6027928571E+01  0.4143516717E+01 
 2008  7680    14  0.6616142857E+01  0.4904385965E+01 
 2008  7686    14  0.7169664286E+01  0.5034995566E+01 
 2008  7692    14  0.8228221429E+01  0.4653485004E+01 
 2008  7698    14  0.1381885714E+02  0.5272157811E+01 
 2008  7704    14  0.1917071429E+02  0.5411351118E+01 
 2008  7710    14  0.2335992857E+02  0.6269656865E+01 
 2008  7716    14  0.2468157143E+02  0.6956048188E+01 
 2008  7722    14  0.2321342857E+02  0.6629315088E+01 
 2008  7728    14  0.2002171429E+02  0.5919017141E+01 
 2008  7734    14  0.1601914286E+02  0.5147225756E+01 
 2008  7740    14  0.1083957143E+02  0.4297694361E+01 
 2008  7746    14  0.8267292857E+01  0.4570884568E+01 
 2008  7752    14  0.6078378571E+01  0.4954238924E+01 
 2008  7758    14  0.5882214286E+01  0.3144551800E+01 
 2008  7764    14  0.1222421429E+02  0.5934918078E+01 
 2008  7770    14  0.1374126429E+02  0.6347347182E+01 
 2008  7776    14  0.8493742857E+01  0.7037991487E+01 
 2008  7782    14  0.1112873571E+02  0.6684725184E+01 
 2008  7788    14  0.1005685000E+02  0.5610408688E+01 
 2008  7794    14  0.9733500000E+01  0.5230929223E+01 
 2008  7800    14  0.1879050000E+02  0.6938043062E+01 
 2008  7806    14  0.2264242857E+02  0.8655865210E+01 
 2008  7812    14  0.1977255000E+02  0.9043714742E+01 
 2008  7818    14  0.1716205643E+02  0.7951335834E+01 
 2008  7824    14  0.1603785714E+02  0.6940115086E+01 
 2008  7830    14  0.1959692857E+02  0.7171472517E+01 
 2008  7836    14  0.2111228571E+02  0.7237053696E+01 
 2008  7842    14  0.1980485714E+02  0.7119888792E+01 
 2008  7848    14  0.1955385714E+02  0.7147628916E+01 
 2008  7854    14  0.1746421429E+02  0.6488513567E+01 
 2008  7860    14  0.1665492857E+02  0.5980867788E+01 
 2008  7866    14  0.1629264286E+02  0.5777348448E+01 
 2008  7872    14  0.1881678571E+02  0.6346518057E+01 
 2008  7878    14  0.1834428571E+02  0.7914493490E+01 
 2008  7884    14  0.1078121429E+02  0.6992626496E+01 
 2008  7890    14  0.4005952143E+01  0.5206576864E+01 
 2008  7896    14  -0.2308567857E+01  0.3164625395E+01 
 2008  7902    14  0.1612695000E+01  0.2202781734E+01 
 2008  7908    14  0.8931357143E+01  0.2936059692E+01 
 2008  7914    14  0.1053550000E+02  0.4480669637E+01 
 2008  7920    14  0.8761214286E+01  0.4023885758E+01 
 2008  7926    14  0.5429314286E+01  0.3089064796E+01 
 2008  7932    14  0.3227392857E+01  0.2783562505E+01 
 2008  7938    14  0.1204857143E+00  0.2822761317E+01 
 2008  7944    14  0.4008521429E+01  0.2316418780E+01 
 2008  7950    14  0.5529071429E+01  0.2269715667E+01 
 2008  7956    14  0.8435485714E+01  0.4074907668E+01 
 2008  7962    14  0.7843714286E+01  0.5085658328E+01 
 2008  7968    14  0.8583207143E+01  0.5464079133E+01 
 2008  7974    14  0.8739605214E+01  0.5261317919E+01 
 2008  7980    14  0.7111707143E+01  0.4202164650E+01 
 2008  7986    14  0.1126228571E+02  0.3599710354E+01 
 2008  7992    14  0.1447485714E+02  0.3827631025E+01 
 2008  7998    14  0.1501271429E+02  0.4210791806E+01 
 2008  8004    14  0.1309835714E+02  0.3989997057E+01 
 2008  8010    14  0.9068428571E+01  0.3290739359E+01 
 2008  8016    14  0.6089948571E+01  0.2715192257E+01 
 2008  8022    14  0.4283142857E+01  0.2518356433E+01 
 2008  8028    14  0.3223855714E+01  0.2045775153E+01 
 2008  8034    14  0.1410407143E+01  0.1627319096E+01 
 2008  8040    14  0.3665650000E+00  0.1274520458E+01 
 2008  8046    14  -0.5499571429E+00  0.1173264118E+01 
 2008  8052    14  0.1279707143E+01  0.1434887308E+01 
 2008  8058    14  0.8927642857E+00  0.1127711879E+01 
 2008  8064    14  -0.8957014286E+00  0.7270469989E+00 
 2008  8070    14  -0.3462928571E+01  0.9721316390E+00 
 2008  8076    14  -0.5229000000E+01  0.1181594927E+01 
 2008  8082    14  -0.5628357143E+01  0.6962613023E+00 
 2008  8088    14  -0.4323642857E+01  0.1279670081E+01 
 2008  8094    14  -0.2920364286E+01  0.2332081602E+01 
 2008  8100    14  -0.5146942857E+01  0.2685117161E+01 
 2008  8106    14  -0.4376662857E+01  0.2142138004E+01 
 2008  8112    14  -0.3884071429E+01  0.1236798601E+01 
 2008  8118    14  -0.1645750000E+01  0.9459226001E+00 
 2008  8124    14  0.1384814286E+00  0.2037803695E+01 
 2008  8130    14  0.3557085714E+00  0.2625030849E+01 
 2008  8136    14  0.9381142857E+00  0.2323523522E+01 
 2008  8142    14  -0.1606671429E+01  0.1225030492E+01 
 2008  8148    14  -0.1773930714E+01  0.1143915886E+01 
 2008  8154    14  0.8305642857E+00  0.1540891839E+01 
 2008  8160    14  0.1030422143E+01  0.1534608907E+01 
 2008  8166    14  0.5810928571E+00  0.1395976028E+01 
 2008  8172    14  -0.1280022143E+01  0.1133887276E+01 
 2008  8178    14  -0.1104557143E+01  0.9432611362E+00 
 2008  8184    14  -0.3774000000E+00  0.8986910624E+00 
 2008  8190    14  0.5963850000E+00  0.8902976176E+00 
 2008  8196    14  0.1433464286E+01  0.8758696524E+00 
 2008  8202    14  0.2904492857E+01  0.9700721773E+00 
 2008  8208    14  0.4064857143E+01  0.1124813880E+01 
 2008  8214    14  0.2605214286E+01  0.1136775401E+01 
 2008  8220    14  0.1438014286E+01  0.6598138080E+00 
 2008  8226    14  0.2164135714E+00  0.9722649445E+00 
 2008  8232    14  0.5422142857E-01  0.1194690420E+01 
 2008  8238    14  0.1164217143E+01  0.1358091917E+01 
 2008  8244    14  0.3112828571E+01  0.1144079048E+01 
 2008  8250    14  0.4660928571E+01  0.1548447908E+01 
 2008  8256    14  0.5079128571E+01  0.1860462059E+01 
 2008  8262    14  0.4915528571E+01  0.1922823750E+01 
 2008  8268    14  0.4817457143E+01  0.1810246393E+01 
 2008  8274    14  0.4195007143E+01  0.1544869297E+01 
 2008  8280    14  0.3447928571E+01  0.1214439287E+01 
 2008  8286    14  0.3782214286E+01  0.1030843564E+01 
 2008  8292    14  0.3698000000E+01  0.9174905994E+00 
 2008  8298    14  0.2417714286E+01  0.6553084801E+00 
 2008  8304    14  0.7490642857E+00  0.7836839474E+00 
 2008  8310    14  -0.8021928571E+00  0.9572667702E+00 
 2008  8316    14  -0.2453500000E+01  0.7271596160E+00 
 2008  8322    14  -0.2950428571E+01  0.5413575151E+00 
 2008  8328    14  -0.3526142857E+01  0.8381399352E+00 
 2008  8334    14  -0.3827428571E+01  0.1074329805E+01 
 2008  8340    14  -0.2568357143E+01  0.1269992371E+01 
 2008  8346    14  -0.1094822864E+01  0.1446807271E+01 
 2008  8352    14  -0.1318742857E+01  0.1589333363E+01 
 2008  8358    14  -0.2393811429E+01  0.1443176555E+01 
 2008  8364    14  -0.3266374286E+01  0.1686343889E+01 
 2008  8370    14  -0.4005100000E+01  0.2216190551E+01 
 2008  8376    14  -0.4914878571E+01  0.2753112266E+01 
 2008  8382    14  -0.6132321429E+01  0.3103639125E+01 
 2008  8388    14  -0.7209065000E+01  0.3285261572E+01 
 2008  8394    14  -0.7894085714E+01  0.3241784329E+01 
 2008  8400    14  -0.9503500000E+01  0.3493716232E+01 
 2008  8406    14  -0.1022764286E+02  0.3533248396E+01 
 2008  8412    14  -0.1064450000E+02  0.3473448343E+01 
 2008  8418    14  -0.1138628571E+02  0.3325328607E+01 
 2008  8424    14  -0.1142521429E+02  0.3130490313E+01 
 2008  8430    14  -0.1165807143E+02  0.2905336825E+01 
 2008  8436    14  -0.1178078571E+02  0.2653996398E+01 
 2008  8442    14  -0.1119257143E+02  0.2400651540E+01 
 2008  8448    14  -0.1094371429E+02  0.2122532262E+01 
 2008  8454    14  -0.9611142857E+01  0.1668725127E+01 
 2008  8460    14  -0.6977142857E+01  0.1109008557E+01 
 2008  8466    14  -0.4372571429E+01  0.9719971865E+00 
 2008  8472    14  -0.4183578571E+01  0.1734834313E+01 
 2008  8478    14  -0.4671478571E+01  0.2584000913E+01 
 2008  8484    14  -0.3385664286E+01  0.1890232403E+01 
 2008  8490    14  0.7582278571E+00  0.7761117926E+00 
 2008  8496    14  0.5021300000E+01  0.2266207076E+01 
 2008  8502    14  0.6055942857E+01  0.3337787032E+01 
 2008  8508    14  0.5219685714E+01  0.4135181512E+01 
 2008  8514    14  0.2068135714E+01  0.4821177081E+01 
 2008  8520    14  0.8554571429E+00  0.4044584610E+01 
 2008  8526    14  0.8604843571E+01  0.3726810931E+01 
 2008  8532    14  0.1564407143E+02  0.5038299436E+01 
 2008  8538    14  0.2172692857E+02  0.6581082070E+01 
 2008  8544    14  0.2034578571E+02  0.7782253329E+01 
 2008  8550    14  0.1164598571E+02  0.7326551029E+01 
 2008  8556    14  0.9102242857E+01  0.6698127710E+01 
 2008  8562    14  0.1492000000E+02  0.5344586888E+01 
 2008  8568    14  0.2641357143E+02  0.7502013641E+01 
 2008  8574    14  0.3425500000E+02  0.1022721143E+02 
 2008  8580    14  0.3569571429E+02  0.9881820042E+01 
 2008  8586    14  0.3080428571E+02  0.8459380013E+01 
 2008  8592    14  0.2482071429E+02  0.6679194203E+01 
 2008  8598    14  0.2233142857E+02  0.5364570089E+01 
 2008  8604    14  0.2073785714E+02  0.4542661552E+01 
 2008  8610    14  0.2182142857E+02  0.4932843076E+01 
 2008  8616    14  0.2117928571E+02  0.4655650122E+01 
 2008  8622    14  0.1820285714E+02  0.3766924529E+01 
 2008  8628    14  0.1702071429E+02  0.2934848412E+01 
 2008  8634    14  0.1409071429E+02  0.1868404454E+01 
 2008  8640    14  0.1299507143E+02  0.1554673621E+01 
 2008  8646    14  0.1277842857E+02  0.1844905136E+01 
 2008  8652    14  0.1144357143E+02  0.1907700999E+01 
 2008  8658    14  0.9357357143E+01  0.1576060849E+01 
 2008  8664    14  0.6978571429E+01  0.1096792904E+01 
 2008  8670    14  0.4520714286E+01  0.1404911051E+01 
 2008  8676    14  0.3298864286E+01  0.1527222754E+01 
 2008  8682    14  0.3724507143E+01  0.1755165979E+01 
 2008  8688    14  0.4176035714E+01  0.1964941606E+01 
 2008  8694    14  0.3768735714E+01  0.1671526550E+01 
 2008  8700    14  0.1869985714E+01  0.1563917325E+01 
 2008  8706    14  0.9564285714E+00  0.1731019923E+01 
 2008  8712    14  0.2968214286E+00  0.2080385351E+01 
 2008  8718    14  0.2309357143E+00  0.2184341333E+01 
 2008  8724    14  0.4080314286E+00  0.2105537260E+01 
 2008  8730    14  0.2358028571E+00  0.2039799124E+01 
 2008  8736    14  -0.6909428571E+00  0.2006002105E+01 
 2008  8742    14  -0.1777935714E+01  0.2151508809E+01 
 2008  8748    14  -0.2759214286E+01  0.2285366685E+01 
 2008  8754    14  -0.2186435714E+01  0.2207518325E+01 
 2008  8760    14  -0.2693500000E+01  0.2212905659E+01 
 2008  8766    14  -0.3079344214E+01  0.2077642298E+01 
 2008  8772    14  -0.4585935714E+01  0.2025936795E+01 
 2008  8778    14  -0.5960785714E+01  0.1998790927E+01 
 2008  8784    14  -0.4784214286E+01  0.1774589296E+01 
