 2008  0006    12  0.1179700000E+02  0.2707794459E+01 
 2008  0012    12  0.1162375000E+02  0.2559081675E+01 
 2008  0018    12  0.1000125000E+02  0.1768818821E+01 
 2008  0024    12  0.8340166667E+01  0.1283393927E+01 
 2008  0030    12  0.8165000000E+01  0.1455938071E+01 
 2008  0036    12  0.7421500000E+01  0.1264442730E+01 
 2008  0042    12  0.6096250000E+01  0.1090925534E+01 
 2008  0048    12  0.4671333333E+01  0.1233081799E+01 
 2008  0054    12  0.2994516667E+01  0.1244321664E+01 
 2008  0060    12  -0.7036716667E+00  0.1617923342E+01 
 2008  0066    12  -0.4543616667E+01  0.2222291726E+01 
 2008  0072    12  -0.6713950000E+01  0.2792964893E+01 
 2008  0078    12  -0.9143250000E+01  0.3395163696E+01 
 2008  0084    12  -0.1160783333E+02  0.4037572431E+01 
 2008  0090    12  -0.1270950000E+02  0.4165779249E+01 
 2008  0096    12  -0.1590083333E+02  0.4634477080E+01 
 2008  0102    12  -0.2143250000E+02  0.5651309767E+01 
 2008  0108    12  -0.2821666667E+02  0.7052387697E+01 
 2008  0114    12  -0.3165333333E+02  0.7742295453E+01 
 2008  0120    12  -0.3509166667E+02  0.8349233331E+01 
 2008  0126    12  -0.3600916667E+02  0.8069339562E+01 
 2008  0132    12  -0.3415666667E+02  0.7532010946E+01 
 2008  0138    12  -0.3037750000E+02  0.6863071622E+01 
 2008  0144    12  -0.2748750000E+02  0.6307392653E+01 
 2008  0150    12  -0.2509583333E+02  0.5830655278E+01 
 2008  0156    12  -0.2432916667E+02  0.5444358637E+01 
 2008  0162    12  -0.2418916667E+02  0.5328548049E+01 
 2008  0168    12  -0.2129166667E+02  0.4741527239E+01 
 2008  0174    12  -0.1649283333E+02  0.3472690356E+01 
 2008  0180    12  -0.1354733333E+02  0.2741549116E+01 
 2008  0186    12  -0.1156200000E+02  0.2778227942E+01 
 2008  0192    12  -0.9285083333E+01  0.2388660589E+01 
 2008  0198    12  -0.7340750000E+01  0.1926727758E+01 
 2008  0204    12  -0.5377000000E+01  0.1154383241E+01 
 2008  0210    12  -0.3480333333E+01  0.6998427601E+00 
 2008  0216    12  -0.2532258333E+01  0.6849997208E+00 
 2008  0222    12  -0.2632416667E+01  0.8054111226E+00 
 2008  0228    12  -0.2201291667E+01  0.6408183719E+00 
 2008  0234    12  -0.2744750000E+01  0.7193262038E+00 
 2008  0240    12  -0.3383750000E+01  0.9233834636E+00 
 2008  0246    12  -0.3488500000E+01  0.6755250427E+00 
 2008  0252    12  -0.2363666667E+01  0.5137556704E+00 
 2008  0258    12  -0.4263833333E+01  0.8384215162E+00 
 2008  0264    12  -0.1774591667E+01  0.4884058259E+00 
 2008  0270    12  0.1569450000E+01  0.1090229054E+01 
 2008  0276    12  0.3074825000E+01  0.1460394354E+01 
 2008  0282    12  0.2449983333E+01  0.1394644477E+01 
 2008  0288    12  0.1200833333E+01  0.1200421328E+01 
 2008  0294    12  -0.7500833333E-01  0.1916604191E+01 
 2008  0300    12  -0.6045666667E+00  0.1261338110E+01 
 2008  0306    12  0.3055083333E+01  0.8563691239E+00 
 2008  0312    12  0.7697500000E+01  0.1714640074E+01 
 2008  0318    12  0.8600250000E+01  0.1650821418E+01 
 2008  0324    12  0.6655916667E+01  0.1324266052E+01 
 2008  0330    12  0.1962400000E+01  0.8629141672E+00 
 2008  0336    12  0.6537407500E+00  0.8414467796E+00 
 2008  0342    12  -0.1274700000E+01  0.4959297850E+00 
 2008  0348    12  -0.7174316667E+00  0.6043584944E+00 
 2008  0354    12  -0.6603133333E+00  0.3751260739E+00 
 2008  0360    12  -0.3691666667E+01  0.8246997770E+00 
 2008  0366    12  -0.6502166667E+01  0.1184025607E+01 
 2008  0372    12  -0.8516916667E+01  0.1269921681E+01 
 2008  0378    12  -0.8228833333E+01  0.1265715531E+01 
 2008  0384    12  -0.7951583333E+01  0.1194587897E+01 
 2008  0390    12  -0.5800666667E+01  0.9719085462E+00 
 2008  0396    12  -0.5525166667E+01  0.1073654882E+01 
 2008  0402    12  -0.5443916667E+01  0.8920152706E+00 
 2008  0408    12  -0.4625916667E+01  0.6726561105E+00 
 2008  0414    12  -0.4397083333E+01  0.5646772616E+00 
 2008  0420    12  -0.3629000000E+01  0.6380142370E+00 
 2008  0426    12  -0.1276733333E+01  0.1175591324E+01 
 2008  0432    12  0.7710833333E-01  0.1072886274E+01 
 2008  0438    12  -0.4503500000E+01  0.1154290366E+01 
 2008  0444    12  -0.1212316667E+02  0.2486244653E+01 
 2008  0450    12  -0.1452316667E+02  0.2657725902E+01 
 2008  0456    12  -0.5654250000E+01  0.1101002356E+01 
 2008  0462    12  0.4610500000E+01  0.1822527755E+01 
 2008  0468    12  0.1314200000E+02  0.3359801681E+01 
 2008  0474    12  0.1428741667E+02  0.3490259552E+01 
 2008  0480    12  0.9735000000E+01  0.2749279360E+01 
 2008  0486    12  0.5084416667E+01  0.1885809175E+01 
 2008  0492    12  0.5150750000E+01  0.2101612085E+01 
 2008  0498    12  0.1013233333E+02  0.3578159218E+01 
 2008  0504    12  0.1308416667E+02  0.4165704139E+01 
 2008  0510    12  0.1415075000E+02  0.4461740675E+01 
 2008  0516    12  0.1313900000E+02  0.4054261729E+01 
 2008  0522    12  0.1518375000E+02  0.4235976907E+01 
 2008  0528    12  0.1972416667E+02  0.4686509821E+01 
 2008  0534    12  0.2131833333E+02  0.4582828154E+01 
 2008  0540    12  0.1888166667E+02  0.3694860921E+01 
 2008  0546    12  0.1566416667E+02  0.2918910922E+01 
 2008  0552    12  0.1183808333E+02  0.2571028214E+01 
 2008  0558    12  0.6571083333E+01  0.2311228838E+01 
 2008  0564    12  0.1981958333E+01  0.8141407899E+00 
 2008  0570    12  -0.2019500000E+00  0.7646830384E+00 
 2008  0576    12  0.2979366667E+01  0.1283701489E+01 
 2008  0582    12  0.5423000000E+01  0.1611633747E+01 
 2008  0588    12  0.1197958333E+02  0.3089700294E+01 
 2008  0594    12  0.1043658333E+02  0.3644014120E+01 
 2008  0600    12  0.7502533333E+01  0.4715782360E+01 
 2008  0606    12  0.8843133333E+01  0.4570156988E+01 
 2008  0612    12  0.1227200000E+02  0.3393642807E+01 
 2008  0618    12  0.1674850000E+02  0.4764690765E+01 
 2008  0624    12  0.2389500000E+02  0.6562425238E+01 
 2008  0630    12  0.2597750000E+02  0.6779244212E+01 
 2008  0636    12  0.2270666667E+02  0.5992052143E+01 
 2008  0642    12  0.2337750000E+02  0.6013504421E+01 
 2008  0648    12  0.3237083333E+02  0.7299894358E+01 
 2008  0654    12  0.3487750000E+02  0.7575595824E+01 
 2008  0660    12  0.3269916667E+02  0.6959144414E+01 
 2008  0666    12  0.2808916667E+02  0.5781607992E+01 
 2008  0672    12  0.2103916667E+02  0.4470388608E+01 
 2008  0678    12  0.1695000000E+02  0.4040266080E+01 
 2008  0684    12  0.1797208333E+02  0.4250198749E+01 
 2008  0690    12  0.1922000000E+02  0.4269379346E+01 
 2008  0696    12  0.1692750000E+02  0.3556927806E+01 
 2008  0702    12  0.1497475000E+02  0.3468698678E+01 
 2008  0708    12  0.1195041667E+02  0.3254380572E+01 
 2008  0714    12  0.6299583333E+01  0.2329258589E+01 
 2008  0720    12  0.5276833333E+01  0.2057190958E+01 
 2008  0726    12  0.9199083333E+01  0.2536409715E+01 
 2008  0732    12  0.1194200000E+02  0.2905510856E+01 
 2008  0738    12  0.9378083333E+01  0.2499174112E+01 
 2008  0744    12  0.4948525000E+01  0.2878181248E+01 
 2008  0750    12  -0.4730136667E+01  0.4032959441E+01 
 2008  0756    12  -0.1314175000E+02  0.4345231642E+01 
 2008  0762    12  -0.8333500000E+01  0.2140426106E+01 
 2008  0768    12  0.3484925000E+01  0.2313903411E+01 
 2008  0774    12  0.7105250000E+01  0.3950309379E+01 
 2008  0780    12  0.3370841667E+01  0.4150416224E+01 
 2008  0786    12  0.1974966667E+01  0.1998660563E+01 
 2008  0792    12  0.4667700000E+01  0.2267603520E+01 
 2008  0798    12  0.8899000000E+01  0.2537127345E+01 
 2008  0804    12  0.1581108333E+02  0.4147821265E+01 
 2008  0810    12  0.1743058333E+02  0.4108463266E+01 
 2008  0816    12  0.1145916667E+02  0.2172277830E+01 
 2008  0822    12  0.1037700000E+02  0.2116488995E+01 
 2008  0828    12  0.1117375000E+02  0.2659364120E+01 
 2008  0834    12  0.1269258333E+02  0.3108502921E+01 
 2008  0840    12  0.1028841667E+02  0.2634290052E+01 
 2008  0846    12  0.8905500000E+01  0.2299728553E+01 
 2008  0852    12  0.7483916667E+01  0.1834015424E+01 
 2008  0858    12  0.4155166667E+01  0.1034962305E+01 
 2008  0864    12  0.2525883333E+01  0.9591020017E+00 
 2008  0870    12  0.2107150000E+01  0.9420342603E+00 
 2008  0876    12  0.1338350000E+01  0.1060837265E+01 
 2008  0882    12  -0.1405483333E+01  0.6260387406E+00 
 2008  0888    12  -0.7650250000E+00  0.9854263055E+00 
 2008  0894    12  0.2958783333E+01  0.1814238725E+01 
 2008  0900    12  0.5931166667E+01  0.1930750149E+01 
 2008  0906    12  0.9183916667E+01  0.2142476311E+01 
 2008  0912    12  0.1107566667E+02  0.2006521382E+01 
 2008  0918    12  0.1064200000E+02  0.1574986772E+01 
 2008  0924    12  0.1088150000E+02  0.1589387382E+01 
 2008  0930    12  0.1207325000E+02  0.2144012326E+01 
 2008  0936    12  0.1376308333E+02  0.2212834060E+01 
 2008  0942    12  0.1329191667E+02  0.1900232988E+01 
 2008  0948    12  0.1128158333E+02  0.1565652231E+01 
 2008  0954    12  0.8101000000E+01  0.1244529965E+01 
 2008  0960    12  0.8038166667E+01  0.1383333524E+01 
 2008  0966    12  0.9470666667E+01  0.1524328778E+01 
 2008  0972    12  0.1025433333E+02  0.1583313631E+01 
 2008  0978    12  0.9582583333E+01  0.1589875072E+01 
 2008  0984    12  0.7550583333E+01  0.1081136089E+01 
 2008  0990    12  0.6076750000E+01  0.7997072511E+00 
 2008  0996    12  0.6595083333E+01  0.7851904714E+00 
 2008  1002    12  0.7428333333E+01  0.8747406600E+00 
 2008  1008    12  0.7636916667E+01  0.8318960731E+00 
 2008  1014    12  0.5863500000E+01  0.4796782776E+00 
 2008  1020    12  0.3800833333E+01  0.4190797127E+00 
 2008  1026    12  0.2212416667E+01  0.7694655568E+00 
 2008  1032    12  0.2686258333E+00  0.1224725567E+01 
 2008  1038    12  -0.3303666667E+00  0.1256651042E+01 
 2008  1044    12  0.7113000000E+00  0.7808578061E+00 
 2008  1050    12  0.2273583333E+01  0.3683853187E+00 
 2008  1056    12  0.3419166667E+01  0.4122947638E+00 
 2008  1062    12  0.5658333333E+01  0.4584394423E+00 
 2008  1068    12  0.6537750000E+01  0.4358239562E+00 
 2008  1074    12  0.7249083333E+01  0.6954576980E+00 
 2008  1080    12  0.7822916667E+01  0.1022114186E+01 
 2008  1086    12  0.9614666667E+01  0.1408784721E+01 
 2008  1092    12  0.9170583333E+01  0.1207546649E+01 
 2008  1098    12  0.6944583333E+01  0.7839802781E+00 
 2008  1104    12  0.6910916667E+01  0.9716016380E+00 
 2008  1110    12  0.6945500000E+01  0.8007046376E+00 
 2008  1116    12  0.2888916667E+01  0.1123109260E+01 
 2008  1122    12  0.1969291667E+00  0.1972619623E+01 
 2008  1128    12  -0.2759220000E+01  0.2605573015E+01 
 2008  1134    12  -0.4697525000E+01  0.3453853288E+01 
 2008  1140    12  -0.4435500000E+01  0.2756361778E+01 
 2008  1146    12  -0.1114434167E+01  0.2167797184E+01 
 2008  1152    12  0.2805516667E+01  0.1156387004E+01 
 2008  1158    12  0.2546116667E+01  0.1317632079E+01 
 2008  1164    12  0.4391316667E+01  0.1467669616E+01 
 2008  1170    12  0.5886916667E+01  0.1578169164E+01 
 2008  1176    12  0.7396250000E+01  0.2161165894E+01 
 2008  1182    12  0.1095258333E+02  0.2620056916E+01 
 2008  1188    12  0.1613408333E+02  0.3306720441E+01 
 2008  1194    12  0.1423550000E+02  0.2787728361E+01 
 2008  1200    12  0.1045908333E+02  0.2283214053E+01 
 2008  1206    12  0.9014250000E+01  0.2139973136E+01 
 2008  1212    12  0.7832666667E+01  0.1912484611E+01 
 2008  1218    12  0.7032416667E+01  0.1701306089E+01 
 2008  1224    12  0.8332500000E+01  0.1794726929E+01 
 2008  1230    12  0.8801333333E+01  0.1777288118E+01 
 2008  1236    12  0.5232250000E+01  0.1206870894E+01 
 2008  1242    12  0.1445510833E+01  0.1201493688E+01 
 2008  1248    12  -0.5264416667E+00  0.1728196147E+01 
 2008  1254    12  -0.2978733333E+01  0.2198925104E+01 
 2008  1260    12  -0.3714903333E+01  0.2401281927E+01 
 2008  1266    12  0.2599533333E+01  0.2294270039E+01 
 2008  1272    12  0.5192666667E+01  0.4362304367E+01 
 2008  1278    12  0.8978500000E+01  0.4987574619E+01 
 2008  1284    12  0.1622583333E+02  0.4695809228E+01 
 2008  1290    12  0.2184333333E+02  0.6008002071E+01 
 2008  1296    12  0.2510916667E+02  0.5932546472E+01 
 2008  1302    12  0.2721083333E+02  0.6277331517E+01 
 2008  1308    12  0.2595750000E+02  0.6467935174E+01 
 2008  1314    12  0.2190416667E+02  0.5448716146E+01 
 2008  1320    12  0.2044750000E+02  0.5347681936E+01 
 2008  1326    12  0.2089083333E+02  0.5478117770E+01 
 2008  1332    12  0.2213416667E+02  0.5674327359E+01 
 2008  1338    12  0.2423000000E+02  0.5808896912E+01 
 2008  1344    12  0.2373333333E+02  0.5655368148E+01 
 2008  1350    12  0.2164833333E+02  0.5128209293E+01 
 2008  1356    12  0.1858750000E+02  0.4703948917E+01 
 2008  1362    12  0.1602983333E+02  0.4585598504E+01 
 2008  1368    12  0.1213200000E+02  0.4040180710E+01 
 2008  1374    12  0.1072475000E+02  0.3957791537E+01 
 2008  1380    12  0.1239641667E+02  0.4446499568E+01 
 2008  1386    12  0.1330933333E+02  0.4907220570E+01 
 2008  1392    12  0.1433866667E+02  0.5667355296E+01 
 2008  1398    12  0.1665408333E+02  0.5149049272E+01 
 2008  1404    12  0.2112416667E+02  0.5426220997E+01 
 2008  1410    12  0.2449083333E+02  0.6029602610E+01 
 2008  1416    12  0.2239000000E+02  0.5348426560E+01 
 2008  1422    12  0.2142500000E+02  0.5199951122E+01 
 2008  1428    12  0.1863733333E+02  0.4782544465E+01 
 2008  1434    12  0.1738208333E+02  0.4674480015E+01 
 2008  1440    12  0.1722458333E+02  0.4579039864E+01 
 2008  1446    12  0.1385941667E+02  0.4320737600E+01 
 2008  1452    12  0.6149200000E+01  0.3952448128E+01 
 2008  1458    12  0.2418550000E+01  0.2996230353E+01 
 2008  1464    12  0.7423566667E+01  0.4210251039E+01 
 2008  1470    12  0.1418675000E+02  0.5587783716E+01 
 2008  1476    12  0.1493941667E+02  0.5892920759E+01 
 2008  1482    12  0.1430841667E+02  0.5351531361E+01 
 2008  1488    12  0.1628191667E+02  0.5273244739E+01 
 2008  1494    12  0.1616150000E+02  0.5232364690E+01 
 2008  1500    12  0.1462250000E+02  0.4768964484E+01 
 2008  1506    12  0.2023483333E+02  0.5780089126E+01 
 2008  1512    12  0.2385666667E+02  0.6435521649E+01 
 2008  1518    12  0.2282500000E+02  0.6152368785E+01 
 2008  1524    12  0.1990916667E+02  0.5392969897E+01 
 2008  1530    12  0.2107666667E+02  0.5495134717E+01 
 2008  1536    12  0.2019416667E+02  0.5014396704E+01 
 2008  1542    12  0.1848500000E+02  0.4567912543E+01 
 2008  1548    12  0.1822833333E+02  0.4316107107E+01 
 2008  1554    12  0.1866500000E+02  0.4400883434E+01 
 2008  1560    12  0.1638191667E+02  0.3666623843E+01 
 2008  1566    12  0.1155983333E+02  0.4119775334E+01 
 2008  1572    12  0.6234925000E+01  0.6598401343E+01 
 2008  1578    12  0.4662183333E+01  0.3541289864E+01 
 2008  1584    12  0.9807833333E+01  0.2915298751E+01 
 2008  1590    12  0.1554883333E+02  0.3820366253E+01 
 2008  1596    12  0.2034083333E+02  0.4738328570E+01 
 2008  1602    12  0.2124083333E+02  0.4956602429E+01 
 2008  1608    12  0.1614250000E+02  0.3693175858E+01 
 2008  1614    12  0.1208866667E+02  0.2719252634E+01 
 2008  1620    12  0.1056183333E+02  0.2615154706E+01 
 2008  1626    12  0.1297433333E+02  0.3246003166E+01 
 2008  1632    12  0.1335825000E+02  0.3244059240E+01 
 2008  1638    12  0.1179941667E+02  0.2828950408E+01 
 2008  1644    12  0.7586250000E+01  0.1999399874E+01 
 2008  1650    12  0.2412016667E+01  0.1916181842E+01 
 2008  1656    12  0.3379533333E+00  0.1485987036E+01 
 2008  1662    12  0.2879733333E+01  0.1338989027E+01 
 2008  1668    12  0.6103916667E+01  0.1842025717E+01 
 2008  1674    12  0.6667416667E+01  0.2385581287E+01 
 2008  1680    12  0.3586608333E+01  0.1599563291E+01 
 2008  1686    12  0.3637708333E+00  0.1234782466E+01 
 2008  1692    12  -0.6232466667E+00  0.7485964912E+00 
 2008  1698    12  0.1492291667E+01  0.1309969195E+01 
 2008  1704    12  0.3001116667E+01  0.1767284592E+01 
 2008  1710    12  0.5904166667E+00  0.1310860263E+01 
 2008  1716    12  -0.1794700000E+01  0.1249922441E+01 
 2008  1722    12  -0.3168416667E+01  0.1468613771E+01 
 2008  1728    12  -0.3493500000E+01  0.1126275388E+01 
 2008  1734    12  -0.8521891667E+00  0.1857073688E+01 
 2008  1740    12  0.3977641667E+01  0.2926548131E+01 
 2008  1746    12  0.5707100000E+01  0.3037117347E+01 
 2008  1752    12  0.7404849167E+01  0.3270297503E+01 
 2008  1758    12  0.8702333333E+01  0.3470946973E+01 
 2008  1764    12  0.8476916667E+01  0.2849198497E+01 
 2008  1770    12  0.1024675000E+02  0.3300374679E+01 
 2008  1776    12  0.1161100000E+02  0.3551489148E+01 
 2008  1782    12  0.1446291667E+02  0.4008189064E+01 
 2008  1788    12  0.1544558333E+02  0.3998087073E+01 
 2008  1794    12  0.1420466667E+02  0.3721500444E+01 
 2008  1800    12  0.1169258333E+02  0.3126018406E+01 
 2008  1806    12  0.1002308333E+02  0.2903865081E+01 
 2008  1812    12  0.8665750000E+01  0.2573258056E+01 
 2008  1818    12  0.8503583333E+01  0.2600827832E+01 
 2008  1824    12  0.8125083333E+01  0.2569006762E+01 
 2008  1830    12  0.6407583333E+01  0.2326389709E+01 
 2008  1836    12  0.3921166667E+01  0.2352003573E+01 
 2008  1842    12  0.4767750000E+01  0.2819292793E+01 
 2008  1848    12  0.7541708333E+01  0.3396386796E+01 
 2008  1854    12  0.9399583333E+01  0.3416032798E+01 
 2008  1860    12  0.1048525000E+02  0.3580909454E+01 
 2008  1866    12  0.1090875000E+02  0.3578613608E+01 
 2008  1872    12  0.1233350000E+02  0.3720405522E+01 
 2008  1878    12  0.1311950000E+02  0.3883407363E+01 
 2008  1884    12  0.1361916667E+02  0.3909678606E+01 
 2008  1890    12  0.1365566667E+02  0.3730512640E+01 
 2008  1896    12  0.1357083333E+02  0.3637033288E+01 
 2008  1902    12  0.1303208333E+02  0.3467802774E+01 
 2008  1908    12  0.1121400000E+02  0.3183769778E+01 
 2008  1914    12  0.9616666667E+01  0.2817897749E+01 
 2008  1920    12  0.6613166667E+01  0.2137282575E+01 
 2008  1926    12  0.4263939167E+01  0.2383215345E+01 
 2008  1932    12  0.5909416667E+00  0.2376191855E+01 
 2008  1938    12  0.2046554167E+00  0.2000617566E+01 
 2008  1944    12  0.2147141667E+01  0.2417298868E+01 
 2008  1950    12  0.2336808333E+01  0.2094069842E+01 
 2008  1956    12  -0.3106900000E+01  0.1212318485E+01 
 2008  1962    12  -0.6046666667E+01  0.1897554581E+01 
 2008  1968    12  -0.5224908333E+01  0.2249783095E+01 
 2008  1974    12  -0.6415500000E+01  0.9241672378E+00 
 2008  1980    12  -0.8924250000E+01  0.1082401044E+01 
 2008  1986    12  -0.8746666667E+01  0.1208178197E+01 
 2008  1992    12  -0.9682916667E+01  0.1627068912E+01 
 2008  1998    12  -0.1156633333E+02  0.2019985905E+01 
 2008  2004    12  -0.1167508333E+02  0.1944270448E+01 
 2008  2010    12  -0.9885416667E+01  0.1465877522E+01 
 2008  2016    12  -0.8251166667E+01  0.1222033131E+01 
 2008  2022    12  -0.6502166667E+01  0.1360287582E+01 
 2008  2028    12  -0.5048250000E+01  0.9529873316E+00 
 2008  2034    12  -0.3842833333E+01  0.9941481976E+00 
 2008  2040    12  -0.2173666667E+01  0.9778197971E+00 
 2008  2046    12  -0.6525750000E+00  0.1299673689E+01 
 2008  2052    12  0.8616000000E+00  0.1794211971E+01 
 2008  2058    12  0.4447116667E+01  0.2418853988E+01 
 2008  2064    12  0.6944250000E+01  0.2611933994E+01 
 2008  2070    12  0.4718425000E+01  0.2357059673E+01 
 2008  2076    12  0.9268333333E+00  0.2141926241E+01 
 2008  2082    12  -0.5297833333E+00  0.2090051321E+01 
 2008  2088    12  0.8485833333E-01  0.1834042470E+01 
 2008  2094    12  0.4952250000E+01  0.1476499753E+01 
 2008  2100    12  0.9023500000E+01  0.1757039911E+01 
 2008  2106    12  0.8940333333E+01  0.1858192282E+01 
 2008  2112    12  0.3992000000E+01  0.1296699978E+01 
 2008  2118    12  -0.7685166667E+00  0.1656561719E+01 
 2008  2124    12  -0.3038750000E+01  0.1492899925E+01 
 2008  2130    12  -0.1992583333E+01  0.7210265204E+00 
 2008  2136    12  0.2464000000E+01  0.9423975630E+00 
 2008  2142    12  0.4023333333E+01  0.9985599075E+00 
 2008  2148    12  0.4235500000E+01  0.1144822293E+01 
 2008  2154    12  0.3006133333E+01  0.1336819308E+01 
 2008  2160    12  -0.2731250000E+00  0.1205748275E+01 
 2008  2166    12  -0.2477750000E+01  0.1589263253E+01 
 2008  2172    12  -0.9169666667E+00  0.9210622204E+00 
 2008  2178    12  0.2442916667E+01  0.4368299552E+00 
 2008  2184    12  0.2609508333E+01  0.8359364165E+00 
 2008  2190    12  0.1891550000E+01  0.1018448578E+01 
 2008  2196    12  0.2219241667E+01  0.1074170343E+01 
 2008  2202    12  0.1127741667E+01  0.7971852330E+00 
 2008  2208    12  0.1052550000E+01  0.2673213438E+00 
 2008  2214    12  0.1695316667E+01  0.4152655814E+00 
 2008  2220    12  0.1704775000E+01  0.5560970661E+00 
 2008  2226    12  0.6485950000E+00  0.4330172679E+00 
 2008  2232    12  0.9106333333E+00  0.6380753016E+00 
 2008  2238    12  0.1805119167E+01  0.7816629247E+00 
 2008  2244    12  0.2392250000E+01  0.7111323277E+00 
 2008  2250    12  0.3059333333E+01  0.6475780948E+00 
 2008  2256    12  0.3700250000E+01  0.5786912137E+00 
 2008  2262    12  0.3307500000E+01  0.4927327707E+00 
 2008  2268    12  0.2896250000E+01  0.4444871811E+00 
 2008  2274    12  0.2392583333E+01  0.6996326963E+00 
 2008  2280    12  0.3254608333E+00  0.8456725524E+00 
 2008  2286    12  -0.2823850000E+01  0.1213581688E+01 
 2008  2292    12  -0.3444166667E+01  0.9863935010E+00 
 2008  2298    12  -0.1766916667E+01  0.2634806945E+00 
 2008  2304    12  0.1103216667E+00  0.4623150759E+00 
 2008  2310    12  0.5530075000E+00  0.7595822709E+00 
 2008  2316    12  0.7336158333E+00  0.1070329936E+01 
 2008  2322    12  0.7225483333E+00  0.1203252653E+01 
 2008  2328    12  0.4796783333E+00  0.1084534797E+01 
 2008  2334    12  0.2438666667E+00  0.1012409316E+01 
 2008  2340    12  -0.1982316667E+00  0.8255529539E+00 
 2008  2346    12  -0.9182000000E+00  0.5161844954E+00 
 2008  2352    12  -0.1737916667E+01  0.5917932435E+00 
 2008  2358    12  -0.2576083333E+01  0.9563306139E+00 
 2008  2364    12  -0.2409583333E+01  0.1368715408E+01 
 2008  2370    12  -0.9558916667E+00  0.1407718955E+01 
 2008  2376    12  -0.4114200000E+00  0.1135599622E+01 
 2008  2382    12  -0.2298841667E+01  0.1117571144E+01 
 2008  2388    12  -0.5222500000E+01  0.1203330205E+01 
 2008  2394    12  -0.6802166667E+01  0.1247335282E+01 
 2008  2400    12  -0.6098000000E+01  0.9226524264E+00 
 2008  2406    12  -0.3578916667E+01  0.3875171950E+00 
 2008  2412    12  -0.2651945000E+00  0.6935587691E+00 
 2008  2418    12  0.1172783333E+01  0.1055623734E+01 
 2008  2424    12  0.1326906667E+01  0.9534985367E+00 
 2008  2430    12  0.5554233333E+00  0.6633813084E+00 
 2008  2436    12  -0.1856975000E+00  0.3770618191E+00 
 2008  2442    12  0.3932816667E+00  0.4667887184E+00 
 2008  2448    12  0.2836666667E-01  0.7743802020E+00 
 2008  2454    12  0.4096000000E+00  0.1066343278E+01 
 2008  2460    12  0.7646833333E+00  0.1059671576E+01 
 2008  2466    12  -0.1014216667E+00  0.6950323559E+00 
 2008  2472    12  -0.2291583333E+01  0.2654281002E+00 
 2008  2478    12  -0.3116583333E+01  0.7294232263E+00 
 2008  2484    12  -0.1964700000E+01  0.1004212364E+01 
 2008  2490    12  -0.6691141667E+00  0.5044902364E+00 
 2008  2496    12  -0.2181358333E+00  0.1631686695E+00 
 2008  2502    12  0.4694583333E+00  0.2507366532E+00 
 2008  2508    12  -0.3540258333E+00  0.4804532119E+00 
 2008  2514    12  -0.1046863333E+01  0.5249687576E+00 
 2008  2520    12  -0.4499750000E+00  0.2651057529E+00 
 2008  2526    12  0.8416000000E+00  0.2664444376E+00 
 2008  2532    12  0.2049916667E+01  0.3474138882E+00 
 2008  2538    12  0.3020083333E+01  0.5619241435E+00 
 2008  2544    12  0.3364833333E+01  0.6124872561E+00 
 2008  2550    12  0.2936583333E+01  0.5568891958E+00 
 2008  2556    12  0.2139250000E+01  0.4707053440E+00 
 2008  2562    12  0.2608000000E+01  0.6185152922E+00 
 2008  2568    12  0.2550916667E+01  0.8391659012E+00 
 2008  2574    12  0.2229816667E+01  0.8907240789E+00 
 2008  2580    12  0.1014551667E+01  0.1016511242E+01 
 2008  2586    12  0.3276258333E+00  0.1287562128E+01 
 2008  2592    12  -0.1060075000E+01  0.1194396950E+01 
 2008  2598    12  -0.3077416667E+01  0.1381190396E+01 
 2008  2604    12  -0.4157833333E+01  0.1103865015E+01 
 2008  2610    12  -0.4292166667E+01  0.1024540941E+01 
 2008  2616    12  -0.5636583333E+01  0.9560566108E+00 
 2008  2622    12  -0.6696833333E+01  0.1136157621E+01 
 2008  2628    12  -0.5739333333E+01  0.9391617125E+00 
 2008  2634    12  -0.3857000000E+01  0.5106918510E+00 
 2008  2640    12  -0.3070916667E+01  0.6451612794E+00 
 2008  2646    12  -0.2608666667E+01  0.8489444753E+00 
 2008  2652    12  -0.3039250000E+01  0.8074228678E+00 
 2008  2658    12  -0.3978250000E+01  0.9440112221E+00 
 2008  2664    12  -0.3767666667E+01  0.8933351679E+00 
 2008  2670    12  -0.2001158333E+01  0.6165802130E+00 
 2008  2676    12  -0.1066689167E+01  0.5162659001E+00 
 2008  2682    12  -0.3018566667E+00  0.4449676232E+00 
 2008  2688    12  -0.6208866667E+00  0.4054883766E+00 
 2008  2694    12  -0.4187083333E+00  0.5334499250E+00 
 2008  2700    12  -0.5026225000E+00  0.5364721778E+00 
 2008  2706    12  -0.3386058333E+00  0.6663521181E+00 
 2008  2712    12  -0.7089000000E+00  0.1045240822E+01 
 2008  2718    12  -0.8678241667E+00  0.8462109432E+00 
 2008  2724    12  -0.1647665833E+01  0.1020111851E+01 
 2008  2730    12  -0.2891108333E+01  0.1320910788E+01 
 2008  2736    12  -0.3786016667E+01  0.1524095000E+01 
 2008  2742    12  -0.3279816667E+01  0.1477729726E+01 
 2008  2748    12  -0.2276925000E+01  0.1311519734E+01 
 2008  2754    12  -0.1885408333E+01  0.1258969964E+01 
 2008  2760    12  -0.2651675000E+01  0.1339378405E+01 
 2008  2766    12  -0.3137077500E+01  0.1405059653E+01 
 2008  2772    12  -0.3545966667E+01  0.1377071051E+01 
 2008  2778    12  -0.2491050000E+01  0.1107778971E+01 
 2008  2784    12  -0.1125071667E+01  0.8358466324E+00 
 2008  2790    12  -0.8450666667E-01  0.7225238747E+00 
 2008  2796    12  0.4730250000E+00  0.8032699994E+00 
 2008  2802    12  0.1563058333E+00  0.9540282928E+00 
 2008  2808    12  -0.6020416667E+00  0.1102037109E+01 
 2008  2814    12  -0.8363166667E+00  0.1055563875E+01 
 2008  2820    12  -0.2455125000E+00  0.8938811088E+00 
 2008  2826    12  0.5259833333E-01  0.8254287668E+00 
 2008  2832    12  -0.2209023333E+00  0.7920081738E+00 
 2008  2838    12  -0.7006116667E+00  0.8354916274E+00 
 2008  2844    12  -0.1179613333E+01  0.8723185074E+00 
 2008  2850    12  -0.2088416667E+01  0.9596469679E+00 
 2008  2856    12  -0.3288716667E+01  0.1096366278E+01 
 2008  2862    12  -0.3443416667E+01  0.1025228386E+01 
 2008  2868    12  -0.3692083333E+01  0.9684369243E+00 
 2008  2874    12  -0.4421333333E+01  0.1106375865E+01 
 2008  2880    12  -0.4954083333E+01  0.1211276356E+01 
 2008  2886    12  -0.5743166667E+01  0.1335219572E+01 
 2008  2892    12  -0.5589916667E+01  0.1253342628E+01 
 2008  2898    12  -0.5755500000E+01  0.1242048610E+01 
 2008  2904    12  -0.6238916667E+01  0.1308831187E+01 
 2008  2910    12  -0.6260583333E+01  0.1424707014E+01 
 2008  2916    12  -0.5554416667E+01  0.1190306435E+01 
 2008  2922    12  -0.5523083333E+01  0.1197592617E+01 
 2008  2928    12  -0.5443166667E+01  0.1265821264E+01 
 2008  2934    12  -0.4659416667E+01  0.1053678751E+01 
 2008  2940    12  -0.4230833333E+01  0.1049274022E+01 
 2008  2946    12  -0.3656583333E+01  0.9384043601E+00 
 2008  2952    12  -0.2003391667E+01  0.7625646448E+00 
 2008  2958    12  -0.1179216667E+01  0.7067793159E+00 
 2008  2964    12  -0.4465416667E+00  0.5785112077E+00 
 2008  2970    12  0.8321750000E+00  0.3795967227E+00 
 2008  2976    12  0.1372791667E+01  0.3557470695E+00 
 2008  2982    12  0.1494333333E+01  0.3243116642E+00 
 2008  2988    12  0.1975416667E+01  0.2869716764E+00 
 2008  2994    12  0.2288416667E+01  0.2385639182E+00 
 2008  3000    12  0.2165166667E+01  0.2841237504E+00 
 2008  3006    12  0.2055083333E+01  0.3024391008E+00 
 2008  3012    12  0.2728833333E+01  0.2924545074E+00 
 2008  3018    12  0.3406000000E+01  0.2231781799E+00 
 2008  3024    12  0.3422666667E+01  0.2622290136E+00 
 2008  3030    12  0.4546250000E+01  0.3903353526E+00 
 2008  3036    12  0.4696000000E+01  0.3209018542E+00 
 2008  3042    12  0.3477583333E+01  0.5108464313E+00 
 2008  3048    12  0.9825750000E+00  0.8283070235E+00 
 2008  3054    12  -0.2556450000E+00  0.9724590313E+00 
 2008  3060    12  -0.2478666667E+00  0.8488422815E+00 
 2008  3066    12  -0.9975833333E-01  0.5373355818E+00 
 2008  3072    12  -0.8637416667E+00  0.6374531191E+00 
 2008  3078    12  -0.7236025000E+00  0.6215779766E+00 
 2008  3084    12  -0.5957475000E+00  0.6045328952E+00 
 2008  3090    12  -0.3550016667E+00  0.6786373150E+00 
 2008  3096    12  -0.9501916667E+00  0.7200214377E+00 
 2008  3102    12  -0.6247883333E+00  0.7244457167E+00 
 2008  3108    12  -0.3860000000E+00  0.7552467875E+00 
 2008  3114    12  -0.2774250000E+00  0.7041969423E+00 
 2008  3120    12  -0.4064183333E+00  0.7541136623E+00 
 2008  3126    12  0.2290050000E+00  0.6640364405E+00 
 2008  3132    12  0.5505189167E+00  0.6423590912E+00 
 2008  3138    12  0.7557916667E+00  0.6301490068E+00 
 2008  3144    12  0.4429250000E+00  0.5688728207E+00 
 2008  3150    12  0.6966775000E+00  0.5380858995E+00 
 2008  3156    12  0.3105085833E+00  0.6177653108E+00 
 2008  3162    12  -0.6921666667E+00  0.7605170358E+00 
 2008  3168    12  -0.1583493917E+01  0.8024333674E+00 
 2008  3174    12  -0.1237458333E+01  0.5672625369E+00 
 2008  3180    12  0.1816441667E+01  0.6639551283E+00 
 2008  3186    12  0.6749750000E+01  0.1758367004E+01 
 2008  3192    12  0.5541250000E+01  0.1479131002E+01 
 2008  3198    12  0.2072666667E+01  0.6219168397E+00 
 2008  3204    12  -0.7445083333E+00  0.8467434396E+00 
 2008  3210    12  -0.1954808333E+01  0.1436871812E+01 
 2008  3216    12  -0.3328750000E+01  0.1418313501E+01 
 2008  3222    12  -0.1834073333E+01  0.9219662005E+00 
 2008  3228    12  -0.6781416667E+00  0.7988298708E+00 
 2008  3234    12  -0.2880375000E+01  0.1295069257E+01 
 2008  3240    12  -0.6161583333E+01  0.1729734877E+01 
 2008  3246    12  -0.6333416667E+01  0.1485924542E+01 
 2008  3252    12  -0.5518833333E+01  0.1107274871E+01 
 2008  3258    12  -0.4374166667E+01  0.8686910492E+00 
 2008  3264    12  -0.3588333333E+01  0.6557052607E+00 
 2008  3270    12  -0.3666500000E+01  0.8277411532E+00 
 2008  3276    12  -0.4970750000E+01  0.1090938520E+01 
 2008  3282    12  -0.4805833333E+01  0.9490307190E+00 
 2008  3288    12  -0.3893666667E+01  0.6182609122E+00 
 2008  3294    12  -0.2939916667E+01  0.4749974488E+00 
 2008  3300    12  -0.2388166667E+01  0.5378391695E+00 
 2008  3306    12  -0.1745450000E+01  0.7181189972E+00 
 2008  3312    12  -0.2113666667E+01  0.6534256312E+00 
 2008  3318    12  -0.1820833333E+01  0.4153688789E+00 
 2008  3324    12  -0.2364941667E+00  0.7356122426E+00 
 2008  3330    12  0.2235150000E+01  0.1041592858E+01 
 2008  3336    12  0.2424358333E+01  0.9468374706E+00 
 2008  3342    12  0.2200716667E+01  0.7316843694E+00 
 2008  3348    12  0.2192583333E+01  0.5581213217E+00 
 2008  3354    12  0.2237583333E+01  0.7155347020E+00 
 2008  3360    12  0.2396750000E+01  0.6488242090E+00 
 2008  3366    12  0.3741166667E+01  0.8431342156E+00 
 2008  3372    12  0.4065583333E+01  0.7833532045E+00 
 2008  3378    12  0.3829166667E+01  0.8153605372E+00 
 2008  3384    12  0.2978750000E+01  0.6156113662E+00 
 2008  3390    12  0.3356583333E+01  0.5956981140E+00 
 2008  3396    12  0.3549583333E+01  0.5130220038E+00 
 2008  3402    12  0.3993083333E+01  0.6634932125E+00 
 2008  3408    12  0.4409666667E+01  0.6843145394E+00 
 2008  3414    12  0.3990750000E+01  0.5801199768E+00 
 2008  3420    12  0.2807083333E+01  0.3597694767E+00 
 2008  3426    12  0.2005916667E+01  0.3876459850E+00 
 2008  3432    12  0.1671325000E+01  0.3836018055E+00 
 2008  3438    12  0.1075983333E+01  0.3595577673E+00 
 2008  3444    12  0.5569666667E+00  0.4134736375E+00 
 2008  3450    12  0.3114583333E+00  0.4185516863E+00 
 2008  3456    12  0.1403333333E-01  0.4571233228E+00 
 2008  3462    12  -0.3384708333E+00  0.5286570353E+00 
 2008  3468    12  -0.3246391667E+00  0.5447573423E+00 
 2008  3474    12  -0.4468241667E+00  0.6616748112E+00 
 2008  3480    12  -0.5579133333E+00  0.7827741055E+00 
 2008  3486    12  -0.9301475000E+00  0.8113284126E+00 
 2008  3492    12  -0.1144193333E+01  0.7784755891E+00 
 2008  3498    12  -0.1811806417E+01  0.9442063523E+00 
 2008  3504    12  -0.3543041667E+01  0.1381280964E+01 
 2008  3510    12  -0.4290750000E+01  0.1623985074E+01 
 2008  3516    12  -0.3883833333E+01  0.1442788783E+01 
 2008  3522    12  -0.4699333333E+01  0.1475904318E+01 
 2008  3528    12  -0.7103083333E+01  0.1779772198E+01 
 2008  3534    12  -0.5311916667E+01  0.1540444333E+01 
 2008  3540    12  -0.3171991667E+01  0.1141124256E+01 
 2008  3546    12  -0.3654758333E+01  0.1443108165E+01 
 2008  3552    12  -0.4860000000E+01  0.1706112638E+01 
 2008  3558    12  -0.4104958333E+01  0.1760700955E+01 
 2008  3564    12  -0.4255875000E+01  0.1893286430E+01 
 2008  3570    12  -0.4149600000E+01  0.1902203352E+01 
 2008  3576    12  -0.4427966667E+01  0.1902262113E+01 
 2008  3582    12  -0.4294416667E+01  0.1949799913E+01 
 2008  3588    12  -0.4678541667E+01  0.2018141631E+01 
 2008  3594    12  -0.5150583333E+01  0.2027787483E+01 
 2008  3600    12  -0.6648416667E+01  0.2173793706E+01 
 2008  3606    12  -0.6968500000E+01  0.2304336546E+01 
 2008  3612    12  -0.6831833333E+01  0.2179511636E+01 
 2008  3618    12  -0.6507833333E+01  0.2001706682E+01 
 2008  3624    12  -0.6767500000E+01  0.1925861128E+01 
 2008  3630    12  -0.6394833333E+01  0.1976398021E+01 
 2008  3636    12  -0.6161916667E+01  0.1915057112E+01 
 2008  3642    12  -0.6159083333E+01  0.1898785948E+01 
 2008  3648    12  -0.6781916667E+01  0.1986386479E+01 
 2008  3654    12  -0.6199333333E+01  0.1951156423E+01 
 2008  3660    12  -0.5805750000E+01  0.1876320163E+01 
 2008  3666    12  -0.5751166667E+01  0.1920710885E+01 
 2008  3672    12  -0.6668250000E+01  0.2051092234E+01 
 2008  3678    12  -0.6441666667E+01  0.2007526435E+01 
 2008  3684    12  -0.5104750000E+01  0.1671243605E+01 
 2008  3690    12  -0.4264583333E+01  0.1419101797E+01 
 2008  3696    12  -0.4675000000E+01  0.1357147560E+01 
 2008  3702    12  -0.4541500000E+01  0.1419924558E+01 
 2008  3708    12  -0.4397416667E+01  0.1413152649E+01 
 2008  3714    12  -0.4327333333E+01  0.1418661713E+01 
 2008  3720    12  -0.5098916667E+01  0.1728345184E+01 
 2008  3726    12  -0.4753500000E+01  0.1670916440E+01 
 2008  3732    12  -0.4844250000E+01  0.1697594579E+01 
 2008  3738    12  -0.5418666667E+01  0.1750064777E+01 
 2008  3744    12  -0.6587916667E+01  0.2011855340E+01 
 2008  3750    12  -0.6543916667E+01  0.2093494227E+01 
 2008  3756    12  -0.5655916667E+01  0.1939657979E+01 
 2008  3762    12  -0.5587166667E+01  0.1877626553E+01 
 2008  3768    12  -0.6187083333E+01  0.2004497670E+01 
 2008  3774    12  -0.6163166667E+01  0.2065077837E+01 
 2008  3780    12  -0.5714000000E+01  0.1965941250E+01 
 2008  3786    12  -0.5276833333E+01  0.1779920636E+01 
 2008  3792    12  -0.5138083333E+01  0.1612281275E+01 
 2008  3798    12  -0.3907083333E+01  0.1364204069E+01 
 2008  3804    12  -0.3138291667E+01  0.1203768050E+01 
 2008  3810    12  -0.2423810833E+01  0.1041673184E+01 
 2008  3816    12  -0.2615575000E+01  0.1142438643E+01 
 2008  3822    12  -0.2783616667E+01  0.1232856149E+01 
 2008  3828    12  -0.3443216667E+01  0.1426442177E+01 
 2008  3834    12  -0.4059925000E+01  0.1518909536E+01 
 2008  3840    12  -0.3859483333E+01  0.1361185379E+01 
 2008  3846    12  -0.3790433333E+01  0.1322610486E+01 
 2008  3852    12  -0.2353247250E+01  0.1009364953E+01 
 2008  3858    12  0.8390616667E+00  0.5685032883E+00 
 2008  3864    12  -0.1201558333E+00  0.9348431499E+00 
 2008  3870    12  -0.1174440833E+01  0.9942594208E+00 
 2008  3876    12  -0.2846025000E+01  0.1078366182E+01 
 2008  3882    12  -0.3067910000E+01  0.1602538993E+01 
 2008  3888    12  -0.2644166667E+01  0.1460596615E+01 
 2008  3894    12  0.2282650000E+01  0.1239260476E+01 
 2008  3900    12  0.4642583333E+01  0.2497751304E+01 
 2008  3906    12  0.6087658333E+01  0.2798656005E+01 
 2008  3912    12  0.6115750000E+01  0.2167718660E+01 
 2008  3918    12  0.8193750000E+01  0.2389337395E+01 
 2008  3924    12  0.8898833333E+01  0.2486297107E+01 
 2008  3930    12  0.1064875000E+02  0.2786673798E+01 
 2008  3936    12  0.1118066667E+02  0.2861531796E+01 
 2008  3942    12  0.1013908333E+02  0.2554760767E+01 
 2008  3948    12  0.8825916667E+01  0.2299097919E+01 
 2008  3954    12  0.8951166667E+01  0.2416492770E+01 
 2008  3960    12  0.9204000000E+01  0.2502396318E+01 
 2008  3966    12  0.8743416667E+01  0.2483381782E+01 
 2008  3972    12  0.7826833333E+01  0.2183205512E+01 
 2008  3978    12  0.7017833333E+01  0.1866526356E+01 
 2008  3984    12  0.5440666667E+01  0.1495335600E+01 
 2008  3990    12  0.3668166667E+01  0.1080061637E+01 
 2008  3996    12  0.2857833333E+01  0.8317461385E+00 
 2008  4002    12  0.2434750000E+01  0.7253550998E+00 
 2008  4008    12  0.1350241667E+01  0.6118325907E+00 
 2008  4014    12  0.3233666667E+00  0.5363207861E+00 
 2008  4020    12  0.3205833333E+00  0.4446008290E+00 
 2008  4026    12  0.5835800000E+00  0.5089796883E+00 
 2008  4032    12  0.1322191667E+00  0.6070503450E+00 
 2008  4038    12  -0.7934916667E-01  0.6557107806E+00 
 2008  4044    12  0.4122916667E+00  0.6752690988E+00 
 2008  4050    12  0.1402016667E+01  0.7941717812E+00 
 2008  4056    12  0.1583606667E+01  0.7711057821E+00 
 2008  4062    12  0.1922366667E+01  0.5531309178E+00 
 2008  4068    12  0.2328833333E+01  0.5521524296E+00 
 2008  4074    12  0.2229000000E+01  0.5464134576E+00 
 2008  4080    12  0.1798766667E+01  0.3490145158E+00 
 2008  4086    12  0.2775666667E+01  0.4435505107E+00 
 2008  4092    12  0.2462000000E+01  0.4737529244E+00 
 2008  4098    12  0.1963166667E+01  0.3280398434E+00 
 2008  4104    12  0.1324266667E+01  0.3886054755E+00 
 2008  4110    12  0.1742133333E+01  0.5855582768E+00 
 2008  4116    12  0.1423508333E+01  0.5094310478E+00 
 2008  4122    12  0.1186216667E+01  0.6126860287E+00 
 2008  4128    12  0.1607641667E+01  0.6123184227E+00 
 2008  4134    12  0.1824486667E+01  0.7351932705E+00 
 2008  4140    12  0.2694741667E+01  0.1268534233E+01 
 2008  4146    12  0.3424241667E+01  0.1182141859E+01 
 2008  4152    12  0.5123416667E+01  0.1330415064E+01 
 2008  4158    12  0.5369583333E+01  0.1166875633E+01 
 2008  4164    12  0.6377500000E+01  0.1210935554E+01 
 2008  4170    12  0.7025416667E+01  0.1372729547E+01 
 2008  4176    12  0.5131500000E+01  0.1100196535E+01 
 2008  4182    12  0.3116416667E+01  0.9300994981E+00 
 2008  4188    12  0.2044616667E+01  0.7832037526E+00 
 2008  4194    12  0.3061941667E+01  0.1404482427E+01 
 2008  4200    12  0.3109666667E+01  0.2404628638E+01 
 2008  4206    12  0.2438891667E+01  0.1811701112E+01 
 2008  4212    12  0.4962316667E+01  0.2440577740E+01 
 2008  4218    12  0.9210500000E+01  0.2367906618E+01 
 2008  4224    12  0.1099850000E+02  0.2491084486E+01 
 2008  4230    12  0.1085150000E+02  0.2276962652E+01 
 2008  4236    12  0.1346150000E+02  0.2842660242E+01 
 2008  4242    12  0.1295433333E+02  0.2682717134E+01 
 2008  4248    12  0.1026658333E+02  0.2320083779E+01 
 2008  4254    12  0.8975833333E+01  0.2078232616E+01 
 2008  4260    12  0.8657000000E+01  0.2019604788E+01 
 2008  4266    12  0.8711000000E+01  0.1913520490E+01 
 2008  4272    12  0.7684750000E+01  0.1545573902E+01 
 2008  4278    12  0.7208916667E+01  0.1556696687E+01 
 2008  4284    12  0.5828833333E+01  0.1291114108E+01 
 2008  4290    12  0.4696000000E+01  0.1233484765E+01 
 2008  4296    12  0.4878583333E+01  0.1371624248E+01 
 2008  4302    12  0.5472000000E+01  0.1542872645E+01 
 2008  4308    12  0.5457750000E+01  0.1521000555E+01 
 2008  4314    12  0.4410500000E+01  0.1199870097E+01 
 2008  4320    12  0.3720500000E+01  0.9986133302E+00 
 2008  4326    12  0.3979750000E+01  0.9992760817E+00 
 2008  4332    12  0.5034583333E+01  0.1236747782E+01 
 2008  4338    12  0.5062000000E+01  0.1169856259E+01 
 2008  4344    12  0.4315750000E+01  0.9216668889E+00 
 2008  4350    12  0.3878916667E+01  0.8127740008E+00 
 2008  4356    12  0.2992066667E+01  0.9033095163E+00 
 2008  4362    12  0.3849333333E+01  0.1098950889E+01 
 2008  4368    12  0.4605083333E+01  0.1092266410E+01 
 2008  4374    12  0.5694166667E+01  0.1118811113E+01 
 2008  4380    12  0.5845916667E+01  0.1049108150E+01 
 2008  4386    12  0.6629166667E+01  0.1225677556E+01 
 2008  4392    12  0.6428750000E+01  0.1085462277E+01 
 2008  4398    12  0.6517333333E+01  0.1026819875E+01 
 2008  4404    12  0.6612083333E+01  0.1019322198E+01 
 2008  4410    12  0.6506916667E+01  0.9943242645E+00 
 2008  4416    12  0.5184083333E+01  0.7561697845E+00 
 2008  4422    12  0.4429916667E+01  0.5874414096E+00 
 2008  4428    12  0.3644250000E+01  0.4923327339E+00 
 2008  4434    12  0.2687916667E+01  0.4594336112E+00 
 2008  4440    12  0.1241258333E+01  0.5754382974E+00 
 2008  4446    12  0.4936166667E+00  0.6166985053E+00 
 2008  4452    12  -0.2635375000E+00  0.7364227487E+00 
 2008  4458    12  -0.1128650000E+01  0.6146773090E+00 
 2008  4464    12  -0.1778416667E+01  0.5058869206E+00 
 2008  4470    12  -0.1465566667E+01  0.2953145197E+00 
 2008  4476    12  -0.9534750000E+00  0.3916181540E+00 
 2008  4482    12  -0.2436516667E+00  0.5212402786E+00 
 2008  4488    12  -0.6154783333E+00  0.4493028784E+00 
 2008  4494    12  -0.1074158333E+01  0.4876063054E+00 
 2008  4500    12  -0.1633050000E+01  0.7190811828E+00 
 2008  4506    12  -0.1595300000E+01  0.5499559240E+00 
 2008  4512    12  -0.1389441667E+01  0.3941563511E+00 
 2008  4518    12  -0.1156925000E+01  0.3977424441E+00 
 2008  4524    12  -0.1460000000E+01  0.4663335716E+00 
 2008  4530    12  -0.1431875000E+01  0.4896666709E+00 
 2008  4536    12  -0.9594000000E+00  0.3422405733E+00 
 2008  4542    12  -0.7002175000E+00  0.4119654713E+00 
 2008  4548    12  -0.8512250000E+00  0.3405322748E+00 
 2008  4554    12  -0.4706266667E+00  0.4048628148E+00 
 2008  4560    12  -0.1923328333E+00  0.3574190889E+00 
 2008  4566    12  -0.1164216667E+00  0.4186912880E+00 
 2008  4572    12  0.1295191667E-01  0.5021263445E+00 
 2008  4578    12  -0.8615833333E-01  0.6115756037E+00 
 2008  4584    12  -0.3346625000E+00  0.3499675652E+00 
 2008  4590    12  0.4116583333E+00  0.4072467095E+00 
 2008  4596    12  0.9660500000E+00  0.5228352059E+00 
 2008  4602    12  0.1979183333E+01  0.7839424531E+00 
 2008  4608    12  0.1533078333E+01  0.6363874660E+00 
 2008  4614    12  0.1416189167E+01  0.6151368721E+00 
 2008  4620    12  0.7477083333E+00  0.5773809206E+00 
 2008  4626    12  0.4614891667E+00  0.6491317488E+00 
 2008  4632    12  0.9293916667E+00  0.6414883494E+00 
 2008  4638    12  0.1670133333E+01  0.7879304510E+00 
 2008  4644    12  0.1706218333E+01  0.8160545454E+00 
 2008  4650    12  0.1636600000E+01  0.7475230164E+00 
 2008  4656    12  0.1850433333E+01  0.7393826246E+00 
 2008  4662    12  0.2337200000E+01  0.7840283413E+00 
 2008  4668    12  0.2256583333E+01  0.6252500111E+00 
 2008  4674    12  0.2750000000E+01  0.5404303840E+00 
 2008  4680    12  0.3264333333E+01  0.7673882474E+00 
 2008  4686    12  0.3035583333E+01  0.7541009502E+00 
 2008  4692    12  0.3356666667E+01  0.9658954682E+00 
 2008  4698    12  0.3785333333E+01  0.1079164440E+01 
 2008  4704    12  0.3794333333E+01  0.1015018090E+01 
 2008  4710    12  0.3363750000E+01  0.9564079608E+00 
 2008  4716    12  0.3309833333E+01  0.8736118354E+00 
 2008  4722    12  0.3791500000E+01  0.7920644439E+00 
 2008  4728    12  0.3778416667E+01  0.8397087251E+00 
 2008  4734    12  0.3639250000E+01  0.1003621619E+01 
 2008  4740    12  0.4173166667E+01  0.1117788951E+01 
 2008  4746    12  0.5187416667E+01  0.1252992050E+01 
 2008  4752    12  0.6114000000E+01  0.1535469038E+01 
 2008  4758    12  0.5973583333E+01  0.1729104077E+01 
 2008  4764    12  0.5713250000E+01  0.1710489799E+01 
 2008  4770    12  0.6288583333E+01  0.1793065925E+01 
 2008  4776    12  0.6301500000E+01  0.1649112110E+01 
 2008  4782    12  0.6372916667E+01  0.1484871569E+01 
 2008  4788    12  0.6615666667E+01  0.1600058506E+01 
 2008  4794    12  0.6440583333E+01  0.1631632590E+01 
 2008  4800    12  0.5631833333E+01  0.1408324882E+01 
 2008  4806    12  0.5332583333E+01  0.1409140486E+01 
 2008  4812    12  0.5335250000E+01  0.1405101309E+01 
 2008  4818    12  0.4998916667E+01  0.1355872257E+01 
 2008  4824    12  0.3815416667E+01  0.1238273291E+01 
 2008  4830    12  0.2997308333E+01  0.1204609070E+01 
 2008  4836    12  0.2821975000E+01  0.1232589714E+01 
 2008  4842    12  0.2919158333E+01  0.1212267253E+01 
 2008  4848    12  0.2311300000E+01  0.8210160920E+00 
 2008  4854    12  0.9508000000E+00  0.4129464957E+00 
 2008  4860    12  0.1054435833E+00  0.3953530299E+00 
 2008  4866    12  -0.1165004167E+00  0.4223380316E+00 
 2008  4872    12  0.7834816667E+00  0.4585951764E+00 
 2008  4878    12  0.1752325000E+01  0.6166571402E+00 
 2008  4884    12  0.1490333333E+01  0.5667504350E+00 
 2008  4890    12  0.1689475000E+01  0.8079975280E+00 
 2008  4896    12  0.1453866667E+01  0.5661823563E+00 
 2008  4902    12  0.2858583333E+01  0.6493417768E+00 
 2008  4908    12  0.5284416667E+01  0.6356805354E+00 
 2008  4914    12  0.7216500000E+01  0.9519329020E+00 
 2008  4920    12  0.7657500000E+01  0.1015630879E+01 
 2008  4926    12  0.7438250000E+01  0.8592036162E+00 
 2008  4932    12  0.6932416667E+01  0.7137336640E+00 
 2008  4938    12  0.6056666667E+01  0.6804824677E+00 
 2008  4944    12  0.5407583333E+01  0.7870786130E+00 
 2008  4950    12  0.5217833333E+01  0.7060745751E+00 
 2008  4956    12  0.4123000000E+01  0.5642224739E+00 
 2008  4962    12  0.2617916667E+01  0.5025072899E+00 
 2008  4968    12  0.6231075000E+00  0.6232899052E+00 
 2008  4974    12  -0.8261500000E+00  0.8888167223E+00 
 2008  4980    12  -0.1165958333E+01  0.9774921802E+00 
 2008  4986    12  -0.1298091667E+01  0.9928586149E+00 
 2008  4992    12  -0.2189791667E+01  0.1211715659E+01 
 2008  4998    12  -0.2258916667E+01  0.1262706900E+01 
 2008  5004    12  -0.2246779167E+01  0.1186919827E+01 
 2008  5010    12  -0.2065194916E+01  0.1158786873E+01 
 2008  5016    12  -0.2617583333E+01  0.1230621148E+01 
 2008  5022    12  -0.2816508333E+01  0.1293773768E+01 
 2008  5028    12  -0.3260950000E+01  0.1393398225E+01 
 2008  5034    12  -0.2955941667E+01  0.1270681530E+01 
 2008  5040    12  -0.2666883333E+01  0.1179142744E+01 
 2008  5046    12  -0.2142191667E+01  0.1108082703E+01 
 2008  5052    12  -0.2189030833E+01  0.1158615467E+01 
 2008  5058    12  -0.2212915833E+01  0.1202381274E+01 
 2008  5064    12  -0.2821833333E+01  0.1350723700E+01 
 2008  5070    12  -0.3381833333E+01  0.1494254746E+01 
 2008  5076    12  -0.3560483333E+01  0.1578998675E+01 
 2008  5082    12  -0.3376808333E+01  0.1454468489E+01 
 2008  5088    12  -0.4173916667E+01  0.1659057637E+01 
 2008  5094    12  -0.4127375000E+01  0.1701462718E+01 
 2008  5100    12  -0.4273216667E+01  0.1750694657E+01 
 2008  5106    12  -0.4361341667E+01  0.1713092851E+01 
 2008  5112    12  -0.5184333333E+01  0.1836518370E+01 
 2008  5118    12  -0.4939166667E+01  0.1724860421E+01 
 2008  5124    12  -0.4619500000E+01  0.1601542616E+01 
 2008  5130    12  -0.3810916667E+01  0.1317845556E+01 
 2008  5136    12  -0.3248441667E+01  0.1242046609E+01 
 2008  5142    12  -0.3230666667E+01  0.1242850577E+01 
 2008  5148    12  -0.3777083333E+01  0.1212135337E+01 
 2008  5154    12  -0.4713500000E+01  0.1349419474E+01 
 2008  5160    12  -0.6165666667E+01  0.1568029567E+01 
 2008  5166    12  -0.6093500000E+01  0.1410512348E+01 
 2008  5172    12  -0.4416583333E+01  0.1073989483E+01 
 2008  5178    12  -0.3134750000E+01  0.7561171784E+00 
 2008  5184    12  -0.2667058333E+01  0.9123914387E+00 
 2008  5190    12  -0.2904500000E+01  0.5769242440E+00 
 2008  5196    12  -0.3714750000E+01  0.4900809670E+00 
 2008  5202    12  -0.3411500000E+01  0.1089558512E+01 
 2008  5208    12  0.9540083333E+00  0.2818382855E+01 
 2008  5214    12  0.2228875000E+01  0.4140216883E+01 
 2008  5220    12  0.2849850000E+01  0.2499014975E+01 
 2008  5226    12  0.8327333333E+01  0.3053889469E+01 
 2008  5232    12  0.1164350000E+02  0.3446719249E+01 
 2008  5238    12  0.1267375000E+02  0.2993751218E+01 
 2008  5244    12  0.1371091667E+02  0.3136956472E+01 
 2008  5250    12  0.1453400000E+02  0.3097348221E+01 
 2008  5256    12  0.1309158333E+02  0.2715182236E+01 
 2008  5262    12  0.1052766667E+02  0.2296713135E+01 
 2008  5268    12  0.9327583333E+01  0.2110452260E+01 
 2008  5274    12  0.5867166667E+01  0.1486119378E+01 
 2008  5280    12  0.2839241667E+01  0.1059591616E+01 
 2008  5286    12  0.9982750000E+00  0.8929180777E+00 
 2008  5292    12  0.2306225000E+00  0.9440816768E+00 
 2008  5298    12  -0.6241025000E+00  0.7070957743E+00 
 2008  5304    12  -0.1026858333E+01  0.4495587271E+00 
 2008  5310    12  0.9891416667E+00  0.9807492913E+00 
 2008  5316    12  0.1610708333E+01  0.1224431078E+01 
 2008  5322    12  0.3862667083E+01  0.1602317540E+01 
 2008  5328    12  0.3461608333E+01  0.1361842834E+01 
 2008  5334    12  0.3150825000E+01  0.9932495592E+00 
 2008  5340    12  0.2192050000E+01  0.7166831430E+00 
 2008  5346    12  0.3534500000E+01  0.1140174146E+01 
 2008  5352    12  0.3320675000E+01  0.1209309684E+01 
 2008  5358    12  0.3558008333E+01  0.1235556852E+01 
 2008  5364    12  0.4224416667E+01  0.1373785067E+01 
 2008  5370    12  0.4400083333E+01  0.1402744242E+01 
 2008  5376    12  0.4006916667E+01  0.1174626498E+01 
 2008  5382    12  0.3671333333E+01  0.1037422474E+01 
 2008  5388    12  0.4527416667E+01  0.1311454819E+01 
 2008  5394    12  0.3926466667E+01  0.1488594358E+01 
 2008  5400    12  0.4082950000E+01  0.1671311140E+01 
 2008  5406    12  0.3512750000E+01  0.1504547946E+01 
 2008  5412    12  0.2387733333E+01  0.1157830032E+01 
 2008  5418    12  0.1128125000E+01  0.7213871916E+00 
 2008  5424    12  0.2245266667E+01  0.7970653772E+00 
 2008  5430    12  0.1508791667E+01  0.9156191261E+00 
 2008  5436    12  0.8027416667E+00  0.1476215145E+01 
 2008  5442    12  0.1621008333E+01  0.2098169943E+01 
 2008  5448    12  0.2705033333E+01  0.9027839233E+00 
 2008  5454    12  0.5735583333E+01  0.1373381075E+01 
 2008  5460    12  0.8956166667E+01  0.1909094368E+01 
 2008  5466    12  0.1045525000E+02  0.2302102667E+01 
 2008  5472    12  0.9224416667E+01  0.2167636480E+01 
 2008  5478    12  0.9405083333E+01  0.2514740095E+01 
 2008  5484    12  0.9464666667E+01  0.2531441037E+01 
 2008  5490    12  0.1052458333E+02  0.2620236041E+01 
 2008  5496    12  0.9875916667E+01  0.2474587153E+01 
 2008  5502    12  0.8326750000E+01  0.2483384086E+01 
 2008  5508    12  0.6921333333E+01  0.2249485361E+01 
 2008  5514    12  0.5649750000E+01  0.1949059009E+01 
 2008  5520    12  0.2372500000E+01  0.1188656650E+01 
 2008  5526    12  0.2656258333E+00  0.6843108624E+00 
 2008  5532    12  -0.9395166667E+00  0.5476866939E+00 
 2008  5538    12  -0.1662333333E+01  0.5978647190E+00 
 2008  5544    12  -0.7480416667E+00  0.3294610130E+00 
 2008  5550    12  0.9509166667E+00  0.4169617605E+00 
 2008  5556    12  0.8843770000E+00  0.6707849240E+00 
 2008  5562    12  0.4967540833E+00  0.5841815296E+00 
 2008  5568    12  0.5680091667E+00  0.8358921386E+00 
 2008  5574    12  0.9039016667E+00  0.6549474376E+00 
 2008  5580    12  0.1213816667E+01  0.7203523002E+00 
 2008  5586    12  0.1502750000E+01  0.7443150022E+00 
 2008  5592    12  0.9531666667E+00  0.6157347918E+00 
 2008  5598    12  0.8620583333E+00  0.6995110584E+00 
 2008  5604    12  0.1601466667E+01  0.9072612876E+00 
 2008  5610    12  0.2291000000E+01  0.1100986046E+01 
 2008  5616    12  0.2280641667E+01  0.7567294953E+00 
 2008  5622    12  0.3838583333E+01  0.9696635549E+00 
 2008  5628    12  0.5375666667E+01  0.1303741880E+01 
 2008  5634    12  0.5867916667E+01  0.1390175436E+01 
 2008  5640    12  0.5280416667E+01  0.1261410550E+01 
 2008  5646    12  0.5112750000E+01  0.1291901772E+01 
 2008  5652    12  0.4175333333E+01  0.1355084397E+01 
 2008  5658    12  0.3834100000E+01  0.1526993793E+01 
 2008  5664    12  0.4823333333E+01  0.1716692573E+01 
 2008  5670    12  0.4596333333E+01  0.1478555620E+01 
 2008  5676    12  0.2428758333E+01  0.1014917119E+01 
 2008  5682    12  0.1379133333E+01  0.8265800005E+00 
 2008  5688    12  0.1816633333E+01  0.7659165624E+00 
 2008  5694    12  0.2404075000E+01  0.8508374082E+00 
 2008  5700    12  0.2936000000E+01  0.9365644665E+00 
 2008  5706    12  0.3850166667E+01  0.1049413236E+01 
 2008  5712    12  0.3100000000E+01  0.7400049549E+00 
 2008  5718    12  0.2178000000E+01  0.4825441258E+00 
 2008  5724    12  0.2166000000E+01  0.3779764102E+00 
 2008  5730    12  0.3213833333E+01  0.6905556740E+00 
 2008  5736    12  0.2813666667E+01  0.7713594421E+00 
 2008  5742    12  0.3431916667E+01  0.7095935995E+00 
 2008  5748    12  0.3700333333E+01  0.7896369771E+00 
 2008  5754    12  0.3289283333E+01  0.1184544279E+01 
 2008  5760    12  0.1901500000E+01  0.1056840772E+01 
 2008  5766    12  0.1773875000E+01  0.1131020790E+01 
 2008  5772    12  0.2139333333E+01  0.1273627128E+01 
 2008  5778    12  0.3683119167E+01  0.1597858601E+01 
 2008  5784    12  0.5843250000E+01  0.1773864384E+01 
 2008  5790    12  0.7981583333E+01  0.2179674802E+01 
 2008  5796    12  0.9385500000E+01  0.2467864276E+01 
 2008  5802    12  0.1090408333E+02  0.2737222907E+01 
 2008  5808    12  0.1232325000E+02  0.2817147586E+01 
 2008  5814    12  0.1339125000E+02  0.2756337519E+01 
 2008  5820    12  0.1213691667E+02  0.2308609519E+01 
 2008  5826    12  0.1108616667E+02  0.2099971382E+01 
 2008  5832    12  0.9119000000E+01  0.1629484632E+01 
 2008  5838    12  0.8883416667E+01  0.1735632952E+01 
 2008  5844    12  0.8954083333E+01  0.1707239998E+01 
 2008  5850    12  0.9853916667E+01  0.1746816603E+01 
 2008  5856    12  0.7483416667E+01  0.1020527107E+01 
 2008  5862    12  0.4538583333E+01  0.3624698742E+00 
 2008  5868    12  0.7702991667E+00  0.8460011107E+00 
 2008  5874    12  -0.1998716667E+01  0.1270562691E+01 
 2008  5880    12  -0.3859666667E+01  0.1302506515E+01 
 2008  5886    12  -0.3199416667E+01  0.8217276980E+00 
 2008  5892    12  -0.3650750000E+01  0.8082173929E+00 
 2008  5898    12  -0.4320833333E+01  0.1131661082E+01 
 2008  5904    12  -0.6022416667E+01  0.1449831338E+01 
 2008  5910    12  -0.6517166667E+01  0.1306455308E+01 
 2008  5916    12  -0.7334333333E+01  0.1394581319E+01 
 2008  5922    12  -0.6878416667E+01  0.1186455116E+01 
 2008  5928    12  -0.6876500000E+01  0.1219708196E+01 
 2008  5934    12  -0.4844750000E+01  0.8524123733E+00 
 2008  5940    12  -0.3781333333E+01  0.8691688878E+00 
 2008  5946    12  -0.2086783333E+01  0.1210256725E+01 
 2008  5952    12  -0.4989583333E+00  0.2529595734E+00 
 2008  5958    12  0.7115416667E+00  0.5049852497E+00 
 2008  5964    12  0.2187708717E+01  0.9095361500E+00 
 2008  5970    12  0.1721405833E+01  0.7215307889E+00 
 2008  5976    12  0.2153816667E+01  0.7333593274E+00 
 2008  5982    12  0.1580216667E+01  0.5722439993E+00 
 2008  5988    12  0.2878083333E+01  0.1044549780E+01 
 2008  5994    12  0.3139183333E+01  0.1202832716E+01 
 2008  6000    12  0.3872166667E+01  0.1298939557E+01 
 2008  6006    12  0.3525416667E+01  0.1238978172E+01 
 2008  6012    12  0.3184583333E+01  0.1084025481E+01 
 2008  6018    12  0.3168916667E+01  0.1080244144E+01 
 2008  6024    12  0.2808500000E+01  0.8796330201E+00 
 2008  6030    12  0.3190083333E+01  0.9343936945E+00 
 2008  6036    12  0.3571333333E+01  0.1031510731E+01 
 2008  6042    12  0.3705666667E+01  0.9501959739E+00 
 2008  6048    12  0.2716666667E+01  0.6009250277E+00 
 2008  6054    12  0.2112916667E+01  0.5635482024E+00 
 2008  6060    12  0.1814833333E+01  0.4143886729E+00 
 2008  6066    12  0.2253750000E+01  0.4625909145E+00 
 2008  6072    12  0.2206666667E+01  0.4457084872E+00 
 2008  6078    12  0.2123750000E+01  0.5158921278E+00 
 2008  6084    12  0.1388700000E+01  0.3872712206E+00 
 2008  6090    12  0.5865603333E+00  0.4396765946E+00 
 2008  6096    12  0.2819100000E+00  0.6386276219E+00 
 2008  6102    12  0.3483175000E+00  0.7717072911E+00 
 2008  6108    12  0.3687766667E+00  0.7404392984E+00 
 2008  6114    12  0.1069866667E+01  0.1046382299E+01 
 2008  6120    12  0.1413025000E+01  0.1365915481E+01 
 2008  6126    12  0.7235133333E+00  0.1485417556E+01 
 2008  6132    12  -0.2146416667E+00  0.1549963020E+01 
 2008  6138    12  -0.7459575000E+00  0.1644378373E+01 
 2008  6144    12  -0.1250216667E+01  0.1981519102E+01 
 2008  6150    12  -0.1413914167E+01  0.2001003984E+01 
 2008  6156    12  -0.2150650000E+01  0.1764104392E+01 
 2008  6162    12  -0.4164741667E+01  0.2061455821E+01 
 2008  6168    12  -0.6557566667E+01  0.2571830191E+01 
 2008  6174    12  -0.7328416667E+01  0.2811691379E+01 
 2008  6180    12  -0.7360416667E+01  0.2881423012E+01 
 2008  6186    12  -0.6537333333E+01  0.2725451043E+01 
 2008  6192    12  -0.6840916667E+01  0.2686153025E+01 
 2008  6198    12  -0.7748166667E+01  0.3022742238E+01 
 2008  6204    12  -0.8296333333E+01  0.3042018719E+01 
 2008  6210    12  -0.8874666667E+01  0.3038012737E+01 
 2008  6216    12  -0.8676000000E+01  0.3042577909E+01 
 2008  6222    12  -0.7952083333E+01  0.2880404586E+01 
 2008  6228    12  -0.7748583333E+01  0.2802621108E+01 
 2008  6234    12  -0.7983166667E+01  0.2724635047E+01 
 2008  6240    12  -0.8068083333E+01  0.2727119098E+01 
 2008  6246    12  -0.7901000000E+01  0.2737934653E+01 
 2008  6252    12  -0.7850583333E+01  0.2662089638E+01 
 2008  6258    12  -0.7297666667E+01  0.2581146526E+01 
 2008  6264    12  -0.6561416667E+01  0.2368810055E+01 
 2008  6270    12  -0.6645500000E+01  0.2445325933E+01 
 2008  6276    12  -0.6683666667E+01  0.2386118303E+01 
 2008  6282    12  -0.6569583333E+01  0.2333889010E+01 
 2008  6288    12  -0.6018833333E+01  0.2297321006E+01 
 2008  6294    12  -0.5475000000E+01  0.2147783819E+01 
 2008  6300    12  -0.4945916667E+01  0.2035530007E+01 
 2008  6306    12  -0.4201791667E+01  0.1907845965E+01 
 2008  6312    12  -0.3755941667E+01  0.1816309165E+01 
 2008  6318    12  -0.3789433333E+01  0.1736814219E+01 
 2008  6324    12  -0.3288241667E+01  0.1575389558E+01 
 2008  6330    12  -0.2083174167E+01  0.1277342411E+01 
 2008  6336    12  -0.1260358333E+01  0.1149434985E+01 
 2008  6342    12  -0.1239008333E+01  0.1222081089E+01 
 2008  6348    12  -0.9236058333E+00  0.1325425999E+01 
 2008  6354    12  -0.1099600000E+01  0.1328860418E+01 
 2008  6360    12  -0.1757991667E+01  0.1476203501E+01 
 2008  6366    12  -0.2463850000E+01  0.1381728042E+01 
 2008  6372    12  -0.2848391667E+01  0.1195009841E+01 
 2008  6378    12  -0.3427775000E+01  0.1506325177E+01 
 2008  6384    12  -0.4048616667E+01  0.1489206673E+01 
 2008  6390    12  -0.4586083333E+01  0.1554605012E+01 
 2008  6396    12  -0.4096433333E+01  0.1535976573E+01 
 2008  6402    12  -0.4117666667E+01  0.1535755044E+01 
 2008  6408    12  -0.4461833333E+01  0.1709716586E+01 
 2008  6414    12  -0.4154641667E+01  0.1683162048E+01 
 2008  6420    12  -0.4029583333E+01  0.1739419130E+01 
 2008  6426    12  -0.4176925000E+01  0.1915355893E+01 
 2008  6432    12  -0.4367133333E+01  0.2055332397E+01 
 2008  6438    12  -0.3748408333E+01  0.2063084795E+01 
 2008  6444    12  -0.3371697500E+01  0.1965734604E+01 
 2008  6450    12  -0.3395592500E+01  0.1963302322E+01 
 2008  6456    12  -0.3630441667E+01  0.2080460381E+01 
 2008  6462    12  -0.3710545833E+01  0.2142895723E+01 
 2008  6468    12  -0.4456018333E+01  0.2306201001E+01 
 2008  6474    12  -0.5220050000E+01  0.2398470178E+01 
 2008  6480    12  -0.4974416667E+01  0.2271327015E+01 
 2008  6486    12  -0.4090458333E+01  0.1970822321E+01 
 2008  6492    12  -0.3701441667E+01  0.1880182576E+01 
 2008  6498    12  -0.4990225000E+01  0.2145865790E+01 
 2008  6504    12  -0.7673000000E+01  0.2653802398E+01 
 2008  6510    12  -0.9071083333E+01  0.2708727637E+01 
 2008  6516    12  -0.6413500000E+01  0.1850147179E+01 
 2008  6522    12  -0.2029250000E+01  0.7680880077E+00 
 2008  6528    12  -0.5116616667E+00  0.8705022469E+00 
 2008  6534    12  0.2717550000E+00  0.8832217617E+00 
 2008  6540    12  -0.5533750000E+00  0.8676104011E+00 
 2008  6546    12  -0.6783750000E+00  0.8449097103E+00 
 2008  6552    12  -0.9028666667E+00  0.4280881244E+00 
 2008  6558    12  0.1212774167E+01  0.7065018585E+00 
 2008  6564    12  0.2287108333E+01  0.1035146123E+01 
 2008  6570    12  0.2073425000E+01  0.1266833679E+01 
 2008  6576    12  -0.1525675000E+00  0.1522935644E+01 
 2008  6582    12  -0.3325833333E+01  0.5195438437E+00 
 2008  6588    12  -0.4133250000E+01  0.1096039623E+01 
 2008  6594    12  -0.2742833333E+01  0.1153360440E+01 
 2008  6600    12  -0.3043000000E+01  0.9930668826E+00 
 2008  6606    12  -0.2050175000E+01  0.1247400466E+01 
 2008  6612    12  0.1629741667E+01  0.2187291457E+01 
 2008  6618    12  0.1690375000E+01  0.2382663860E+01 
 2008  6624    12  0.2510300000E+01  0.1792462791E+01 
 2008  6630    12  0.5408091667E+01  0.2299109449E+01 
 2008  6636    12  0.5993583333E+01  0.2163307670E+01 
 2008  6642    12  0.7428916667E+01  0.2210500903E+01 
 2008  6648    12  0.8527333333E+01  0.2384641948E+01 
 2008  6654    12  0.8315250000E+01  0.2245641561E+01 
 2008  6660    12  0.5784916667E+01  0.1760740917E+01 
 2008  6666    12  0.5517166667E+01  0.1842803427E+01 
 2008  6672    12  0.7603000000E+01  0.1957650420E+01 
 2008  6678    12  0.7533166667E+01  0.1864535011E+01 
 2008  6684    12  0.3421350000E+01  0.2464755927E+01 
 2008  6690    12  -0.5461800000E+01  0.4283810200E+01 
 2008  6696    12  -0.1155175000E+02  0.2437242538E+01 
 2008  6702    12  -0.2856666667E-01  0.1303943955E+01 
 2008  6708    12  0.1207075000E+02  0.3076662047E+01 
 2008  6714    12  0.1658366667E+02  0.3920685895E+01 
 2008  6720    12  0.1627408333E+02  0.3376394044E+01 
 2008  6726    12  0.1145650000E+02  0.2215289804E+01 
 2008  6732    12  0.7944916667E+01  0.1355317519E+01 
 2008  6738    12  0.7965833333E+01  0.1667355033E+01 
 2008  6744    12  0.1419100000E+02  0.2987566066E+01 
 2008  6750    12  0.1462633333E+02  0.3033379505E+01 
 2008  6756    12  0.1166983333E+02  0.2087852239E+01 
 2008  6762    12  0.7772750000E+01  0.1150976913E+01 
 2008  6768    12  0.4765500000E+01  0.7324175153E+00 
 2008  6774    12  0.3388583333E+01  0.7656758951E+00 
 2008  6780    12  0.3153583333E+01  0.5852269443E+00 
 2008  6786    12  0.4538250000E+01  0.8451520696E+00 
 2008  6792    12  0.4286916667E+01  0.6143801020E+00 
 2008  6798    12  0.3729333333E+01  0.4813725746E+00 
 2008  6804    12  0.2922833333E+01  0.3037350362E+00 
 2008  6810    12  0.2979083333E+01  0.3654149373E+00 
 2008  6816    12  0.2210750000E+01  0.5036528442E+00 
 2008  6822    12  0.1721083333E+01  0.6592856561E+00 
 2008  6828    12  0.6066500000E+00  0.9430486365E+00 
 2008  6834    12  0.7205166667E+00  0.7806806911E+00 
 2008  6840    12  0.2095833333E+01  0.3850397887E+00 
 2008  6846    12  0.3718583333E+01  0.4121762282E+00 
 2008  6852    12  0.5183750000E+01  0.7813889476E+00 
 2008  6858    12  0.5756500000E+01  0.9172756311E+00 
 2008  6864    12  0.5626416667E+01  0.8901360812E+00 
 2008  6870    12  0.5830000000E+01  0.9768586558E+00 
 2008  6876    12  0.5924916667E+01  0.9751421656E+00 
 2008  6882    12  0.5740083333E+01  0.1081177480E+01 
 2008  6888    12  0.3889666667E+01  0.9107839419E+00 
 2008  6894    12  0.3278000000E+01  0.9838740604E+00 
 2008  6900    12  0.3944250000E+01  0.1143416454E+01 
 2008  6906    12  0.6228250000E+01  0.1568327460E+01 
 2008  6912    12  0.7681416667E+01  0.1669784390E+01 
 2008  6918    12  0.7975333333E+01  0.1657471937E+01 
 2008  6924    12  0.7433083333E+01  0.1435832828E+01 
 2008  6930    12  0.6228750000E+01  0.1399501109E+01 
 2008  6936    12  0.4576166667E+01  0.1481808008E+01 
 2008  6942    12  0.2595400000E+01  0.1346309026E+01 
 2008  6948    12  0.1080299167E+01  0.1209897653E+01 
 2008  6954    12  0.2548366667E+01  0.1540909093E+01 
 2008  6960    12  0.2719866667E+01  0.1488135967E+01 
 2008  6966    12  0.4154183333E+01  0.1930644979E+01 
 2008  6972    12  0.4851083333E+01  0.2128521297E+01 
 2008  6978    12  0.6488583333E+01  0.2318235445E+01 
 2008  6984    12  0.9184083333E+01  0.2539455108E+01 
 2008  6990    12  0.1099158333E+02  0.2700469449E+01 
 2008  6996    12  0.1005008333E+02  0.2436010586E+01 
 2008  7002    12  0.7358750000E+01  0.1957595725E+01 
 2008  7008    12  0.5370583333E+01  0.1915543415E+01 
 2008  7014    12  0.4342333333E+01  0.2072234757E+01 
 2008  7020    12  0.5099625000E+01  0.2204025929E+01 
 2008  7026    12  0.9003083333E+01  0.2292262363E+01 
 2008  7032    12  0.1337558333E+02  0.2923514650E+01 
 2008  7038    12  0.1415283333E+02  0.2922351275E+01 
 2008  7044    12  0.1152741667E+02  0.2505477481E+01 
 2008  7050    12  0.8335416667E+01  0.1941112416E+01 
 2008  7056    12  0.5120666667E+01  0.1444098815E+01 
 2008  7062    12  0.3927250000E+01  0.1203986097E+01 
 2008  7068    12  0.5776333333E+01  0.1720815230E+01 
 2008  7074    12  0.7475750000E+01  0.2125268811E+01 
 2008  7080    12  0.1000400000E+02  0.2664710241E+01 
 2008  7086    12  0.1216475000E+02  0.2704246017E+01 
 2008  7092    12  0.1086841667E+02  0.2361856631E+01 
 2008  7098    12  0.1068591667E+02  0.2102261816E+01 
 2008  7104    12  0.1250800000E+02  0.2553748062E+01 
 2008  7110    12  0.1500991667E+02  0.3161938236E+01 
 2008  7116    12  0.1484700000E+02  0.2803639718E+01 
 2008  7122    12  0.1693333333E+02  0.3102166805E+01 
 2008  7128    12  0.1512166667E+02  0.2596769895E+01 
 2008  7134    12  0.1022208333E+02  0.1955772970E+01 
 2008  7140    12  0.5553833333E+01  0.1924853537E+01 
 2008  7146    12  0.4577583333E+01  0.1325248119E+01 
 2008  7152    12  0.8093083333E+01  0.1516408227E+01 
 2008  7158    12  0.1102925000E+02  0.1805026275E+01 
 2008  7164    12  0.1522250000E+02  0.2523711305E+01 
 2008  7170    12  0.1584500000E+02  0.2567626985E+01 
 2008  7176    12  0.1094591667E+02  0.2211967580E+01 
 2008  7182    12  0.3066550000E+01  0.2050307510E+01 
 2008  7188    12  -0.1323735000E+01  0.1499851873E+01 
 2008  7194    12  0.7551571667E+00  0.1407146756E+01 
 2008  7200    12  0.6222916667E+01  0.2200965487E+01 
 2008  7206    12  0.1239691667E+02  0.3429168788E+01 
 2008  7212    12  0.1409066667E+02  0.3808108112E+01 
 2008  7218    12  0.9753833333E+01  0.3039384116E+01 
 2008  7224    12  0.5452666667E+01  0.1876112352E+01 
 2008  7230    12  0.5900333333E+01  0.2194585167E+01 
 2008  7236    12  0.8056166667E+01  0.2873582602E+01 
 2008  7242    12  0.9413500000E+01  0.2598543775E+01 
 2008  7248    12  0.1226650000E+02  0.3017893540E+01 
 2008  7254    12  0.1249075000E+02  0.2864298842E+01 
 2008  7260    12  0.9521750000E+01  0.2284198223E+01 
 2008  7266    12  0.7886166667E+01  0.2082090930E+01 
 2008  7272    12  0.7333000000E+01  0.2285606593E+01 
 2008  7278    12  0.7139166667E+01  0.2400718116E+01 
 2008  7284    12  0.4263583333E+01  0.2352634107E+01 
 2008  7290    12  -0.7349166667E-01  0.2987757377E+01 
 2008  7296    12  0.5881375000E+00  0.3321232829E+01 
 2008  7302    12  -0.3319400000E+00  0.1915368046E+01 
 2008  7308    12  -0.5966083333E+01  0.1922049057E+01 
 2008  7314    12  -0.6498250000E+01  0.1663033029E+01 
 2008  7320    12  -0.5660833333E+01  0.1694547276E+01 
 2008  7326    12  -0.2168785833E+01  0.2089262998E+01 
 2008  7332    12  0.1140800000E+01  0.1265741164E+01 
 2008  7338    12  0.4571000000E+01  0.1978936752E+01 
 2008  7344    12  0.2515050000E+01  0.1788026505E+01 
 2008  7350    12  -0.8255833333E+00  0.1006311023E+01 
 2008  7356    12  -0.2380850000E+01  0.1326241838E+01 
 2008  7362    12  -0.1344575000E+01  0.1121517089E+01 
 2008  7368    12  -0.9869016667E+00  0.1166967047E+01 
 2008  7374    12  0.2022333333E+00  0.1242211164E+01 
 2008  7380    12  0.1305508333E+01  0.6509541964E+00 
 2008  7386    12  -0.3567508333E+00  0.8282167123E+00 
 2008  7392    12  -0.2287435000E+01  0.1174988221E+01 
 2008  7398    12  -0.2284321667E+01  0.1131415117E+01 
 2008  7404    12  -0.1875850000E+01  0.1142002349E+01 
 2008  7410    12  -0.1673213333E+01  0.1019482149E+01 
 2008  7416    12  -0.7417883333E+00  0.8443872424E+00 
 2008  7422    12  -0.2193000000E+00  0.8380308029E+00 
 2008  7428    12  -0.7976650000E+00  0.9833708484E+00 
 2008  7434    12  -0.1758916667E+01  0.1251872346E+01 
 2008  7440    12  -0.1127425000E+01  0.1465764043E+01 
 2008  7446    12  -0.6211725000E+00  0.1550648377E+01 
 2008  7452    12  -0.6758866667E+00  0.1711768587E+01 
 2008  7458    12  -0.2167016667E+01  0.1833036725E+01 
 2008  7464    12  -0.4260531417E+01  0.1994065022E+01 
 2008  7470    12  -0.7691416667E+01  0.2736818270E+01 
 2008  7476    12  -0.9825000000E+01  0.3028038089E+01 
 2008  7482    12  -0.1081916667E+02  0.3107466193E+01 
 2008  7488    12  -0.1133375000E+02  0.3073680588E+01 
 2008  7494    12  -0.1144416667E+02  0.3061910265E+01 
 2008  7500    12  -0.1144708333E+02  0.3129941625E+01 
 2008  7506    12  -0.1073225000E+02  0.3077406135E+01 
 2008  7512    12  -0.1027716667E+02  0.2969770020E+01 
 2008  7518    12  -0.9522750000E+01  0.2724599730E+01 
 2008  7524    12  -0.8655750000E+01  0.2437174564E+01 
 2008  7530    12  -0.8661083333E+01  0.2284852018E+01 
 2008  7536    12  -0.1000316667E+02  0.2811179848E+01 
 2008  7542    12  -0.1182716667E+02  0.3134449602E+01 
 2008  7548    12  -0.1068216667E+02  0.2679749828E+01 
 2008  7554    12  -0.8961416667E+01  0.2302353704E+01 
 2008  7560    12  -0.9492500000E+01  0.2167350014E+01 
 2008  7566    12  -0.8114666667E+01  0.1914513660E+01 
 2008  7572    12  -0.1098083333E+01  0.6068228666E+00 
 2008  7578    12  -0.3715333333E+01  0.1038146934E+01 
 2008  7584    12  -0.1643258333E+01  0.9379366187E+00 
 2008  7590    12  0.2536891667E+01  0.1149709788E+01 
 2008  7596    12  0.6910000000E+01  0.1780219181E+01 
 2008  7602    12  0.2544675000E+01  0.9442552066E+00 
 2008  7608    12  0.6675666667E+01  0.1864426111E+01 
 2008  7614    12  0.5493666667E+01  0.1478967620E+01 
 2008  7620    12  0.6088000000E+01  0.1703312117E+01 
 2008  7626    12  0.7834000000E+01  0.2004109777E+01 
 2008  7632    12  0.9913416667E+01  0.1999844971E+01 
 2008  7638    12  0.9041916667E+01  0.1679148170E+01 
 2008  7644    12  0.4839416667E+01  0.9284293599E+00 
 2008  7650    12  0.2553308333E+01  0.2616118113E+01 
 2008  7656    12  -0.2362685833E+01  0.1692742372E+01 
 2008  7662    12  0.3777275000E+00  0.7166361060E+00 
 2008  7668    12  0.5694666667E+01  0.1762114276E+01 
 2008  7674    12  0.7653083333E+01  0.2419784855E+01 
 2008  7680    12  0.5516220833E+01  0.2419166429E+01 
 2008  7686    12  0.4737408333E+01  0.2330275620E+01 
 2008  7692    12  0.7690833333E+01  0.2810751615E+01 
 2008  7698    12  0.1174350000E+02  0.3687981415E+01 
 2008  7704    12  0.1922200000E+02  0.4945206164E+01 
 2008  7710    12  0.2627750000E+02  0.6232404733E+01 
 2008  7716    12  0.2832583333E+02  0.6109515063E+01 
 2008  7722    12  0.2382833333E+02  0.4915329479E+01 
 2008  7728    12  0.1763583333E+02  0.3740328547E+01 
 2008  7734    12  0.1185083333E+02  0.3043120598E+01 
 2008  7740    12  0.6986583333E+01  0.2224169413E+01 
 2008  7746    12  0.4366558333E+01  0.2854932656E+01 
 2008  7752    12  0.1412166667E+00  0.3115688202E+01 
 2008  7758    12  0.6029566667E+01  0.3177795960E+01 
 2008  7764    12  0.1827308333E+02  0.5104998326E+01 
 2008  7770    12  0.1663975000E+02  0.4749702344E+01 
 2008  7776    12  0.1015113333E+02  0.4620804832E+01 
 2008  7782    12  0.6788858333E+01  0.4830231648E+01 
 2008  7788    12  0.7738683333E+01  0.3707751129E+01 
 2008  7794    12  0.9383283333E+01  0.4098259649E+01 
 2008  7800    12  0.1985175000E+02  0.6144942150E+01 
 2008  7806    12  0.2435833333E+02  0.7069087439E+01 
 2008  7812    12  0.1803258333E+02  0.5791141374E+01 
 2008  7818    12  0.1454225000E+02  0.5030564384E+01 
 2008  7824    12  0.1486558333E+02  0.5050635364E+01 
 2008  7830    12  0.1806233333E+02  0.5897969811E+01 
 2008  7836    12  0.1921425000E+02  0.6152086802E+01 
 2008  7842    12  0.2260241667E+02  0.6900531446E+01 
 2008  7848    12  0.2258250000E+02  0.6680768575E+01 
 2008  7854    12  0.1878116667E+02  0.5792383819E+01 
 2008  7860    12  0.1675708333E+02  0.5445938815E+01 
 2008  7866    12  0.1675916667E+02  0.5560271589E+01 
 2008  7872    12  0.1841283333E+02  0.6138386729E+01 
 2008  7878    12  0.2289758333E+02  0.7145960694E+01 
 2008  7884    12  0.1350150000E+02  0.5094854013E+01 
 2008  7890    12  0.7409366667E+01  0.3835210239E+01 
 2008  7896    12  -0.1286116667E+01  0.1632917904E+01 
 2008  7902    12  -0.2463491667E+00  0.2201632899E+01 
 2008  7908    12  0.7675337500E+01  0.3508869137E+01 
 2008  7914    12  0.1567075000E+02  0.4906848838E+01 
 2008  7920    12  0.1382125000E+02  0.3989180474E+01 
 2008  7926    12  0.8459583333E+01  0.2515611505E+01 
 2008  7932    12  0.2995958333E+01  0.1704688489E+01 
 2008  7938    12  -0.2180233333E+01  0.2951388534E+01 
 2008  7944    12  0.4857666667E+00  0.1781375455E+01 
 2008  7950    12  0.6883416667E+01  0.2158940421E+01 
 2008  7956    12  0.1015091667E+02  0.2827411639E+01 
 2008  7962    12  0.8156750000E+01  0.2510508286E+01 
 2008  7968    12  0.6298875000E+01  0.2551245579E+01 
 2008  7974    12  0.4539925000E+01  0.2424775971E+01 
 2008  7980    12  0.4076666667E+01  0.1119695445E+01 
 2008  7986    12  0.8992666667E+01  0.2261116440E+01 
 2008  7992    12  0.1453341667E+02  0.3452566593E+01 
 2008  7998    12  0.1541591667E+02  0.3628817081E+01 
 2008  8004    12  0.1281275000E+02  0.3301973378E+01 
 2008  8010    12  0.8135583333E+01  0.2641317268E+01 
 2008  8016    12  0.5438833333E+01  0.2162435118E+01 
 2008  8022    12  0.2515491667E+01  0.1780118398E+01 
 2008  8028    12  0.3017075000E+01  0.1718005179E+01 
 2008  8034    12  0.2110691667E+01  0.1325347324E+01 
 2008  8040    12  0.1332341667E+01  0.1257879899E+01 
 2008  8046    12  0.7827583333E+00  0.1128840542E+01 
 2008  8052    12  0.2217424167E+01  0.1355449290E+01 
 2008  8058    12  0.1689600000E+01  0.1012895269E+01 
 2008  8064    12  -0.6526508333E+00  0.9224765147E+00 
 2008  8070    12  -0.2485183333E+01  0.1262805845E+01 
 2008  8076    12  -0.3522916667E+01  0.8632663222E+00 
 2008  8082    12  -0.4627250000E+01  0.7425062430E+00 
 2008  8088    12  -0.3715000000E+01  0.1532346784E+01 
 2008  8094    12  -0.4554583333E+01  0.1242786819E+01 
 2008  8100    12  -0.6216583333E+01  0.9737155179E+00 
 2008  8106    12  -0.6766166667E+01  0.1061940820E+01 
 2008  8112    12  -0.5017750000E+01  0.5369517553E+00 
 2008  8118    12  -0.1265583333E+01  0.9053875743E+00 
 2008  8124    12  0.2356925000E+00  0.1243402292E+01 
 2008  8130    12  -0.1455158333E+00  0.8310017843E+00 
 2008  8136    12  -0.1087308333E+01  0.5491965214E+00 
 2008  8142    12  -0.1780516667E+01  0.9253492582E+00 
 2008  8148    12  -0.1730847500E+01  0.1276639333E+01 
 2008  8154    12  0.7060083333E+00  0.1459430193E+01 
 2008  8160    12  0.1616867500E+01  0.1754865393E+01 
 2008  8166    12  0.1619430000E+01  0.1519638500E+01 
 2008  8172    12  0.2758350000E+00  0.1262059218E+01 
 2008  8178    12  -0.1384091667E+01  0.4143870724E+00 
 2008  8184    12  -0.1166258333E+01  0.6129865543E+00 
 2008  8190    12  0.2797108333E+00  0.9131838068E+00 
 2008  8196    12  0.2905750000E+01  0.1428079671E+01 
 2008  8202    12  0.4241666667E+01  0.1140833053E+01 
 2008  8208    12  0.4045500000E+01  0.7449171654E+00 
 2008  8214    12  0.1821416667E+01  0.1339237708E+00 
 2008  8220    12  0.1200575000E+01  0.1772625836E+00 
 2008  8226    12  0.1006175000E+00  0.4702005211E+00 
 2008  8232    12  -0.3677666667E+00  0.8132867722E+00 
 2008  8238    12  -0.3054366667E+00  0.1066040766E+01 
 2008  8244    12  0.2523008333E+01  0.9668090474E+00 
 2008  8250    12  0.4992500000E+01  0.1399835794E+01 
 2008  8256    12  0.5771916667E+01  0.1557417759E+01 
 2008  8262    12  0.5008166667E+01  0.1492528773E+01 
 2008  8268    12  0.4159333333E+01  0.1359451503E+01 
 2008  8274    12  0.3620916667E+01  0.1111523388E+01 
 2008  8280    12  0.3358416667E+01  0.9574211420E+00 
 2008  8286    12  0.4247250000E+01  0.1070753016E+01 
 2008  8292    12  0.4247333333E+01  0.1053316376E+01 
 2008  8298    12  0.2816916667E+01  0.8165604140E+00 
 2008  8304    12  0.1261005000E+01  0.8150979577E+00 
 2008  8310    12  0.3440500000E-01  0.6659508718E+00 
 2008  8316    12  -0.1797700000E+01  0.5452855735E+00 
 2008  8322    12  -0.2736083333E+01  0.5994327121E+00 
 2008  8328    12  -0.3082500000E+01  0.9124357055E+00 
 2008  8334    12  -0.3037166667E+01  0.1133006534E+01 
 2008  8340    12  -0.2457308333E+01  0.9635549175E+00 
 2008  8346    12  -0.1121157500E+01  0.8920404085E+00 
 2008  8352    12  -0.7608666667E+00  0.1099475028E+01 
 2008  8358    12  -0.2154583333E+01  0.9226162491E+00 
 2008  8364    12  -0.3056416667E+01  0.1245179536E+01 
 2008  8370    12  -0.4205033333E+01  0.1732297466E+01 
 2008  8376    12  -0.4808008333E+01  0.1948204336E+01 
 2008  8382    12  -0.5958266667E+01  0.2268601871E+01 
 2008  8388    12  -0.6237166667E+01  0.2328070511E+01 
 2008  8394    12  -0.7522250000E+01  0.2489779479E+01 
 2008  8400    12  -0.8965583333E+01  0.2821979047E+01 
 2008  8406    12  -0.9751333333E+01  0.2901014315E+01 
 2008  8412    12  -0.1002400000E+02  0.2866100341E+01 
 2008  8418    12  -0.1055850000E+02  0.2976950355E+01 
 2008  8424    12  -0.1062308333E+02  0.2891165234E+01 
 2008  8430    12  -0.1097058333E+02  0.2814944270E+01 
 2008  8436    12  -0.1117241667E+02  0.2692672138E+01 
 2008  8442    12  -0.1126125000E+02  0.2534992739E+01 
 2008  8448    12  -0.1049950000E+02  0.2352653697E+01 
 2008  8454    12  -0.8546416667E+01  0.2018330889E+01 
 2008  8460    12  -0.5822833333E+01  0.1681574998E+01 
 2008  8466    12  -0.3125391667E+01  0.1343720862E+01 
 2008  8472    12  -0.3451883333E+01  0.1472851390E+01 
 2008  8478    12  -0.6746500000E+01  0.1977171359E+01 
 2008  8484    12  -0.5912833333E+01  0.1255068646E+01 
 2008  8490    12  0.9396216667E+00  0.7703553896E+00 
 2008  8496    12  0.7248416667E+01  0.2145647744E+01 
 2008  8502    12  0.8522750000E+01  0.2386556589E+01 
 2008  8508    12  0.5507808333E+01  0.2324062647E+01 
 2008  8514    12  0.2505666667E+00  0.2122832031E+01 
 2008  8520    12  -0.7341083333E+00  0.1596751479E+01 
 2008  8526    12  0.8072816667E+01  0.3125917642E+01 
 2008  8532    12  0.1778350000E+02  0.4707856935E+01 
 2008  8538    12  0.2368000000E+02  0.5342449501E+01 
 2008  8544    12  0.1891050000E+02  0.4509926025E+01 
 2008  8550    12  0.8949416667E+01  0.2966881372E+01 
 2008  8556    12  0.4020883333E+01  0.2344139162E+01 
 2008  8562    12  0.1441300000E+02  0.4585892389E+01 
 2008  8568    12  0.3001666667E+02  0.7660514923E+01 
 2008  8574    12  0.4046000000E+02  0.9204476266E+01 
 2008  8580    12  0.3801666667E+02  0.8479192506E+01 
 2008  8586    12  0.3304583333E+02  0.7058652443E+01 
 2008  8592    12  0.2395583333E+02  0.5141738452E+01 
 2008  8598    12  0.1799416667E+02  0.4598640122E+01 
 2008  8604    12  0.1860083333E+02  0.4446525719E+01 
 2008  8610    12  0.2196750000E+02  0.4997758039E+01 
 2008  8616    12  0.2236083333E+02  0.4545439946E+01 
 2008  8622    12  0.1938833333E+02  0.3423973893E+01 
 2008  8628    12  0.1691833333E+02  0.2948739373E+01 
 2008  8634    12  0.1363500000E+02  0.1999889580E+01 
 2008  8640    12  0.1259383333E+02  0.1784162588E+01 
 2008  8646    12  0.1301833333E+02  0.1775344255E+01 
 2008  8652    12  0.1258666667E+02  0.1524561868E+01 
 2008  8658    12  0.1036133333E+02  0.1249008362E+01 
 2008  8664    12  0.7325916667E+01  0.9519737793E+00 
 2008  8670    12  0.5083500000E+01  0.9540600523E+00 
 2008  8676    12  0.3462833333E+01  0.9870926867E+00 
 2008  8682    12  0.4007000000E+01  0.8162024871E+00 
 2008  8688    12  0.5385000000E+01  0.5587225012E+00 
 2008  8694    12  0.5056666667E+01  0.5147072523E+00 
 2008  8700    12  0.3015083333E+01  0.7604513417E+00 
 2008  8706    12  0.1231672500E+01  0.1177213702E+01 
 2008  8712    12  0.6331933333E+00  0.1389089988E+01 
 2008  8718    12  0.3510000000E+00  0.1500350674E+01 
 2008  8724    12  0.7568558333E+00  0.1388859814E+01 
 2008  8730    12  0.1119229167E+01  0.1364143759E+01 
 2008  8736    12  -0.3831925000E+00  0.1786072454E+01 
 2008  8742    12  -0.2107850000E+01  0.2089274327E+01 
 2008  8748    12  -0.2795591667E+01  0.2124812035E+01 
 2008  8754    12  -0.2476208333E+01  0.2027989888E+01 
 2008  8760    12  -0.2542675000E+01  0.1877018628E+01 
 2008  8766    12  -0.2767520833E+01  0.1805822946E+01 
 2008  8772    12  -0.4185991667E+01  0.1903211821E+01 
 2008  8778    12  -0.5793750000E+01  0.2086199979E+01 
 2008  8784    12  -0.5827416667E+01  0.1837566573E+01 
