 2008  0006    8  0.4142337500E+00  0.6458562953E+00 
 2008  0012    8  0.6778125000E+00  0.6560857212E+00 
 2008  0018    8  0.4841737500E+00  0.4848398757E+00 
 2008  0024    8  0.7623700000E+00  0.6103933550E+00 
 2008  0030    8  0.7026662500E+00  0.7936411756E+00 
 2008  0036    8  0.8666500000E+00  0.8272965490E+00 
 2008  0042    8  0.5107975000E+00  0.6564947224E+00 
 2008  0048    8  0.7038000000E+00  0.7298916512E+00 
 2008  0054    8  0.7883875000E+00  0.8565867315E+00 
 2008  0060    8  0.1252275000E+01  0.8567396523E+00 
 2008  0066    8  0.8662875000E+00  0.6670108516E+00 
 2008  0072    8  0.8424125000E+00  0.7931287576E+00 
 2008  0078    8  0.1065780000E+01  0.9293643821E+00 
 2008  0084    8  0.1276787500E+01  0.8960581544E+00 
 2008  0090    8  0.8872437500E+00  0.7949959007E+00 
 2008  0096    8  0.1111428750E+01  0.8440375186E+00 
 2008  0102    8  0.1129650000E+01  0.8639068179E+00 
 2008  0108    8  0.1403179625E+01  0.9325908609E+00 
 2008  0114    8  0.9308475000E+00  0.6953286297E+00 
 2008  0120    8  0.1102265000E+01  0.7907067972E+00 
 2008  0126    8  0.1093091250E+01  0.9159950771E+00 
 2008  0132    8  0.1408302500E+01  0.8548913326E+00 
 2008  0138    8  0.1124642500E+01  0.7029698917E+00 
 2008  0144    8  0.1174427500E+01  0.7871775029E+00 
 2008  0150    8  0.1267217500E+01  0.8619468685E+00 
 2008  0156    8  0.1462500000E+01  0.8240352602E+00 
 2008  0162    8  0.1184837500E+01  0.7031322563E+00 
 2008  0168    8  0.1268575000E+01  0.7019476490E+00 
 2008  0174    8  0.1223802500E+01  0.8006191417E+00 
 2008  0180    8  0.1270638750E+01  0.7520907068E+00 
 2008  0186    8  0.8686000000E+00  0.6242018480E+00 
 2008  0192    8  0.9117912500E+00  0.6037674912E+00 
 2008  0198    8  0.7781212500E+00  0.6475100522E+00 
 2008  0204    8  0.1022475000E+01  0.5603213090E+00 
 2008  0210    8  0.8501500000E+00  0.4719896715E+00 
 2008  0216    8  0.9411750000E+00  0.5447145738E+00 
 2008  0222    8  0.8384612500E+00  0.5859910812E+00 
 2008  0228    8  0.1048000000E+01  0.6096239148E+00 
 2008  0234    8  0.5939312500E+00  0.4325859083E+00 
 2008  0240    8  0.5320875000E+00  0.5599020103E+00 
 2008  0246    8  0.4242250000E+00  0.6404295546E+00 
 2008  0252    8  0.7761300000E+00  0.6348602542E+00 
 2008  0258    8  0.1550525000E+00  0.4674500668E+00 
 2008  0264    8  0.5416875000E-01  0.5198575243E+00 
 2008  0270    8  -0.5293750000E-02  0.5095142530E+00 
 2008  0276    8  0.2228975000E+00  0.5344128801E+00 
 2008  0282    8  -0.8328750000E-01  0.4707672260E+00 
 2008  0288    8  0.1835587500E+00  0.5875845287E+00 
 2008  0294    8  0.2903375000E+00  0.6770025479E+00 
 2008  0300    8  0.4414250000E+00  0.6044667872E+00 
 2008  0306    8  0.1325000000E+00  0.5020612164E+00 
 2008  0312    8  0.2944750000E+00  0.5688871038E+00 
 2008  0318    8  0.2047750000E+00  0.5952436429E+00 
 2008  0324    8  0.6101225000E+00  0.5597344232E+00 
 2008  0330    8  0.1036000000E+00  0.4952799948E+00 
 2008  0336    8  0.2428950000E+00  0.6383992459E+00 
 2008  0342    8  0.5045875000E-01  0.7193186791E+00 
 2008  0348    8  0.2355087500E+00  0.7232761008E+00 
 2008  0354    8  0.9767500000E-02  0.6660217889E+00 
 2008  0360    8  0.2135250000E+00  0.7652362376E+00 
 2008  0366    8  0.3672500000E-01  0.8954168244E+00 
 2008  0372    8  0.2318875000E+00  0.7570338144E+00 
 2008  0378    8  0.1202000000E+00  0.7181010079E+00 
 2008  0384    8  0.3030637500E+00  0.8192343750E+00 
 2008  0390    8  0.2223125000E+00  0.8662187562E+00 
 2008  0396    8  0.3030250000E+00  0.7051334479E+00 
 2008  0402    8  0.6729875000E-01  0.5400299763E+00 
 2008  0408    8  0.3635650000E+00  0.7122852789E+00 
 2008  0414    8  0.3658950000E+00  0.6592512531E+00 
 2008  0420    8  0.5944000000E+00  0.5861224424E+00 
 2008  0426    8  0.2466687500E+00  0.4130710598E+00 
 2008  0432    8  0.1049125000E+00  0.4702770206E+00 
 2008  0438    8  -0.1521750000E+00  0.5005679818E+00 
 2008  0444    8  0.3263750000E-01  0.4973248761E+00 
 2008  0450    8  -0.2845646250E+00  0.3883740338E+00 
 2008  0456    8  -0.3017200000E+00  0.4648846962E+00 
 2008  0462    8  -0.2762103750E+00  0.4748901451E+00 
 2008  0468    8  0.2014000000E+00  0.5519020837E+00 
 2008  0474    8  -0.2335000000E-01  0.3998464737E+00 
 2008  0480    8  0.6963250000E-01  0.4947235520E+00 
 2008  0486    8  0.2768025000E+00  0.4369723226E+00 
 2008  0492    8  0.7192012500E+00  0.4675997009E+00 
 2008  0498    8  0.4561825000E+00  0.3525957814E+00 
 2008  0504    8  0.3188250000E+00  0.3667463147E+00 
 2008  0510    8  0.5111625000E+00  0.4703054527E+00 
 2008  0516    8  0.8792750000E+00  0.5249720534E+00 
 2008  0522    8  0.6511750000E+00  0.4100032279E+00 
 2008  0528    8  0.5426637500E+00  0.4059850187E+00 
 2008  0534    8  0.2074125000E+00  0.5141045041E+00 
 2008  0540    8  0.4179625125E+00  0.5285528729E+00 
 2008  0546    8  0.3882726250E+00  0.5008747679E+00 
 2008  0552    8  -0.1048500000E+00  0.4225331348E+00 
 2008  0558    8  -0.3722750000E-01  0.5000264005E+00 
 2008  0564    8  0.5836062500E+00  0.6597778871E+00 
 2008  0570    8  0.5313325000E+00  0.6294054054E+00 
 2008  0576    8  0.5677062500E+00  0.5807834076E+00 
 2008  0582    8  0.2703000000E+00  0.5606685875E+00 
 2008  0588    8  0.4966625000E+00  0.5850085618E+00 
 2008  0594    8  0.1819550000E+00  0.4266123850E+00 
 2008  0600    8  0.6687375000E-01  0.4536625120E+00 
 2008  0606    8  -0.2165000000E+00  0.4521193592E+00 
 2008  0612    8  0.2275825000E+00  0.4945935020E+00 
 2008  0618    8  0.3815675000E+00  0.3488876914E+00 
 2008  0624    8  0.2421800000E+00  0.4058785887E+00 
 2008  0630    8  0.5458275000E+00  0.5055609491E+00 
 2008  0636    8  0.1106050000E+01  0.5304112225E+00 
 2008  0642    8  0.7710500000E+00  0.4691871268E+00 
 2008  0648    8  0.7834625000E+00  0.4818025061E+00 
 2008  0654    8  0.1002670000E+01  0.6461359673E+00 
 2008  0660    8  0.1243812500E+01  0.6549082807E+00 
 2008  0666    8  0.1029487500E+01  0.6015282276E+00 
 2008  0672    8  0.1105300000E+01  0.5723812126E+00 
 2008  0678    8  0.8846237500E+00  0.6481328496E+00 
 2008  0684    8  0.9339000000E+00  0.5061794741E+00 
 2008  0690    8  0.6675125000E+00  0.3345331951E+00 
 2008  0696    8  0.5950550000E+00  0.4161626048E+00 
 2008  0702    8  0.3398725000E+00  0.4869026004E+00 
 2008  0708    8  0.7008075000E+00  0.5101430939E+00 
 2008  0714    8  0.2966093750E+00  0.3652395745E+00 
 2008  0720    8  0.2020250000E+00  0.4564716633E+00 
 2008  0726    8  0.1026800000E+00  0.4247396565E+00 
 2008  0732    8  0.6113875000E+00  0.4659715722E+00 
 2008  0738    8  0.3126338375E+00  0.3351205911E+00 
 2008  0744    8  0.6381875000E+00  0.4267120207E+00 
 2008  0750    8  0.8803150000E+00  0.5646493842E+00 
 2008  0756    8  0.1430500000E+01  0.6169469649E+00 
 2008  0762    8  0.1153525000E+01  0.5301090943E+00 
 2008  0768    8  0.1148787500E+01  0.6406480517E+00 
 2008  0774    8  0.1053007500E+01  0.6778098781E+00 
 2008  0780    8  0.1391687500E+01  0.6814168629E+00 
 2008  0786    8  0.7903750000E+00  0.4415682330E+00 
 2008  0792    8  0.9782375000E+00  0.5673997531E+00 
 2008  0798    8  0.9276925000E+00  0.7080237213E+00 
 2008  0804    8  0.1095212500E+01  0.6474435679E+00 
 2008  0810    8  0.5310212500E+00  0.4222138316E+00 
 2008  0816    8  0.5804250000E+00  0.4696112456E+00 
 2008  0822    8  0.4154125000E+00  0.5967789885E+00 
 2008  0828    8  0.6729662500E+00  0.6129335818E+00 
 2008  0834    8  0.4091950000E+00  0.4933375955E+00 
 2008  0840    8  0.5297125000E+00  0.6505402033E+00 
 2008  0846    8  0.6918875000E+00  0.7804410395E+00 
 2008  0852    8  0.9662362500E+00  0.7282802716E+00 
 2008  0858    8  0.6510737500E+00  0.5773893356E+00 
 2008  0864    8  0.5354375000E+00  0.6082804101E+00 
 2008  0870    8  0.5068575000E+00  0.6442141640E+00 
 2008  0876    8  0.7177087500E+00  0.5504675272E+00 
 2008  0882    8  0.5831500000E+00  0.4685035966E+00 
 2008  0888    8  0.2994250000E+00  0.4228635499E+00 
 2008  0894    8  0.1994137500E+00  0.5273375210E+00 
 2008  0900    8  0.1262587500E+00  0.4458517984E+00 
 2008  0906    8  -0.9996250000E-01  0.3518648105E+00 
 2008  0912    8  -0.6122625000E-01  0.3581016278E+00 
 2008  0918    8  -0.2538050000E+00  0.4608282198E+00 
 2008  0924    8  0.1120812500E+00  0.3709683565E+00 
 2008  0930    8  0.1167322500E+00  0.3980177741E+00 
 2008  0936    8  0.1793125000E+00  0.3853242512E+00 
 2008  0942    8  -0.5800000000E-01  0.3249401508E+00 
 2008  0948    8  0.2790950000E+00  0.4920000581E+00 
 2008  0954    8  -0.5391250000E-01  0.4133435600E+00 
 2008  0960    8  -0.1745750000E+00  0.3635804407E+00 
 2008  0966    8  -0.1196875000E+00  0.3769162455E+00 
 2008  0972    8  0.5678500000E+00  0.4683300679E+00 
 2008  0978    8  0.4948437500E+00  0.3751612299E+00 
 2008  0984    8  0.7021125000E+00  0.4725728157E+00 
 2008  0990    8  0.9449262500E+00  0.6277849437E+00 
 2008  0996    8  0.1259512500E+01  0.6580749282E+00 
 2008  1002    8  0.9284625000E+00  0.5414579414E+00 
 2008  1008    8  0.8737625000E+00  0.5232675724E+00 
 2008  1014    8  0.8354725000E+00  0.6193311333E+00 
 2008  1020    8  0.1201212500E+01  0.6868773952E+00 
 2008  1026    8  0.8832750000E+00  0.4946289638E+00 
 2008  1032    8  0.9631375000E+00  0.5864496993E+00 
 2008  1038    8  0.8350862500E+00  0.7179397898E+00 
 2008  1044    8  0.1321625000E+01  0.7972813975E+00 
 2008  1050    8  0.9296286250E+00  0.6537268969E+00 
 2008  1056    8  0.9723775000E+00  0.7958383580E+00 
 2008  1062    8  0.1327700000E+01  0.1030119654E+01 
 2008  1068    8  0.1762337500E+01  0.9542022701E+00 
 2008  1074    8  0.1165521250E+01  0.7704407324E+00 
 2008  1080    8  0.1390487500E+01  0.8219139667E+00 
 2008  1086    8  0.1555687500E+01  0.8714316833E+00 
 2008  1092    8  0.1502050000E+01  0.8591146868E+00 
 2008  1098    8  0.1028487500E+01  0.6321981126E+00 
 2008  1104    8  0.9857150000E+00  0.6782853961E+00 
 2008  1110    8  0.8353776250E+00  0.7774325469E+00 
 2008  1116    8  0.9859175000E+00  0.7675674691E+00 
 2008  1122    8  0.7054237500E+00  0.6206531606E+00 
 2008  1128    8  0.8018000000E+00  0.7103097089E+00 
 2008  1134    8  0.7145375000E+00  0.7216210327E+00 
 2008  1140    8  0.8708656250E+00  0.6381378017E+00 
 2008  1146    8  0.4248787500E+00  0.4284956332E+00 
 2008  1152    8  0.4072750000E+00  0.5738330370E+00 
 2008  1158    8  0.5656750000E+00  0.6639330327E+00 
 2008  1164    8  0.8221625000E+00  0.7229881568E+00 
 2008  1170    8  0.5196750000E+00  0.5873398798E+00 
 2008  1176    8  0.5953625000E+00  0.6320227032E+00 
 2008  1182    8  0.5737125000E+00  0.7579126012E+00 
 2008  1188    8  0.8328250000E+00  0.9124739294E+00 
 2008  1194    8  0.6506625000E+00  0.7491841028E+00 
 2008  1200    8  0.1038888750E+01  0.8562424253E+00 
 2008  1206    8  0.9628625000E+00  0.8999515361E+00 
 2008  1212    8  0.1423101250E+01  0.8839799288E+00 
 2008  1218    8  0.1228625000E+01  0.6018957483E+00 
 2008  1224    8  0.1471187500E+01  0.8269108211E+00 
 2008  1230    8  0.1664112500E+01  0.9282418252E+00 
 2008  1236    8  0.2139787500E+01  0.8863036675E+00 
 2008  1242    8  0.1635362500E+01  0.6477089623E+00 
 2008  1248    8  0.1563087500E+01  0.7197884332E+00 
 2008  1254    8  0.1211368750E+01  0.7258019715E+00 
 2008  1260    8  0.1516950000E+01  0.7865168959E+00 
 2008  1266    8  0.9939412500E+00  0.6271218575E+00 
 2008  1272    8  0.1060903750E+01  0.6749452506E+00 
 2008  1278    8  0.7832712500E+00  0.6959540046E+00 
 2008  1284    8  0.8788125000E+00  0.6596775546E+00 
 2008  1290    8  0.4884375000E+00  0.5103237157E+00 
 2008  1296    8  0.5418250000E+00  0.5796622977E+00 
 2008  1302    8  0.3189625000E+00  0.6409852513E+00 
 2008  1308    8  0.6952462500E+00  0.5980733308E+00 
 2008  1314    8  0.2862612500E+00  0.3734186521E+00 
 2008  1320    8  0.3117437500E+00  0.3496708912E+00 
 2008  1326    8  0.2443362500E+00  0.4009246747E+00 
 2008  1332    8  0.6396375000E+00  0.4050302950E+00 
 2008  1338    8  0.3396750000E+00  0.2860524761E+00 
 2008  1344    8  0.4456351250E+00  0.3629959183E+00 
 2008  1350    8  0.3868675000E+00  0.5131193413E+00 
 2008  1356    8  0.1026425000E+01  0.6076538298E+00 
 2008  1362    8  0.5553112500E+00  0.4425135567E+00 
 2008  1368    8  0.5185750000E+00  0.5158406264E+00 
 2008  1374    8  0.5252375000E+00  0.6544725375E+00 
 2008  1380    8  0.9199125000E+00  0.7348988696E+00 
 2008  1386    8  0.5040712500E+00  0.6114131391E+00 
 2008  1392    8  0.7739612500E+00  0.6718246823E+00 
 2008  1398    8  0.5584537500E+00  0.7051296638E+00 
 2008  1404    8  0.5874000000E+00  0.7102818050E+00 
 2008  1410    8  0.4259062500E+00  0.4913547984E+00 
 2008  1416    8  0.5088500000E+00  0.5816214340E+00 
 2008  1422    8  0.5477125000E+00  0.6513550807E+00 
 2008  1428    8  0.6003512500E+00  0.3809455698E+00 
 2008  1434    8  0.1258525000E+00  0.1383564018E+00 
 2008  1440    8  0.2493481250E+00  0.2370565773E+00 
 2008  1446    8  0.2606700000E+00  0.4012838563E+00 
 2008  1452    8  0.4239987500E+00  0.3416099136E+00 
 2008  1458    8  -0.1576862500E+00  0.1590877410E+00 
 2008  1464    8  -0.6790000000E-01  0.2664524066E+00 
 2008  1470    8  -0.8437375000E-01  0.4729158478E+00 
 2008  1476    8  0.1557437500E+00  0.4885675410E+00 
 2008  1482    8  -0.1797862500E+00  0.3310357153E+00 
 2008  1488    8  0.1803575000E+00  0.4728084841E+00 
 2008  1494    8  0.3694000000E+00  0.5954555147E+00 
 2008  1500    8  0.5844875000E+00  0.5269742912E+00 
 2008  1506    8  0.1452987500E+00  0.3497676043E+00 
 2008  1512    8  0.1400162500E+00  0.3422384674E+00 
 2008  1518    8  0.4875050000E+00  0.5821373053E+00 
 2008  1524    8  0.4333750000E+00  0.4660810760E+00 
 2008  1530    8  0.1170750000E+00  0.2612660338E+00 
 2008  1536    8  0.2121571250E+00  0.4439087905E+00 
 2008  1542    8  0.3349750000E+00  0.5184722552E+00 
 2008  1548    8  0.7017750000E+00  0.5989556009E+00 
 2008  1554    8  0.4254346250E+00  0.4974595042E+00 
 2008  1560    8  0.5323750000E+00  0.6407342678E+00 
 2008  1566    8  0.5473450000E+00  0.6516612150E+00 
 2008  1572    8  0.7020125000E+00  0.6481529670E+00 
 2008  1578    8  0.1848625000E+00  0.4879520800E+00 
 2008  1584    8  0.3288000000E+00  0.4971792861E+00 
 2008  1590    8  0.2965125000E+00  0.6704212956E+00 
 2008  1596    8  0.3555875000E+00  0.6920820985E+00 
 2008  1602    8  0.1308137500E+00  0.3737977578E+00 
 2008  1608    8  0.2081455000E+00  0.4891520738E+00 
 2008  1614    8  0.2746250000E+00  0.5831531697E+00 
 2008  1620    8  0.4421237500E+00  0.4990937186E+00 
 2008  1626    8  -0.3225000000E-02  0.2839982295E+00 
 2008  1632    8  0.1280787500E+00  0.4155424534E+00 
 2008  1638    8  0.3700362500E+00  0.5306902189E+00 
 2008  1644    8  0.5434375000E+00  0.5644108498E+00 
 2008  1650    8  0.1821687500E+00  0.4430757900E+00 
 2008  1656    8  0.3243500000E+00  0.4953269981E+00 
 2008  1662    8  0.1848750000E+00  0.5417603200E+00 
 2008  1668    8  0.3629537500E+00  0.5392626255E+00 
 2008  1674    8  -0.3300750000E-01  0.3086538950E+00 
 2008  1680    8  -0.1422875000E+00  0.3320784374E+00 
 2008  1686    8  -0.3298775000E+00  0.4302967314E+00 
 2008  1692    8  0.9141750000E-01  0.4921819665E+00 
 2008  1698    8  -0.2345775000E+00  0.2952937233E+00 
 2008  1704    8  -0.2646187500E+00  0.2774232940E+00 
 2008  1710    8  -0.1620087500E+00  0.3482926780E+00 
 2008  1716    8  0.2587012500E+00  0.3768539857E+00 
 2008  1722    8  -0.3010750000E-01  0.1748021599E+00 
 2008  1728    8  0.3591250000E+00  0.1769547877E+00 
 2008  1734    8  0.4887712500E+00  0.2778101727E+00 
 2008  1740    8  0.5414000000E+00  0.2685742216E+00 
 2008  1746    8  0.1045525000E+00  0.1338965852E+00 
 2008  1752    8  -0.1094125000E-01  0.2130959406E+00 
 2008  1758    8  0.1135500000E-01  0.3236960089E+00 
 2008  1764    8  0.3983312500E+00  0.3809364571E+00 
 2008  1770    8  0.8247987500E-01  0.2039964209E+00 
 2008  1776    8  -0.8615875000E-01  0.1871458052E+00 
 2008  1782    8  0.1473050000E+00  0.3271477039E+00 
 2008  1788    8  0.4220250000E+00  0.2603848102E+00 
 2008  1794    8  0.1950275000E+00  0.1298609817E+00 
 2008  1800    8  0.2866125000E+00  0.1164597080E+00 
 2008  1806    8  0.5899750000E+00  0.3363400985E+00 
 2008  1812    8  0.8786500000E+00  0.3110216673E+00 
 2008  1818    8  0.2574300000E+00  0.1934002462E+00 
 2008  1824    8  0.3435875000E+00  0.2203306007E+00 
 2008  1830    8  0.2646687500E+00  0.2832189707E+00 
 2008  1836    8  0.2593750000E-01  0.2626558675E+00 
 2008  1842    8  -0.6073500000E+00  0.1678052815E+00 
 2008  1848    8  -0.4568625000E+00  0.1245333885E+00 
 2008  1854    8  -0.4083775000E+00  0.2390237332E+00 
 2008  1860    8  -0.1510151250E+00  0.2496121009E+00 
 2008  1866    8  -0.4962250000E+00  0.1636652051E+00 
 2008  1872    8  -0.5306125000E+00  0.1300536278E+00 
 2008  1878    8  -0.3792700000E+00  0.1826161912E+00 
 2008  1884    8  -0.1169550000E+00  0.2178769838E+00 
 2008  1890    8  -0.6301125000E+00  0.2760626670E+00 
 2008  1896    8  -0.5112625000E+00  0.2010960215E+00 
 2008  1902    8  -0.6042750000E+00  0.1880983968E+00 
 2008  1908    8  -0.3174441250E+00  0.2384357272E+00 
 2008  1914    8  -0.6303875000E+00  0.2797699298E+00 
 2008  1920    8  -0.5013875000E+00  0.2382393200E+00 
 2008  1926    8  -0.1827400000E+00  0.2431763502E+00 
 2008  1932    8  0.1100125000E+00  0.3125757806E+00 
 2008  1938    8  -0.3056037500E+00  0.2420845487E+00 
 2008  1944    8  -0.1979475000E+00  0.2680151960E+00 
 2008  1950    8  -0.1451687500E+00  0.4179746755E+00 
 2008  1956    8  0.6991000000E-01  0.3530904090E+00 
 2008  1962    8  -0.6751625000E+00  0.2327867744E+00 
 2008  1968    8  -0.3333725000E+00  0.2026391147E+00 
 2008  1974    8  -0.2014075000E+00  0.4231547937E+00 
 2008  1980    8  0.3134900000E+00  0.4261966597E+00 
 2008  1986    8  -0.1986062500E+00  0.2964350102E+00 
 2008  1992    8  -0.2575550000E+00  0.2606209387E+00 
 2008  1998    8  -0.9875000000E-02  0.4128206958E+00 
 2008  2004    8  0.1204737500E+00  0.4472068431E+00 
 2008  2010    8  -0.3022475000E+00  0.3285846965E+00 
 2008  2016    8  -0.1801512500E+00  0.2650267831E+00 
 2008  2022    8  -0.7325000000E-01  0.4237491091E+00 
 2008  2028    8  -0.3083750000E-01  0.3747232543E+00 
 2008  2034    8  0.1585575000E-01  0.2018682442E+00 
 2008  2040    8  0.9528625000E-01  0.1560920285E+00 
 2008  2046    8  0.1599412500E+00  0.3485309001E+00 
 2008  2052    8  0.2460135000E+00  0.2971582566E+00 
 2008  2058    8  -0.3075212500E+00  0.2252852695E+00 
 2008  2064    8  -0.4389200000E+00  0.2115882636E+00 
 2008  2070    8  -0.3507825000E+00  0.1748741552E+00 
 2008  2076    8  -0.2462587500E+00  0.2793477965E+00 
 2008  2082    8  -0.7830375000E+00  0.3359667801E+00 
 2008  2088    8  -0.7351250000E+00  0.3404533109E+00 
 2008  2094    8  -0.6337875000E+00  0.2880832971E+00 
 2008  2100    8  -0.7357500000E+00  0.3772501259E+00 
 2008  2106    8  -0.9352250000E+00  0.4113577450E+00 
 2008  2112    8  -0.7885750000E+00  0.3466083624E+00 
 2008  2118    8  -0.7678875000E+00  0.2447684796E+00 
 2008  2124    8  -0.4609537500E+00  0.4075309635E+00 
 2008  2130    8  -0.7505000000E+00  0.3744171304E+00 
 2008  2136    8  -0.4840625000E+00  0.3591174388E+00 
 2008  2142    8  -0.2209062500E+00  0.3545424291E+00 
 2008  2148    8  -0.2143437500E+00  0.4823297313E+00 
 2008  2154    8  -0.7356125000E+00  0.3402751954E+00 
 2008  2160    8  -0.3329512500E+00  0.3889070728E+00 
 2008  2166    8  -0.4613887500E+00  0.3315295690E+00 
 2008  2172    8  -0.8135750000E-01  0.3294687233E+00 
 2008  2178    8  -0.5952125000E+00  0.2520774655E+00 
 2008  2184    8  -0.2616875000E+00  0.3288765286E+00 
 2008  2190    8  -0.3351942875E+00  0.2806521005E+00 
 2008  2196    8  -0.1051061250E+00  0.4615949072E+00 
 2008  2202    8  -0.2931062500E+00  0.2295372525E+00 
 2008  2208    8  -0.2485050000E+00  0.3239779579E+00 
 2008  2214    8  -0.2444712500E+00  0.3987338715E+00 
 2008  2220    8  -0.2410625000E-01  0.5218933371E+00 
 2008  2226    8  0.7104037500E-01  0.3640382672E+00 
 2008  2232    8  0.7808500000E-01  0.4242852043E+00 
 2008  2238    8  0.4799375000E+00  0.5428515265E+00 
 2008  2244    8  0.7409450000E+00  0.5884139645E+00 
 2008  2250    8  0.2608775000E+00  0.2185611851E+00 
 2008  2256    8  0.5531250000E+00  0.3139175081E+00 
 2008  2262    8  0.8458875000E+00  0.3620911572E+00 
 2008  2268    8  0.1333312500E+01  0.4572189668E+00 
 2008  2274    8  0.1296625000E+01  0.2935170768E+00 
 2008  2280    8  0.1204050000E+01  0.3106840960E+00 
 2008  2286    8  0.1338825000E+01  0.5609840500E+00 
 2008  2292    8  0.1512712500E+01  0.6861002941E+00 
 2008  2298    8  0.1057462500E+01  0.3842638675E+00 
 2008  2304    8  0.8374350000E+00  0.5800951367E+00 
 2008  2310    8  0.7567300000E+00  0.6599087185E+00 
 2008  2316    8  0.7539375000E+00  0.6618482019E+00 
 2008  2322    8  0.2500750000E+00  0.4703186865E+00 
 2008  2328    8  0.3589625000E+00  0.4580076744E+00 
 2008  2334    8  0.4224378750E+00  0.4855354800E+00 
 2008  2340    8  0.4857125000E+00  0.5000697137E+00 
 2008  2346    8  0.2312687500E+00  0.1956088814E+00 
 2008  2352    8  0.4107250000E+00  0.1971717636E+00 
 2008  2358    8  0.3132787500E+00  0.3129836000E+00 
 2008  2364    8  0.3893850000E+00  0.3617203348E+00 
 2008  2370    8  0.5431000000E-01  0.7922403534E-01 
 2008  2376    8  0.4220550000E-01  0.1651651646E+00 
 2008  2382    8  -0.8708125000E-01  0.2367419161E+00 
 2008  2388    8  0.7407500000E-01  0.1782324639E+00 
 2008  2394    8  -0.3613375000E+00  0.1149871182E+00 
 2008  2400    8  -0.2751000000E+00  0.1118140421E+00 
 2008  2406    8  -0.2150875000E+00  0.1918442887E+00 
 2008  2412    8  -0.2437512500E+00  0.2095913438E+00 
 2008  2418    8  -0.8337875000E+00  0.3240953542E+00 
 2008  2424    8  -0.7192750000E+00  0.2769997326E+00 
 2008  2430    8  -0.6384250000E+00  0.2038783323E+00 
 2008  2436    8  -0.5726250000E+00  0.2578470513E+00 
 2008  2442    8  -0.1064962500E+01  0.4341569472E+00 
 2008  2448    8  -0.9276750000E+00  0.3306403928E+00 
 2008  2454    8  -0.8726250000E+00  0.2444662387E+00 
 2008  2460    8  -0.7704375000E+00  0.2535563741E+00 
 2008  2466    8  -0.9738000000E+00  0.3550473243E+00 
 2008  2472    8  -0.8447250000E+00  0.2410681478E+00 
 2008  2478    8  -0.7163125000E+00  0.2869019756E+00 
 2008  2484    8  -0.3819750000E+00  0.1987975085E+00 
 2008  2490    8  -0.7860500000E+00  0.2242825172E+00 
 2008  2496    8  -0.7695625000E+00  0.2861686563E+00 
 2008  2502    8  -0.4039625000E+00  0.1815692701E+00 
 2008  2508    8  -0.2348625000E+00  0.2413849857E+00 
 2008  2514    8  -0.4601000000E+00  0.2742286090E+00 
 2008  2520    8  -0.3240027500E+00  0.2332459975E+00 
 2008  2526    8  -0.2397512500E+00  0.3828734985E+00 
 2008  2532    8  -0.5641000000E-01  0.3325806965E+00 
 2008  2538    8  -0.4957125000E+00  0.2105645948E+00 
 2008  2544    8  -0.4303750000E+00  0.2255944633E+00 
 2008  2550    8  -0.5771750000E+00  0.2286208365E+00 
 2008  2556    8  -0.2791000000E+00  0.3122339588E+00 
 2008  2562    8  -0.6378375000E+00  0.2061723911E+00 
 2008  2568    8  -0.7242500000E+00  0.2353586625E+00 
 2008  2574    8  -0.8288000000E+00  0.2257236696E+00 
 2008  2580    8  -0.6814000000E+00  0.2394198196E+00 
 2008  2586    8  -0.1257312500E+01  0.4314778020E+00 
 2008  2592    8  -0.1289650000E+01  0.4112211783E+00 
 2008  2598    8  -0.1254062500E+01  0.2860029149E+00 
 2008  2604    8  -0.1068112500E+01  0.3770106147E+00 
 2008  2610    8  -0.1402250000E+01  0.5248960040E+00 
 2008  2616    8  -0.1491625000E+01  0.4460868574E+00 
 2008  2622    8  -0.1126600000E+01  0.3171453807E+00 
 2008  2628    8  -0.9181625000E+00  0.3010717063E+00 
 2008  2634    8  -0.1590000000E+01  0.4179781693E+00 
 2008  2640    8  -0.1352400000E+01  0.3684101926E+00 
 2008  2646    8  -0.1282437500E+01  0.3160519575E+00 
 2008  2652    8  -0.1180887500E+01  0.2892243180E+00 
 2008  2658    8  -0.1621062500E+01  0.5641664137E+00 
 2008  2664    8  -0.1587300000E+01  0.5339830966E+00 
 2008  2670    8  -0.1656250000E+01  0.3712710432E+00 
 2008  2676    8  -0.1192462500E+01  0.3547307674E+00 
 2008  2682    8  -0.1607250000E+01  0.4959934450E+00 
 2008  2688    8  -0.1549125000E+01  0.3794905919E+00 
 2008  2694    8  -0.1346200000E+01  0.2691632962E+00 
 2008  2700    8  -0.1289375000E+01  0.2258062984E+00 
 2008  2706    8  -0.1779625000E+01  0.3790728616E+00 
 2008  2712    8  -0.1166537500E+01  0.2936112904E+00 
 2008  2718    8  -0.9674625000E+00  0.1908765959E+00 
 2008  2724    8  -0.6599875000E+00  0.2248489740E+00 
 2008  2730    8  -0.1036612500E+01  0.2733380756E+00 
 2008  2736    8  -0.8078000000E+00  0.2329974678E+00 
 2008  2742    8  -0.6225250000E+00  0.2833641904E+00 
 2008  2748    8  -0.4343642500E+00  0.3004470842E+00 
 2008  2754    8  -0.9554000000E+00  0.3836754195E+00 
 2008  2760    8  -0.4395787500E+00  0.3096838960E+00 
 2008  2766    8  -0.2789862500E+00  0.3661475988E+00 
 2008  2772    8  -0.1636762500E+00  0.4073180826E+00 
 2008  2778    8  -0.7129375000E+00  0.3130621142E+00 
 2008  2784    8  -0.4992000000E+00  0.2566538184E+00 
 2008  2790    8  -0.6436750000E+00  0.3635907031E+00 
 2008  2796    8  -0.6570175000E+00  0.3659023793E+00 
 2008  2802    8  -0.1265250000E+01  0.5156729123E+00 
 2008  2808    8  -0.1084200000E+01  0.5197417652E+00 
 2008  2814    8  -0.1121512500E+01  0.4873258367E+00 
 2008  2820    8  -0.1092287500E+01  0.5106742588E+00 
 2008  2826    8  -0.1430687500E+01  0.6960808258E+00 
 2008  2832    8  -0.9166550000E+00  0.5709402523E+00 
 2008  2838    8  -0.8285750000E+00  0.3653207418E+00 
 2008  2844    8  -0.5124425000E+00  0.4657045523E+00 
 2008  2850    8  -0.9572000000E+00  0.7054480828E+00 
 2008  2856    8  -0.5910375000E+00  0.5358542361E+00 
 2008  2862    8  -0.4765728750E+00  0.3385776721E+00 
 2008  2868    8  -0.7094750000E+00  0.3174186855E+00 
 2008  2874    8  -0.1185512500E+01  0.4124673152E+00 
 2008  2880    8  -0.6788625000E+00  0.3382421837E+00 
 2008  2886    8  -0.8703625000E+00  0.1281749970E+00 
 2008  2892    8  -0.9285000000E+00  0.2975221504E+00 
 2008  2898    8  -0.1368437500E+01  0.3315704523E+00 
 2008  2904    8  -0.1247237500E+01  0.3550797514E+00 
 2008  2910    8  -0.1262000000E+01  0.2068628773E+00 
 2008  2916    8  -0.1239212500E+01  0.4051029327E+00 
 2008  2922    8  -0.1991125000E+01  0.6135088503E+00 
 2008  2928    8  -0.1706912500E+01  0.6160069225E+00 
 2008  2934    8  -0.1625050000E+01  0.4968933663E+00 
 2008  2940    8  -0.1689812500E+01  0.5171478861E+00 
 2008  2946    8  -0.2113962500E+01  0.7213200987E+00 
 2008  2952    8  -0.1843887500E+01  0.6952436721E+00 
 2008  2958    8  -0.1673400000E+01  0.4416072010E+00 
 2008  2964    8  -0.1764537500E+01  0.5074752185E+00 
 2008  2970    8  -0.1761137500E+01  0.6441094684E+00 
 2008  2976    8  -0.1478550000E+01  0.4403238098E+00 
 2008  2982    8  -0.1440050000E+01  0.2649751262E+00 
 2008  2988    8  -0.1160212500E+01  0.3339153689E+00 
 2008  2994    8  -0.1353512500E+01  0.3421705621E+00 
 2008  3000    8  -0.9612375000E+00  0.3926099494E+00 
 2008  3006    8  -0.8141750000E+00  0.1201926760E+00 
 2008  3012    8  -0.8495250000E+00  0.3486031725E+00 
 2008  3018    8  -0.1321587500E+01  0.4113484667E+00 
 2008  3024    8  -0.9484375000E+00  0.4341726412E+00 
 2008  3030    8  -0.8378500000E+00  0.2492614541E+00 
 2008  3036    8  -0.5424746250E+00  0.3674096012E+00 
 2008  3042    8  -0.9074750000E+00  0.3471828004E+00 
 2008  3048    8  -0.8174250000E+00  0.3062035914E+00 
 2008  3054    8  -0.1024312500E+01  0.2418461155E+00 
 2008  3060    8  -0.7668500000E+00  0.3020011507E+00 
 2008  3066    8  -0.1099962500E+01  0.3751443420E+00 
 2008  3072    8  -0.1113712500E+01  0.3285452002E+00 
 2008  3078    8  -0.1040575000E+01  0.2407066667E+00 
 2008  3084    8  -0.9947250000E+00  0.2723018718E+00 
 2008  3090    8  -0.1526250000E+01  0.2997030822E+00 
 2008  3096    8  -0.1318562500E+01  0.3131125434E+00 
 2008  3102    8  -0.1225375000E+01  0.1213990707E+00 
 2008  3108    8  -0.1230662500E+01  0.2872119728E+00 
 2008  3114    8  -0.1726750000E+01  0.3777994673E+00 
 2008  3120    8  -0.1478600000E+01  0.4079479777E+00 
 2008  3126    8  -0.1353950000E+01  0.2245805368E+00 
 2008  3132    8  -0.1248600000E+01  0.3190498864E+00 
 2008  3138    8  -0.1730662500E+01  0.4037232311E+00 
 2008  3144    8  -0.1430075000E+01  0.3082434742E+00 
 2008  3150    8  -0.1376875000E+01  0.1121243032E+00 
 2008  3156    8  -0.1433625000E+01  0.2538316063E+00 
 2008  3162    8  -0.1921500000E+01  0.4656763898E+00 
 2008  3168    8  -0.1378312500E+01  0.3915114859E+00 
 2008  3174    8  -0.1386000000E+01  0.1092977584E+00 
 2008  3180    8  -0.1310525000E+01  0.2976436827E+00 
 2008  3186    8  -0.1642575000E+01  0.4361765289E+00 
 2008  3192    8  -0.1003025000E+01  0.3349583286E+00 
 2008  3198    8  -0.1276000000E+01  0.1113137458E+00 
 2008  3204    8  -0.1350050000E+01  0.2506037061E+00 
 2008  3210    8  -0.1666587500E+01  0.4437414688E+00 
 2008  3216    8  -0.1137512500E+01  0.3408040362E+00 
 2008  3222    8  -0.1148487500E+01  0.1922279079E+00 
 2008  3228    8  -0.1300012500E+01  0.2918880369E+00 
 2008  3234    8  -0.1614237500E+01  0.4722227439E+00 
 2008  3240    8  -0.1297625000E+01  0.3402077665E+00 
 2008  3246    8  -0.1552750000E+01  0.1520178855E+00 
 2008  3252    8  -0.1577125000E+01  0.2867086664E+00 
 2008  3258    8  -0.1981375000E+01  0.5177629616E+00 
 2008  3264    8  -0.1557012500E+01  0.3778923142E+00 
 2008  3270    8  -0.1807000000E+01  0.2823171975E+00 
 2008  3276    8  -0.1930000000E+01  0.3772207576E+00 
 2008  3282    8  -0.2184500000E+01  0.5662945347E+00 
 2008  3288    8  -0.1757200000E+01  0.5056379436E+00 
 2008  3294    8  -0.1997625000E+01  0.4154831337E+00 
 2008  3300    8  -0.2073375000E+01  0.6102063048E+00 
 2008  3306    8  -0.1995950000E+01  0.8274164112E+00 
 2008  3312    8  -0.1755187500E+01  0.7416192326E+00 
 2008  3318    8  -0.1785450000E+01  0.5460511125E+00 
 2008  3324    8  -0.1631725000E+01  0.5900649789E+00 
 2008  3330    8  -0.1586675000E+01  0.6624741707E+00 
 2008  3336    8  -0.1306225000E+01  0.5029691088E+00 
 2008  3342    8  -0.1045537500E+01  0.2259005696E+00 
 2008  3348    8  -0.8909500000E+00  0.2620483925E+00 
 2008  3354    8  -0.1219912500E+01  0.3927632411E+00 
 2008  3360    8  -0.9638250000E+00  0.3003668247E+00 
 2008  3366    8  -0.9537375000E+00  0.1628570150E+00 
 2008  3372    8  -0.8048250000E+00  0.1301616759E+00 
 2008  3378    8  -0.1350450000E+01  0.2895815386E+00 
 2008  3384    8  -0.1232087500E+01  0.2986414717E+00 
 2008  3390    8  -0.1275437500E+01  0.2031984002E+00 
 2008  3396    8  -0.1117400000E+01  0.2159509609E+00 
 2008  3402    8  -0.1353075000E+01  0.3737124990E+00 
 2008  3408    8  -0.1087837500E+01  0.3570527305E+00 
 2008  3414    8  -0.9915875000E+00  0.2023010160E+00 
 2008  3420    8  -0.8334375000E+00  0.3086406362E+00 
 2008  3426    8  -0.1132762500E+01  0.2595544063E+00 
 2008  3432    8  -0.9560500000E+00  0.2312999460E+00 
 2008  3438    8  -0.9380375000E+00  0.2433426953E+00 
 2008  3444    8  -0.7350750000E+00  0.3093349752E+00 
 2008  3450    8  -0.8321125000E+00  0.2329442231E+00 
 2008  3456    8  -0.8792125000E+00  0.3079454231E+00 
 2008  3462    8  -0.8262625000E+00  0.1403758075E+00 
 2008  3468    8  -0.7211125000E+00  0.2304606769E+00 
 2008  3474    8  -0.8129750000E+00  0.3066432404E+00 
 2008  3480    8  -0.9725875000E+00  0.3798543518E+00 
 2008  3486    8  -0.7443875000E+00  0.2340349143E+00 
 2008  3492    8  -0.8299500000E+00  0.3732168907E+00 
 2008  3498    8  -0.9295250000E+00  0.3808907742E+00 
 2008  3504    8  -0.8912375000E+00  0.3491995631E+00 
 2008  3510    8  -0.1161262500E+01  0.1434338082E+00 
 2008  3516    8  -0.9728750000E+00  0.3030893464E+00 
 2008  3522    8  -0.8569625000E+00  0.3144179660E+00 
 2008  3528    8  -0.8954125000E+00  0.3010523187E+00 
 2008  3534    8  -0.1260462500E+01  0.2498569438E+00 
 2008  3540    8  -0.1043337500E+01  0.3077388298E+00 
 2008  3546    8  -0.1417650000E+01  0.4625866892E+00 
 2008  3552    8  -0.1223237500E+01  0.5730950356E+00 
 2008  3558    8  -0.1468137500E+01  0.3748116958E+00 
 2008  3564    8  -0.1410587500E+01  0.5720602163E+00 
 2008  3570    8  -0.1604575000E+01  0.6492164619E+00 
 2008  3576    8  -0.1401687500E+01  0.6351677287E+00 
 2008  3582    8  -0.1535750000E+01  0.4414758629E+00 
 2008  3588    8  -0.1516287500E+01  0.5440595359E+00 
 2008  3594    8  -0.1692462500E+01  0.6217674383E+00 
 2008  3600    8  -0.1312987500E+01  0.5732949512E+00 
 2008  3606    8  -0.1343987500E+01  0.3914782447E+00 
 2008  3612    8  -0.1152487500E+01  0.4498057899E+00 
 2008  3618    8  -0.1620637500E+01  0.6309574945E+00 
 2008  3624    8  -0.1313625000E+01  0.5694516370E+00 
 2008  3630    8  -0.9999750000E+00  0.2764679943E+00 
 2008  3636    8  -0.9563000000E+00  0.4025773746E+00 
 2008  3642    8  -0.1277800000E+01  0.5462082181E+00 
 2008  3648    8  -0.1112762500E+01  0.4528124113E+00 
 2008  3654    8  -0.9610250000E+00  0.2885730486E+00 
 2008  3660    8  -0.1232012500E+01  0.4337069790E+00 
 2008  3666    8  -0.1585275000E+01  0.4952280075E+00 
 2008  3672    8  -0.1216550000E+01  0.5093893746E+00 
 2008  3678    8  -0.1130700000E+01  0.2833353314E+00 
 2008  3684    8  -0.1107900000E+01  0.3481126219E+00 
 2008  3690    8  -0.9470500000E+00  0.3047667223E+00 
 2008  3696    8  -0.8602875000E+00  0.2570843706E+00 
 2008  3702    8  -0.7493875000E+00  0.1368858415E+00 
 2008  3708    8  -0.7327500000E+00  0.1465723627E+00 
 2008  3714    8  -0.1042400000E+01  0.2410067582E+00 
 2008  3720    8  -0.6923875000E+00  0.1442522481E+00 
 2008  3726    8  -0.8998750000E+00  0.1031479490E+00 
 2008  3732    8  -0.1064387500E+01  0.2105224717E+00 
 2008  3738    8  -0.1345787500E+01  0.3014535472E+00 
 2008  3744    8  -0.9331750000E+00  0.2801863208E+00 
 2008  3750    8  -0.1201562500E+01  0.1992478729E+00 
 2008  3756    8  -0.9278750000E+00  0.3739901428E+00 
 2008  3762    8  -0.1230850000E+01  0.6035896951E+00 
 2008  3768    8  -0.1164862500E+01  0.6126985901E+00 
 2008  3774    8  -0.1248562500E+01  0.5648716202E+00 
 2008  3780    8  -0.1378537500E+01  0.6518408048E+00 
 2008  3786    8  -0.1457387500E+01  0.7341293916E+00 
 2008  3792    8  -0.9332375000E+00  0.6268349203E+00 
 2008  3798    8  -0.1000887500E+01  0.4477087430E+00 
 2008  3804    8  -0.8826162500E+00  0.5106083236E+00 
 2008  3810    8  -0.1064965000E+01  0.6514426242E+00 
 2008  3816    8  -0.6846050000E+00  0.4437268514E+00 
 2008  3822    8  -0.9193875000E+00  0.2857603998E+00 
 2008  3828    8  -0.9034000000E+00  0.3827223831E+00 
 2008  3834    8  -0.1021575000E+01  0.4819512080E+00 
 2008  3840    8  -0.6344125000E+00  0.3096280811E+00 
 2008  3846    8  -0.7420750000E+00  0.2083203048E+00 
 2008  3852    8  -0.7419375000E+00  0.3070353967E+00 
 2008  3858    8  -0.8286500000E+00  0.3856648740E+00 
 2008  3864    8  -0.4853083750E+00  0.3081721451E+00 
 2008  3870    8  -0.8401125000E+00  0.2515048133E+00 
 2008  3876    8  -0.9408500000E+00  0.3518435590E+00 
 2008  3882    8  -0.1107237500E+01  0.4928068180E+00 
 2008  3888    8  -0.7098887500E+00  0.3893586536E+00 
 2008  3894    8  -0.1070025000E+01  0.2735734488E+00 
 2008  3900    8  -0.1190112500E+01  0.3925592230E+00 
 2008  3906    8  -0.1281650000E+01  0.5887080643E+00 
 2008  3912    8  -0.9897750000E+00  0.4077612437E+00 
 2008  3918    8  -0.1091100000E+01  0.3441313957E+00 
 2008  3924    8  -0.1180350000E+01  0.5317777802E+00 
 2008  3930    8  -0.1766300000E+01  0.7425449616E+00 
 2008  3936    8  -0.1427762500E+01  0.7071868741E+00 
 2008  3942    8  -0.1811175000E+01  0.5865681669E+00 
 2008  3948    8  -0.2089387500E+01  0.7569384394E+00 
 2008  3954    8  -0.2374050000E+01  0.9651215558E+00 
 2008  3960    8  -0.2205287500E+01  0.9530698577E+00 
 2008  3966    8  -0.2195887500E+01  0.8865766823E+00 
 2008  3972    8  -0.2405912500E+01  0.1014391864E+01 
 2008  3978    8  -0.2494812500E+01  0.1094094544E+01 
 2008  3984    8  -0.2019175000E+01  0.9853422473E+00 
 2008  3990    8  -0.2157150000E+01  0.9256741692E+00 
 2008  3996    8  -0.2436112500E+01  0.9935010385E+00 
 2008  4002    8  -0.2613037500E+01  0.1319730620E+01 
 2008  4008    8  -0.2325887500E+01  0.1114728125E+01 
 2008  4014    8  -0.2614925000E+01  0.1135647982E+01 
 2008  4020    8  -0.2734625000E+01  0.1107799388E+01 
 2008  4026    8  -0.2744712500E+01  0.1283531925E+01 
 2008  4032    8  -0.2317737500E+01  0.1123426469E+01 
 2008  4038    8  -0.2709400000E+01  0.1075534435E+01 
 2008  4044    8  -0.2295650000E+01  0.1010962614E+01 
 2008  4050    8  -0.2012012500E+01  0.1128098347E+01 
 2008  4056    8  -0.1929025000E+01  0.1032140555E+01 
 2008  4062    8  -0.1707212500E+01  0.9384851576E+00 
 2008  4068    8  -0.1231573750E+01  0.8151806067E+00 
 2008  4074    8  -0.1157887500E+01  0.8014130481E+00 
 2008  4080    8  -0.5889296250E+00  0.6975422476E+00 
 2008  4086    8  -0.9014662500E+00  0.4864279404E+00 
 2008  4092    8  -0.6800025000E+00  0.4185573492E+00 
 2008  4098    8  -0.5856437500E+00  0.4672562596E+00 
 2008  4104    8  -0.7032000000E+00  0.3229872172E+00 
 2008  4110    8  -0.9838750000E+00  0.2875116291E+00 
 2008  4116    8  -0.8380250000E+00  0.3482129189E+00 
 2008  4122    8  -0.9393000000E+00  0.3266892752E+00 
 2008  4128    8  -0.7865500000E+00  0.2956135061E+00 
 2008  4134    8  -0.9101625000E+00  0.3044983208E+00 
 2008  4140    8  -0.1054375000E+01  0.3595238753E+00 
 2008  4146    8  -0.1471787500E+01  0.5742667508E+00 
 2008  4152    8  -0.1063500000E+01  0.5311283931E+00 
 2008  4158    8  -0.1239075000E+01  0.4606839501E+00 
 2008  4164    8  -0.1183125000E+01  0.5065853599E+00 
 2008  4170    8  -0.1364587500E+01  0.6782188482E+00 
 2008  4176    8  -0.1019883750E+01  0.5551877722E+00 
 2008  4182    8  -0.9292475000E+00  0.4847059137E+00 
 2008  4188    8  -0.9317000000E+00  0.5912454122E+00 
 2008  4194    8  -0.1425566250E+01  0.7815564397E+00 
 2008  4200    8  -0.9942500000E+00  0.6555717562E+00 
 2008  4206    8  -0.1327225000E+01  0.5464982039E+00 
 2008  4212    8  -0.1483012500E+01  0.7291517922E+00 
 2008  4218    8  -0.1806050000E+01  0.8187654151E+00 
 2008  4224    8  -0.1290150000E+01  0.5508248860E+00 
 2008  4230    8  -0.1477837500E+01  0.4154368001E+00 
 2008  4236    8  -0.1619525000E+01  0.5694979187E+00 
 2008  4242    8  -0.1993787500E+01  0.7154204471E+00 
 2008  4248    8  -0.1415212500E+01  0.5732901587E+00 
 2008  4254    8  -0.1928000000E+01  0.4654846936E+00 
 2008  4260    8  -0.1834712500E+01  0.5981212073E+00 
 2008  4266    8  -0.1822012500E+01  0.6597295098E+00 
 2008  4272    8  -0.1479662500E+01  0.5828529595E+00 
 2008  4278    8  -0.1400837500E+01  0.3887867794E+00 
 2008  4284    8  -0.1188000000E+01  0.5263238333E+00 
 2008  4290    8  -0.1282175000E+01  0.6516244063E+00 
 2008  4296    8  -0.1175300000E+01  0.6151032413E+00 
 2008  4302    8  -0.1351600000E+01  0.4902765317E+00 
 2008  4308    8  -0.1376125000E+01  0.6187764838E+00 
 2008  4314    8  -0.1660900000E+01  0.7341397738E+00 
 2008  4320    8  -0.1394562500E+01  0.6570029565E+00 
 2008  4326    8  -0.1451725000E+01  0.5400449883E+00 
 2008  4332    8  -0.1432125000E+01  0.6643395080E+00 
 2008  4338    8  -0.1294036250E+01  0.6884237154E+00 
 2008  4344    8  -0.1038027500E+01  0.6729698822E+00 
 2008  4350    8  -0.1204625000E+01  0.5817582418E+00 
 2008  4356    8  -0.1313037500E+01  0.6663340565E+00 
 2008  4362    8  -0.1079137500E+01  0.7068313695E+00 
 2008  4368    8  -0.9402450000E+00  0.5789704312E+00 
 2008  4374    8  -0.1082137500E+01  0.5112483421E+00 
 2008  4380    8  -0.7801893750E+00  0.5464171836E+00 
 2008  4386    8  -0.6846000000E+00  0.5418180022E+00 
 2008  4392    8  -0.5104335000E+00  0.4781585846E+00 
 2008  4398    8  -0.7220125000E+00  0.4919190824E+00 
 2008  4404    8  -0.8231500000E+00  0.6072609447E+00 
 2008  4410    8  -0.1112746250E+01  0.6776081572E+00 
 2008  4416    8  -0.9191112500E+00  0.5438693445E+00 
 2008  4422    8  -0.9948875000E+00  0.4690007634E+00 
 2008  4428    8  -0.1109750000E+01  0.5031764949E+00 
 2008  4434    8  -0.1057222750E+01  0.6356117111E+00 
 2008  4440    8  -0.8546550000E+00  0.5571383138E+00 
 2008  4446    8  -0.1218725000E+01  0.4789534444E+00 
 2008  4452    8  -0.1356525000E+01  0.5591394655E+00 
 2008  4458    8  -0.1248687500E+01  0.6779105775E+00 
 2008  4464    8  -0.1105462500E+01  0.5844744369E+00 
 2008  4470    8  -0.1447712500E+01  0.5465896071E+00 
 2008  4476    8  -0.1355287500E+01  0.6855608314E+00 
 2008  4482    8  -0.1287800000E+01  0.6627835450E+00 
 2008  4488    8  -0.1259112500E+01  0.6019843861E+00 
 2008  4494    8  -0.1413612500E+01  0.5734109836E+00 
 2008  4500    8  -0.1691837500E+01  0.7330667636E+00 
 2008  4506    8  -0.1833637500E+01  0.8419074622E+00 
 2008  4512    8  -0.1405112500E+01  0.7386623746E+00 
 2008  4518    8  -0.1777950000E+01  0.7140438677E+00 
 2008  4524    8  -0.1788625000E+01  0.9192360316E+00 
 2008  4530    8  -0.1992600000E+01  0.1038031638E+01 
 2008  4536    8  -0.1719187500E+01  0.8813366871E+00 
 2008  4542    8  -0.1850250000E+01  0.7311726455E+00 
 2008  4548    8  -0.1686050000E+01  0.8905641358E+00 
 2008  4554    8  -0.1717662500E+01  0.9330328544E+00 
 2008  4560    8  -0.1254979350E+01  0.7011532960E+00 
 2008  4566    8  -0.1388850000E+01  0.4745158348E+00 
 2008  4572    8  -0.1353112500E+01  0.5141169406E+00 
 2008  4578    8  -0.1554087500E+01  0.6158179915E+00 
 2008  4584    8  -0.1068437500E+01  0.4151631063E+00 
 2008  4590    8  -0.1071950000E+01  0.2555464439E+00 
 2008  4596    8  -0.9648375000E+00  0.3824062301E+00 
 2008  4602    8  -0.1280987500E+01  0.4579287184E+00 
 2008  4608    8  -0.8848250000E+00  0.4446455604E+00 
 2008  4614    8  -0.1160637500E+01  0.3481836510E+00 
 2008  4620    8  -0.1103312500E+01  0.6216518669E+00 
 2008  4626    8  -0.1223961250E+01  0.7427836758E+00 
 2008  4632    8  -0.9928750000E+00  0.7060886130E+00 
 2008  4638    8  -0.1027840000E+01  0.6424090470E+00 
 2008  4644    8  -0.1207721250E+01  0.7678826550E+00 
 2008  4650    8  -0.1404737500E+01  0.9419867421E+00 
 2008  4656    8  -0.1159102500E+01  0.7490206990E+00 
 2008  4662    8  -0.1507400000E+01  0.6255376348E+00 
 2008  4668    8  -0.1528575000E+01  0.6857602091E+00 
 2008  4674    8  -0.1614350000E+01  0.7154544325E+00 
 2008  4680    8  -0.1677087500E+01  0.5564182587E+00 
 2008  4686    8  -0.1594725000E+01  0.4336894965E+00 
 2008  4692    8  -0.1414262500E+01  0.4258085983E+00 
 2008  4698    8  -0.1403087500E+01  0.4031229696E+00 
 2008  4704    8  -0.1144862500E+01  0.3873570928E+00 
 2008  4710    8  -0.1293750000E+01  0.3259220574E+00 
 2008  4716    8  -0.1236300000E+01  0.4665277350E+00 
 2008  4722    8  -0.1122578750E+01  0.6275272515E+00 
 2008  4728    8  -0.1058233750E+01  0.6228910649E+00 
 2008  4734    8  -0.1235162500E+01  0.6157691693E+00 
 2008  4740    8  -0.1303975000E+01  0.6645197904E+00 
 2008  4746    8  -0.1749775000E+01  0.8466995361E+00 
 2008  4752    8  -0.1498312500E+01  0.7231598292E+00 
 2008  4758    8  -0.1728487500E+01  0.6810480846E+00 
 2008  4764    8  -0.1683975000E+01  0.7493959847E+00 
 2008  4770    8  -0.1788575000E+01  0.8906931721E+00 
 2008  4776    8  -0.1339300000E+01  0.7134628109E+00 
 2008  4782    8  -0.1542662500E+01  0.6963007916E+00 
 2008  4788    8  -0.1288408750E+01  0.7322913763E+00 
 2008  4794    8  -0.1480112500E+01  0.7938898954E+00 
 2008  4800    8  -0.1174833750E+01  0.6483273417E+00 
 2008  4806    8  -0.1118512500E+01  0.5443224032E+00 
 2008  4812    8  -0.1163350000E+01  0.5473219391E+00 
 2008  4818    8  -0.1462887500E+01  0.6391424478E+00 
 2008  4824    8  -0.1253337500E+01  0.4873498562E+00 
 2008  4830    8  -0.1399412500E+01  0.4544729267E+00 
 2008  4836    8  -0.1085837500E+01  0.3318587310E+00 
 2008  4842    8  -0.1265175000E+01  0.4871007641E+00 
 2008  4848    8  -0.1103712500E+01  0.3817246470E+00 
 2008  4854    8  -0.1028562500E+01  0.2963229612E+00 
 2008  4860    8  -0.1099912500E+01  0.3010548349E+00 
 2008  4866    8  -0.1420500000E+01  0.4788809455E+00 
 2008  4872    8  -0.1104900000E+01  0.4441220666E+00 
 2008  4878    8  -0.1095837500E+01  0.4763915352E+00 
 2008  4884    8  -0.8860900000E+00  0.4754849348E+00 
 2008  4890    8  -0.1112925000E+01  0.6214533867E+00 
 2008  4896    8  -0.6599375000E+00  0.4702214370E+00 
 2008  4902    8  -0.8977750000E+00  0.4338532781E+00 
 2008  4908    8  -0.9595100000E+00  0.4672693733E+00 
 2008  4914    8  -0.1368100000E+01  0.6881558036E+00 
 2008  4920    8  -0.1101462500E+01  0.5414894203E+00 
 2008  4926    8  -0.1252175000E+01  0.4626276763E+00 
 2008  4932    8  -0.1223200000E+01  0.6380280480E+00 
 2008  4938    8  -0.1808437500E+01  0.8202977660E+00 
 2008  4944    8  -0.1524612500E+01  0.7478941192E+00 
 2008  4950    8  -0.1679600000E+01  0.6591069014E+00 
 2008  4956    8  -0.1933425000E+01  0.8278536491E+00 
 2008  4962    8  -0.2183937500E+01  0.8817346695E+00 
 2008  4968    8  -0.1782950000E+01  0.7597526357E+00 
 2008  4974    8  -0.1917237500E+01  0.6111940730E+00 
 2008  4980    8  -0.1902325000E+01  0.6990749884E+00 
 2008  4986    8  -0.2008950000E+01  0.8277235755E+00 
 2008  4992    8  -0.1639112500E+01  0.7079935865E+00 
 2008  4998    8  -0.1450000000E+01  0.5140021911E+00 
 2008  5004    8  -0.1439387500E+01  0.7204892165E+00 
 2008  5010    8  -0.1815437500E+01  0.8938086483E+00 
 2008  5016    8  -0.1228976250E+01  0.7093131722E+00 
 2008  5022    8  -0.1388837500E+01  0.5355542081E+00 
 2008  5028    8  -0.1442362500E+01  0.5866365526E+00 
 2008  5034    8  -0.1731625000E+01  0.7508091881E+00 
 2008  5040    8  -0.1163662500E+01  0.5827751988E+00 
 2008  5046    8  -0.1249987500E+01  0.4443869441E+00 
 2008  5052    8  -0.8982387500E+00  0.5240241409E+00 
 2008  5058    8  -0.1387375000E+01  0.7210544410E+00 
 2008  5064    8  -0.1055047500E+01  0.5806122788E+00 
 2008  5070    8  -0.1171300000E+01  0.4977319158E+00 
 2008  5076    8  -0.1388137500E+01  0.7236636683E+00 
 2008  5082    8  -0.1531562500E+01  0.8371964434E+00 
 2008  5088    8  -0.1282512500E+01  0.6050319649E+00 
 2008  5094    8  -0.1221225000E+01  0.4694135031E+00 
 2008  5100    8  -0.1516137500E+01  0.5245982152E+00 
 2008  5106    8  -0.1517062500E+01  0.6419157070E+00 
 2008  5112    8  -0.1106925000E+01  0.4435351135E+00 
 2008  5118    8  -0.1119250000E+01  0.2894814934E+00 
 2008  5124    8  -0.1080475000E+01  0.2678793327E+00 
 2008  5130    8  -0.1279212500E+01  0.5056091115E+00 
 2008  5136    8  -0.9530000000E+00  0.3585437316E+00 
 2008  5142    8  -0.9123875000E+00  0.2845878399E+00 
 2008  5148    8  -0.9525250000E+00  0.3513041302E+00 
 2008  5154    8  -0.1341275000E+01  0.5098513307E+00 
 2008  5160    8  -0.8757500000E+00  0.3530991999E+00 
 2008  5166    8  -0.1051925000E+01  0.3028505438E+00 
 2008  5172    8  -0.8004500000E+00  0.2754854715E+00 
 2008  5178    8  -0.8799500000E+00  0.4500577602E+00 
 2008  5184    8  -0.6625625000E+00  0.3275536709E+00 
 2008  5190    8  -0.9229250000E+00  0.2567956422E+00 
 2008  5196    8  -0.7618375000E+00  0.2345433592E+00 
 2008  5202    8  -0.1128912500E+01  0.4064861911E+00 
 2008  5208    8  -0.7596875000E+00  0.2674926141E+00 
 2008  5214    8  -0.1041937500E+01  0.2619046818E+00 
 2008  5220    8  -0.8685750000E+00  0.3052691139E+00 
 2008  5226    8  -0.1430625000E+01  0.4380717771E+00 
 2008  5232    8  -0.1486487500E+01  0.3509102999E+00 
 2008  5238    8  -0.1913500000E+01  0.4462278006E+00 
 2008  5244    8  -0.1775012500E+01  0.6187148989E+00 
 2008  5250    8  -0.1914662500E+01  0.8154402782E+00 
 2008  5256    8  -0.1623350000E+01  0.7122400368E+00 
 2008  5262    8  -0.2068837500E+01  0.7938968824E+00 
 2008  5268    8  -0.2024637500E+01  0.8919145810E+00 
 2008  5274    8  -0.2337087500E+01  0.1112760297E+01 
 2008  5280    8  -0.2111962500E+01  0.9441189199E+00 
 2008  5286    8  -0.2257987500E+01  0.9890105794E+00 
 2008  5292    8  -0.2430975000E+01  0.1084702588E+01 
 2008  5298    8  -0.3034875000E+01  0.1267391459E+01 
 2008  5304    8  -0.2404450000E+01  0.1083381751E+01 
 2008  5310    8  -0.2805875000E+01  0.1048467982E+01 
 2008  5316    8  -0.2890500000E+01  0.1071643597E+01 
 2008  5322    8  -0.2607487500E+01  0.1051488547E+01 
 2008  5328    8  -0.2017662500E+01  0.8286595485E+00 
 2008  5334    8  -0.2213625000E+01  0.6436217712E+00 
 2008  5340    8  -0.2026025000E+01  0.7781903394E+00 
 2008  5346    8  -0.1935087500E+01  0.8545030741E+00 
 2008  5352    8  -0.1709725000E+01  0.7478542150E+00 
 2008  5358    8  -0.1813225000E+01  0.7051926364E+00 
 2008  5364    8  -0.1559850000E+01  0.7908213499E+00 
 2008  5370    8  -0.1525425000E+01  0.7551603021E+00 
 2008  5376    8  -0.1291125000E+01  0.6096082364E+00 
 2008  5382    8  -0.1486275000E+01  0.5216544037E+00 
 2008  5388    8  -0.1452275000E+01  0.5647602406E+00 
 2008  5394    8  -0.1578725000E+01  0.5349480623E+00 
 2008  5400    8  -0.1355362500E+01  0.4632562464E+00 
 2008  5406    8  -0.1564237500E+01  0.4023924326E+00 
 2008  5412    8  -0.1626500000E+01  0.4641408730E+00 
 2008  5418    8  -0.1534025000E+01  0.5037095437E+00 
 2008  5424    8  -0.1208325000E+01  0.4526389200E+00 
 2008  5430    8  -0.1613000000E+01  0.3952470746E+00 
 2008  5436    8  -0.1488300000E+01  0.5389235730E+00 
 2008  5442    8  -0.1319337500E+01  0.5937512693E+00 
 2008  5448    8  -0.1119512500E+01  0.5391307342E+00 
 2008  5454    8  -0.1083387500E+01  0.4602010850E+00 
 2008  5460    8  -0.9799775000E+00  0.5981424028E+00 
 2008  5466    8  -0.1152577500E+01  0.6498348133E+00 
 2008  5472    8  -0.9286737500E+00  0.5553312438E+00 
 2008  5478    8  -0.1098750000E+01  0.4739003482E+00 
 2008  5484    8  -0.1211237500E+01  0.5497645222E+00 
 2008  5490    8  -0.1570562500E+01  0.6298047037E+00 
 2008  5496    8  -0.1206450000E+01  0.5181533460E+00 
 2008  5502    8  -0.1426712500E+01  0.4194580415E+00 
 2008  5508    8  -0.1430850000E+01  0.5408606706E+00 
 2008  5514    8  -0.1408562500E+01  0.5752971188E+00 
 2008  5520    8  -0.1012387500E+01  0.5047822314E+00 
 2008  5526    8  -0.1404412500E+01  0.4391720461E+00 
 2008  5532    8  -0.1375837500E+01  0.4727411922E+00 
 2008  5538    8  -0.1216400000E+01  0.5735790094E+00 
 2008  5544    8  -0.1088575000E+01  0.4030331151E+00 
 2008  5550    8  -0.1277287500E+01  0.3473579905E+00 
 2008  5556    8  -0.1286350000E+01  0.3437691922E+00 
 2008  5562    8  -0.1217275000E+01  0.4004202535E+00 
 2008  5568    8  -0.9458750000E+00  0.2904105230E+00 
 2008  5574    8  -0.1259575000E+01  0.2523845565E+00 
 2008  5580    8  -0.1425350000E+01  0.2684732901E+00 
 2008  5586    8  -0.1604512500E+01  0.4582674749E+00 
 2008  5592    8  -0.1299725000E+01  0.3406561307E+00 
 2008  5598    8  -0.1612125000E+01  0.3422449552E+00 
 2008  5604    8  -0.1360875000E+01  0.3740834424E+00 
 2008  5610    8  -0.1351062500E+01  0.4973848131E+00 
 2008  5616    8  -0.9781125000E+00  0.3648315037E+00 
 2008  5622    8  -0.8249375000E+00  0.2449736003E+00 
 2008  5628    8  -0.8785250000E+00  0.3714228411E+00 
 2008  5634    8  -0.1326587500E+01  0.5483937897E+00 
 2008  5640    8  -0.8226625000E+00  0.4030540843E+00 
 2008  5646    8  -0.9278375000E+00  0.2564474894E+00 
 2008  5652    8  -0.7540250000E+00  0.3111350581E+00 
 2008  5658    8  -0.1052200000E+01  0.4597509761E+00 
 2008  5664    8  -0.7331625000E+00  0.3479263318E+00 
 2008  5670    8  -0.7621875000E+00  0.1880467192E+00 
 2008  5676    8  -0.7138625000E+00  0.2354722751E+00 
 2008  5682    8  -0.8470375000E+00  0.3402001210E+00 
 2008  5688    8  -0.4898462500E+00  0.3045959311E+00 
 2008  5694    8  -0.6732000000E+00  0.1363288029E+00 
 2008  5700    8  -0.5441500000E+00  0.2389359956E+00 
 2008  5706    8  -0.5962875000E+00  0.2909601710E+00 
 2008  5712    8  -0.3224987500E+00  0.2246052602E+00 
 2008  5718    8  -0.3639500000E+00  0.1711624156E+00 
 2008  5724    8  -0.3432900000E+00  0.1857779298E+00 
 2008  5730    8  -0.6311625000E+00  0.2419873547E+00 
 2008  5736    8  -0.6830250000E+00  0.2696243718E+00 
 2008  5742    8  -0.9781750000E+00  0.2375509511E+00 
 2008  5748    8  -0.1033400000E+01  0.3283674352E+00 
 2008  5754    8  -0.1188275000E+01  0.3955396053E+00 
 2008  5760    8  -0.1069662500E+01  0.3490063822E+00 
 2008  5766    8  -0.1387587500E+01  0.3399162266E+00 
 2008  5772    8  -0.1277125000E+01  0.3822616668E+00 
 2008  5778    8  -0.1374487500E+01  0.4493823078E+00 
 2008  5784    8  -0.1348937500E+01  0.4210806364E+00 
 2008  5790    8  -0.1327125000E+01  0.3806048632E+00 
 2008  5796    8  -0.1136412500E+01  0.3972332200E+00 
 2008  5802    8  -0.1040687500E+01  0.4331024747E+00 
 2008  5808    8  -0.8750000000E+00  0.3558647461E+00 
 2008  5814    8  -0.5965700000E+00  0.2941910031E+00 
 2008  5820    8  -0.4449125000E+00  0.2229758924E+00 
 2008  5826    8  -0.5891150000E+00  0.3272482278E+00 
 2008  5832    8  -0.2326427500E+00  0.1205595745E+00 
 2008  5838    8  -0.1418962500E+00  0.1289201773E+00 
 2008  5844    8  -0.6087125000E-01  0.1562104332E+00 
 2008  5850    8  -0.4754241250E+00  0.2894800537E+00 
 2008  5856    8  -0.2234912500E+00  0.1434690534E+00 
 2008  5862    8  -0.4252750000E+00  0.1151955701E+00 
 2008  5868    8  -0.3867125000E+00  0.9382013960E-01 
 2008  5874    8  -0.6484750000E+00  0.2591466513E+00 
 2008  5880    8  -0.4844750000E+00  0.1586461136E+00 
 2008  5886    8  -0.7344250000E+00  0.1313098792E+00 
 2008  5892    8  -0.4663250000E+00  0.1119028234E+00 
 2008  5898    8  -0.8922625000E+00  0.2739855103E+00 
 2008  5904    8  -0.7342750000E+00  0.1863335702E+00 
 2008  5910    8  -0.7976625000E+00  0.1591745342E+00 
 2008  5916    8  -0.6241375000E+00  0.1954754201E+00 
 2008  5922    8  -0.8665500000E+00  0.2002886604E+00 
 2008  5928    8  -0.7634125000E+00  0.1528960794E+00 
 2008  5934    8  -0.8923250000E+00  0.1791212072E+00 
 2008  5940    8  -0.9975625000E+00  0.1425052713E+00 
 2008  5946    8  -0.1111875000E+01  0.2703015388E+00 
 2008  5952    8  -0.1018912500E+01  0.1842260530E+00 
 2008  5958    8  -0.1117487500E+01  0.1237609736E+00 
 2008  5964    8  -0.9173250000E+00  0.2020619877E+00 
 2008  5970    8  -0.1012537500E+01  0.2773212259E+00 
 2008  5976    8  -0.9107750000E+00  0.2158023966E+00 
 2008  5982    8  -0.8905250000E+00  0.1287041253E+00 
 2008  5988    8  -0.8061375000E+00  0.1606452764E+00 
 2008  5994    8  -0.1312512500E+01  0.3679583381E+00 
 2008  6000    8  -0.9225000000E+00  0.2203622245E+00 
 2008  6006    8  -0.1053875000E+01  0.7160907327E-01 
 2008  6012    8  -0.1232475000E+01  0.2408890395E+00 
 2008  6018    8  -0.1587237500E+01  0.4349828386E+00 
 2008  6024    8  -0.1222475000E+01  0.2126270899E+00 
 2008  6030    8  -0.1356625000E+01  0.1484258548E+00 
 2008  6036    8  -0.1166225000E+01  0.1784229298E+00 
 2008  6042    8  -0.1407675000E+01  0.3558063228E+00 
 2008  6048    8  -0.9096250000E+00  0.1900155504E+00 
 2008  6054    8  -0.9163375000E+00  0.1456884256E+00 
 2008  6060    8  -0.8134750000E+00  0.9928849065E-01 
 2008  6066    8  -0.1097000000E+01  0.3025659102E+00 
 2008  6072    8  -0.6204125000E+00  0.2171895626E+00 
 2008  6078    8  -0.6628125000E+00  0.1356233980E+00 
 2008  6084    8  -0.6292500000E+00  0.1486602250E+00 
 2008  6090    8  -0.8860500000E+00  0.4352062327E+00 
 2008  6096    8  -0.5591375000E+00  0.1929619194E+00 
 2008  6102    8  -0.5151750000E+00  0.7954749760E-01 
 2008  6108    8  -0.4567625000E+00  0.1674110431E+00 
 2008  6114    8  -0.8408750000E+00  0.3758658429E+00 
 2008  6120    8  -0.6034875000E+00  0.2871790532E+00 
 2008  6126    8  -0.5668750000E+00  0.1216799259E+00 
 2008  6132    8  -0.7848875000E+00  0.3143044879E+00 
 2008  6138    8  -0.1206600000E+01  0.5419942966E+00 
 2008  6144    8  -0.8729250000E+00  0.3752448792E+00 
 2008  6150    8  -0.9598875000E+00  0.2695797119E+00 
 2008  6156    8  -0.1062237500E+01  0.3265122469E+00 
 2008  6162    8  -0.1374325000E+01  0.5407685636E+00 
 2008  6168    8  -0.1175037500E+01  0.3813829438E+00 
 2008  6174    8  -0.1209262500E+01  0.3224028727E+00 
 2008  6180    8  -0.1516437500E+01  0.5045927465E+00 
 2008  6186    8  -0.1822950000E+01  0.6693998189E+00 
 2008  6192    8  -0.1503275000E+01  0.4466385136E+00 
 2008  6198    8  -0.1747875000E+01  0.4543169151E+00 
 2008  6204    8  -0.1898000000E+01  0.5526474916E+00 
 2008  6210    8  -0.1861562500E+01  0.7699580117E+00 
 2008  6216    8  -0.1377225000E+01  0.5111255588E+00 
 2008  6222    8  -0.1601200000E+01  0.4309098137E+00 
 2008  6228    8  -0.1172012500E+01  0.4118073592E+00 
 2008  6234    8  -0.1145245000E+01  0.6220140759E+00 
 2008  6240    8  -0.7030500000E+00  0.4368304333E+00 
 2008  6246    8  -0.9750375000E+00  0.4545990264E+00 
 2008  6252    8  -0.5158575000E+00  0.3245691158E+00 
 2008  6258    8  -0.5341975000E+00  0.4466140742E+00 
 2008  6264    8  -0.4488587500E+00  0.3079759617E+00 
 2008  6270    8  -0.6406750000E+00  0.2765387575E+00 
 2008  6276    8  -0.3798900000E+00  0.2145240559E+00 
 2008  6282    8  -0.6827625000E+00  0.3532009306E+00 
 2008  6288    8  -0.4199500000E+00  0.1886461502E+00 
 2008  6294    8  -0.3536075000E+00  0.2033782963E+00 
 2008  6300    8  -0.4178500000E+00  0.1222469120E+00 
 2008  6306    8  -0.6840250000E+00  0.2204133489E+00 
 2008  6312    8  -0.5215750000E+00  0.1660715414E+00 
 2008  6318    8  -0.7146500000E+00  0.1179410022E+00 
 2008  6324    8  -0.6611625000E+00  0.1164418088E+00 
 2008  6330    8  -0.1036075000E+01  0.2954843852E+00 
 2008  6336    8  -0.8195000000E+00  0.2246907820E+00 
 2008  6342    8  -0.1080275000E+01  0.1965634742E+00 
 2008  6348    8  -0.9217625000E+00  0.3002500622E+00 
 2008  6354    8  -0.1130725000E+01  0.4493481800E+00 
 2008  6360    8  -0.8633250000E+00  0.3241785185E+00 
 2008  6366    8  -0.8787250000E+00  0.2044957686E+00 
 2008  6372    8  -0.8786625000E+00  0.3601563894E+00 
 2008  6378    8  -0.1177650000E+01  0.4369872481E+00 
 2008  6384    8  -0.1013687500E+01  0.3217717453E+00 
 2008  6390    8  -0.1181475000E+01  0.2405795853E+00 
 2008  6396    8  -0.1176937500E+01  0.3484819398E+00 
 2008  6402    8  -0.1390575000E+01  0.4443302734E+00 
 2008  6408    8  -0.1035962500E+01  0.3970518572E+00 
 2008  6414    8  -0.1188500000E+01  0.2631512825E+00 
 2008  6420    8  -0.1202437500E+01  0.4127093679E+00 
 2008  6426    8  -0.1420800000E+01  0.5088132590E+00 
 2008  6432    8  -0.1161587500E+01  0.4271948046E+00 
 2008  6438    8  -0.1177950000E+01  0.2497349195E+00 
 2008  6444    8  -0.1405800000E+01  0.4886536171E+00 
 2008  6450    8  -0.1702850000E+01  0.5806601222E+00 
 2008  6456    8  -0.1643225000E+01  0.5281064328E+00 
 2008  6462    8  -0.1685687500E+01  0.5864638170E+00 
 2008  6468    8  -0.1809275000E+01  0.6733032967E+00 
 2008  6474    8  -0.1809962500E+01  0.7787170281E+00 
 2008  6480    8  -0.1509200000E+01  0.6270943928E+00 
 2008  6486    8  -0.1775587500E+01  0.5985198544E+00 
 2008  6492    8  -0.1514400000E+01  0.4936785290E+00 
 2008  6498    8  -0.1633812500E+01  0.5659589173E+00 
 2008  6504    8  -0.1591850000E+01  0.5380993310E+00 
 2008  6510    8  -0.1656037500E+01  0.4599268799E+00 
 2008  6516    8  -0.1179375000E+01  0.3695505133E+00 
 2008  6522    8  -0.9560500000E+00  0.2894510235E+00 
 2008  6528    8  -0.7756125000E+00  0.3234642810E+00 
 2008  6534    8  -0.7146000000E+00  0.2264535107E+00 
 2008  6540    8  -0.6329875000E+00  0.2188260464E+00 
 2008  6546    8  -0.6334000000E+00  0.9613524328E-01 
 2008  6552    8  -0.4555500000E+00  0.1745303555E+00 
 2008  6558    8  -0.4199250000E+00  0.1306687965E+00 
 2008  6564    8  -0.5186125000E+00  0.1640396175E+00 
 2008  6570    8  -0.8988000000E+00  0.1284701230E+00 
 2008  6576    8  -0.8321250000E+00  0.1035213595E+00 
 2008  6582    8  -0.1148912500E+01  0.1221037616E+00 
 2008  6588    8  -0.1243275000E+01  0.2041992394E+00 
 2008  6594    8  -0.1339737500E+01  0.3482872483E+00 
 2008  6600    8  -0.1198562500E+01  0.2082245179E+00 
 2008  6606    8  -0.1134125000E+01  0.8093274600E-01 
 2008  6612    8  -0.7518625000E+00  0.1066821323E+00 
 2008  6618    8  -0.5214875000E+00  0.5484305876E-01 
 2008  6624    8  -0.3799000000E+00  0.1711021479E+00 
 2008  6630    8  -0.6007875000E+00  0.2500052321E+00 
 2008  6636    8  -0.5823375000E+00  0.1835794851E+00 
 2008  6642    8  -0.7734500000E+00  0.9352934032E-01 
 2008  6648    8  -0.4769125000E+00  0.2168403009E+00 
 2008  6654    8  -0.6831750000E+00  0.2494918573E+00 
 2008  6660    8  -0.7441625000E+00  0.1783069189E+00 
 2008  6666    8  -0.8676500000E+00  0.1264577993E+00 
 2008  6672    8  -0.8112625000E+00  0.1926671867E+00 
 2008  6678    8  -0.8726750000E+00  0.2092628177E+00 
 2008  6684    8  -0.6267000000E+00  0.1891822336E+00 
 2008  6690    8  -0.9255750000E+00  0.5964590828E-01 
 2008  6696    8  -0.6769625000E+00  0.1504227288E+00 
 2008  6702    8  -0.5898937500E+00  0.2848052453E+00 
 2008  6708    8  -0.5993750000E+00  0.1520134513E+00 
 2008  6714    8  -0.6010250000E+00  0.5831461545E-01 
 2008  6720    8  -0.4396750000E+00  0.1036962963E+00 
 2008  6726    8  -0.6374375000E+00  0.2051729511E+00 
 2008  6732    8  -0.5478625000E+00  0.1643018939E+00 
 2008  6738    8  -0.6178625000E+00  0.1618406310E+00 
 2008  6744    8  -0.6052500000E+00  0.2543139841E+00 
 2008  6750    8  -0.6006500000E+00  0.2844006021E+00 
 2008  6756    8  -0.4905750000E+00  0.1440569657E+00 
 2008  6762    8  -0.6731750000E+00  0.1110532952E+00 
 2008  6768    8  -0.4227250000E+00  0.1307171541E+00 
 2008  6774    8  -0.3240162500E+00  0.2525860355E+00 
 2008  6780    8  -0.2629875000E+00  0.3435506711E+00 
 2008  6786    8  -0.2897775000E+00  0.2153042430E+00 
 2008  6792    8  -0.1824887500E+00  0.3320979259E+00 
 2008  6798    8  -0.1961587500E+00  0.4524542354E+00 
 2008  6804    8  -0.6215000000E-02  0.4401710822E+00 
 2008  6810    8  -0.3886362500E+00  0.2954099585E+00 
 2008  6816    8  -0.3876862500E+00  0.4143007580E+00 
 2008  6822    8  -0.7005000000E-01  0.5315503029E+00 
 2008  6828    8  -0.1080050000E+00  0.4361646910E+00 
 2008  6834    8  -0.4326712500E+00  0.2176340932E+00 
 2008  6840    8  -0.4061625000E-01  0.3102261051E+00 
 2008  6846    8  0.6783000000E-01  0.4342640853E+00 
 2008  6852    8  0.2769125000E-01  0.3637384676E+00 
 2008  6858    8  -0.1367992500E+00  0.1286757423E+00 
 2008  6864    8  -0.8690500000E-01  0.1936508304E+00 
 2008  6870    8  -0.2237525000E+00  0.2868506838E+00 
 2008  6876    8  -0.2572525000E+00  0.1271714858E+00 
 2008  6882    8  -0.5377500000E+00  0.5184033179E-01 
 2008  6888    8  -0.3579287500E+00  0.1912685521E+00 
 2008  6894    8  -0.3611425000E+00  0.3929077171E+00 
 2008  6900    8  -0.4631037500E+00  0.3365080235E+00 
 2008  6906    8  -0.5644375000E+00  0.2166316224E+00 
 2008  6912    8  -0.4317337500E+00  0.3609012468E+00 
 2008  6918    8  -0.3152750000E+00  0.4811033302E+00 
 2008  6924    8  -0.2765592500E+00  0.4615761272E+00 
 2008  6930    8  -0.5418625000E+00  0.2882649863E+00 
 2008  6936    8  -0.3780075000E+00  0.3963744294E+00 
 2008  6942    8  -0.1827862500E+00  0.4438346705E+00 
 2008  6948    8  -0.1713175000E+00  0.3369242824E+00 
 2008  6954    8  -0.3944625000E+00  0.1687796043E+00 
 2008  6960    8  -0.4560000000E+00  0.1521726322E+00 
 2008  6966    8  -0.3796750000E+00  0.2882494048E+00 
 2008  6972    8  -0.5395500000E+00  0.1785698673E+00 
 2008  6978    8  -0.6066000000E+00  0.1119605957E+00 
 2008  6984    8  -0.5375125000E+00  0.9741822773E-01 
 2008  6990    8  -0.5973500000E+00  0.2448283021E+00 
 2008  6996    8  -0.2998312500E+00  0.1860199250E+00 
 2008  7002    8  -0.4156500000E+00  0.1418342519E+00 
 2008  7008    8  -0.2791112500E+00  0.1650971408E+00 
 2008  7014    8  -0.1712812500E+00  0.2608660138E+00 
 2008  7020    8  -0.2210287500E+00  0.2000422811E+00 
 2008  7026    8  -0.4874875000E+00  0.9373455123E-01 
 2008  7032    8  -0.3564625000E+00  0.1278530302E+00 
 2008  7038    8  -0.5088125000E+00  0.2401662416E+00 
 2008  7044    8  -0.4475125000E+00  0.1101411644E+00 
 2008  7050    8  -0.6832250000E+00  0.1080962505E+00 
 2008  7056    8  -0.6460000000E+00  0.1622843569E+00 
 2008  7062    8  -0.8090875000E+00  0.3096460780E+00 
 2008  7068    8  -0.6964875000E+00  0.1924200382E+00 
 2008  7074    8  -0.1217500000E+01  0.1245973515E+00 
 2008  7080    8  -0.1083037500E+01  0.1396951318E+00 
 2008  7086    8  -0.7054125000E+00  0.2403795875E+00 
 2008  7092    8  -0.4582250000E+00  0.2298438696E+00 
 2008  7098    8  -0.7798250000E+00  0.8423429750E-01 
 2008  7104    8  -0.4986500000E+00  0.1040903934E+00 
 2008  7110    8  -0.4370025000E+00  0.2774711040E+00 
 2008  7116    8  -0.2948737500E+00  0.1877754539E+00 
 2008  7122    8  -0.4488625000E+00  0.7929980986E-01 
 2008  7128    8  -0.4260625000E+00  0.1493995142E+00 
 2008  7134    8  -0.6022750000E+00  0.2602189018E+00 
 2008  7140    8  -0.2645062500E+00  0.4204858235E+00 
 2008  7146    8  -0.4362375000E+00  0.1771579235E+00 
 2008  7152    8  -0.3672600000E+00  0.3698450666E+00 
 2008  7158    8  -0.4207300000E+00  0.4650395782E+00 
 2008  7164    8  -0.2953525000E+00  0.5022576871E+00 
 2008  7170    8  -0.4714625000E+00  0.3473035954E+00 
 2008  7176    8  -0.5206625000E+00  0.3122224565E+00 
 2008  7182    8  -0.9242875000E+00  0.3084083917E+00 
 2008  7188    8  -0.9881375000E+00  0.3282473036E+00 
 2008  7194    8  -0.1202050000E+01  0.1326332066E+00 
 2008  7200    8  -0.1673375000E+01  0.2630893087E+00 
 2008  7206    8  -0.2809125000E+01  0.5769610987E+00 
 2008  7212    8  -0.2082125000E+01  0.7169932771E+00 
 2008  7218    8  -0.5714125000E+00  0.7975503805E-01 
 2008  7224    8  -0.1295700000E+00  0.4380449170E+00 
 2008  7230    8  -0.5389750000E-01  0.5292931013E+00 
 2008  7236    8  -0.1231112500E+00  0.4071953436E+00 
 2008  7242    8  -0.2797950000E+00  0.3022239926E+00 
 2008  7248    8  -0.1571675000E+00  0.2832242652E+00 
 2008  7254    8  -0.4225537500E+00  0.3643829095E+00 
 2008  7260    8  -0.5661625000E+00  0.3280225104E+00 
 2008  7266    8  -0.7413750000E+00  0.1577456239E+00 
 2008  7272    8  -0.5460275000E+00  0.3720552093E+00 
 2008  7278    8  -0.5441125000E+00  0.4388178535E+00 
 2008  7284    8  -0.4380562500E+00  0.3482362101E+00 
 2008  7290    8  -0.6747000000E+00  0.2151691253E+00 
 2008  7296    8  -0.3788825000E+00  0.3866000694E+00 
 2008  7302    8  -0.3484662500E+00  0.4203788800E+00 
 2008  7308    8  -0.4068675000E+00  0.2773457569E+00 
 2008  7314    8  -0.6089125000E+00  0.8656735004E-01 
 2008  7320    8  -0.5597250000E+00  0.2031609322E+00 
 2008  7326    8  -0.6443375000E+00  0.2751700017E+00 
 2008  7332    8  -0.5277750000E+00  0.1527122273E+00 
 2008  7338    8  -0.5388625000E+00  0.6083522700E-01 
 2008  7344    8  -0.4019375000E+00  0.1658483414E+00 
 2008  7350    8  -0.4630500000E+00  0.1323453815E+00 
 2008  7356    8  -0.3607125000E+00  0.9792474710E-01 
 2008  7362    8  -0.4514000000E+00  0.9527666293E-01 
 2008  7368    8  -0.2301112500E+00  0.2510889911E+00 
 2008  7374    8  -0.1961625000E+00  0.4211094363E+00 
 2008  7380    8  -0.1106062500E+00  0.4209455403E+00 
 2008  7386    8  -0.4507812500E+00  0.2933200427E+00 
 2008  7392    8  -0.4506850000E+00  0.3327309881E+00 
 2008  7398    8  -0.4509375000E+00  0.4732071939E+00 
 2008  7404    8  -0.2225912500E+00  0.4026947355E+00 
 2008  7410    8  -0.2707538750E+00  0.2475316519E+00 
 2008  7416    8  -0.1144412500E+00  0.2965827670E+00 
 2008  7422    8  0.4108500000E-01  0.3238553343E+00 
 2008  7428    8  0.1592575000E+00  0.2752267640E+00 
 2008  7434    8  -0.5172125000E-01  0.1839127290E+00 
 2008  7440    8  0.7535112500E-01  0.2554032389E+00 
 2008  7446    8  0.1180662500E+00  0.3382201102E+00 
 2008  7452    8  0.1058525000E+00  0.3189123077E+00 
 2008  7458    8  -0.7594125000E-01  0.3040991054E+00 
 2008  7464    8  -0.1490300000E+00  0.3234168741E+00 
 2008  7470    8  -0.2813450000E+00  0.4646917065E+00 
 2008  7476    8  -0.4683750000E-01  0.4165541440E+00 
 2008  7482    8  -0.1385500000E+00  0.3670743685E+00 
 2008  7488    8  -0.1999612500E+00  0.4341197732E+00 
 2008  7494    8  -0.2533112500E+00  0.5182375741E+00 
 2008  7500    8  -0.1624100000E+00  0.4083996288E+00 
 2008  7506    8  -0.3172175000E+00  0.2901932858E+00 
 2008  7512    8  -0.3217087500E+00  0.3052248876E+00 
 2008  7518    8  -0.8752625000E-01  0.3730030606E+00 
 2008  7524    8  -0.1203001250E+00  0.3619990532E+00 
 2008  7530    8  -0.3030837500E+00  0.2690008315E+00 
 2008  7536    8  -0.3812048750E+00  0.4052627542E+00 
 2008  7542    8  -0.3351875000E+00  0.5698983230E+00 
 2008  7548    8  -0.4623675000E+00  0.4889157876E+00 
 2008  7554    8  -0.5881327500E+00  0.3427707534E+00 
 2008  7560    8  -0.4441375000E+00  0.4742443567E+00 
 2008  7566    8  -0.5076700000E+00  0.5595888426E+00 
 2008  7572    8  -0.5537830000E+00  0.5131616958E+00 
 2008  7578    8  -0.5643862500E+00  0.3077499587E+00 
 2008  7584    8  -0.5993115000E+00  0.4927874236E+00 
 2008  7590    8  -0.4565625000E+00  0.5713722012E+00 
 2008  7596    8  -0.2785250000E+00  0.4743794045E+00 
 2008  7602    8  -0.6143987500E+00  0.3509265550E+00 
 2008  7608    8  -0.5921250000E+00  0.4561047728E+00 
 2008  7614    8  -0.5187762500E+00  0.4550221596E+00 
 2008  7620    8  -0.3263137500E+00  0.4755419078E+00 
 2008  7626    8  -0.2029812500E+00  0.3244170040E+00 
 2008  7632    8  -0.3062000000E-01  0.4036134174E+00 
 2008  7638    8  -0.2385000000E+00  0.5057546515E+00 
 2008  7644    8  -0.2366062500E+00  0.4187930021E+00 
 2008  7650    8  -0.4157425000E+00  0.3149110496E+00 
 2008  7656    8  -0.2511800000E+00  0.3734387939E+00 
 2008  7662    8  -0.3379875000E+00  0.4534274623E+00 
 2008  7668    8  -0.2424625000E+00  0.4407997503E+00 
 2008  7674    8  -0.3785900000E+00  0.3352426907E+00 
 2008  7680    8  -0.4263462500E+00  0.3548027811E+00 
 2008  7686    8  -0.4168601250E+00  0.3956952124E+00 
 2008  7692    8  -0.1884362500E+00  0.3449216903E+00 
 2008  7698    8  -0.1473262500E+00  0.2627300579E+00 
 2008  7704    8  -0.1918050000E+00  0.3166732909E+00 
 2008  7710    8  -0.2641537500E+00  0.3550073203E+00 
 2008  7716    8  -0.8284625000E-01  0.1931207982E+00 
 2008  7722    8  -0.3929875000E+00  0.1646565018E+00 
 2008  7728    8  -0.3433435000E+00  0.2616297076E+00 
 2008  7734    8  -0.2927312500E+00  0.3479446085E+00 
 2008  7740    8  -0.1480675000E+00  0.3341218555E+00 
 2008  7746    8  -0.3468600000E+00  0.3139227671E+00 
 2008  7752    8  -0.1910750000E+00  0.3849023894E+00 
 2008  7758    8  -0.1802412500E+00  0.5669645780E+00 
 2008  7764    8  0.4253837500E-01  0.5462931038E+00 
 2008  7770    8  -0.3831387500E-01  0.5213292273E+00 
 2008  7776    8  0.2021000000E+00  0.6387784749E+00 
 2008  7782    8  0.3279125000E+00  0.8291261189E+00 
 2008  7788    8  0.3606250000E+00  0.6513131462E+00 
 2008  7794    8  0.7323300000E-01  0.5512719768E+00 
 2008  7800    8  0.1241637500E+00  0.6753508815E+00 
 2008  7806    8  0.3654750000E+00  0.8134075881E+00 
 2008  7812    8  0.4980375000E+00  0.7340156894E+00 
 2008  7818    8  0.3315150000E+00  0.5944115271E+00 
 2008  7824    8  0.3758375000E+00  0.6087159455E+00 
 2008  7830    8  0.6080787500E+00  0.7646765942E+00 
 2008  7836    8  0.8373625000E+00  0.7804883598E+00 
 2008  7842    8  0.5885987500E+00  0.6813160084E+00 
 2008  7848    8  0.7030375000E+00  0.8503145932E+00 
 2008  7854    8  0.4579000000E+00  0.9327965976E+00 
 2008  7860    8  0.3567600000E+00  0.7304303568E+00 
 2008  7866    8  -0.1314600000E+00  0.5605804176E+00 
 2008  7872    8  -0.1406875000E+00  0.5684315888E+00 
 2008  7878    8  -0.4480750000E-01  0.6889663844E+00 
 2008  7884    8  -0.2788237500E+00  0.6372982761E+00 
 2008  7890    8  -0.4028715000E+00  0.5036331686E+00 
 2008  7896    8  -0.7700375000E-01  0.6202336184E+00 
 2008  7902    8  -0.7161875000E-01  0.9023824833E+00 
 2008  7908    8  -0.1589062500E+00  0.7234120508E+00 
 2008  7914    8  -0.3375762500E+00  0.6592440471E+00 
 2008  7920    8  -0.2967250000E+00  0.7324581997E+00 
 2008  7926    8  -0.8817750000E-01  0.7892874961E+00 
 2008  7932    8  0.1392875000E+00  0.7038117086E+00 
 2008  7938    8  0.1129412500E+00  0.6198037546E+00 
 2008  7944    8  0.6562750000E+00  0.6885412601E+00 
 2008  7950    8  0.5355087500E+00  0.7854169882E+00 
 2008  7956    8  0.7763000000E+00  0.7664701625E+00 
 2008  7962    8  0.5208500000E+00  0.5646414238E+00 
 2008  7968    8  0.4188900000E+00  0.6539288548E+00 
 2008  7974    8  0.4318625000E+00  0.9382579922E+00 
 2008  7980    8  0.6253375000E+00  0.8855136559E+00 
 2008  7986    8  -0.5255000000E-02  0.7220963496E+00 
 2008  7992    8  -0.1612250000E-01  0.8116677270E+00 
 2008  7998    8  0.4312500000E-01  0.9304188019E+00 
 2008  8004    8  0.1198375000E+00  0.8459382290E+00 
 2008  8010    8  -0.4933000000E-01  0.7749095862E+00 
 2008  8016    8  0.2168125000E+00  0.8202979816E+00 
 2008  8022    8  0.2366125000E+00  0.9588191858E+00 
 2008  8028    8  0.3176612500E+00  0.8199095558E+00 
 2008  8034    8  0.4317500000E-01  0.6646406938E+00 
 2008  8040    8  0.9942000000E-01  0.7419849057E+00 
 2008  8046    8  0.8873750000E-01  0.9488335786E+00 
 2008  8052    8  0.2464725000E+00  0.7320884378E+00 
 2008  8058    8  -0.4018375000E-01  0.5885054440E+00 
 2008  8064    8  0.1193268750E+00  0.6361226969E+00 
 2008  8070    8  -0.6057000000E-01  0.6421569515E+00 
 2008  8076    8  0.9901662500E-01  0.5914578830E+00 
 2008  8082    8  -0.2651600000E+00  0.3583098203E+00 
 2008  8088    8  -0.1853075000E+00  0.4651461839E+00 
 2008  8094    8  -0.1791250000E+00  0.5686578623E+00 
 2008  8100    8  -0.1007362500E+00  0.4526119538E+00 
 2008  8106    8  -0.5685537500E+00  0.3267498898E+00 
 2008  8112    8  -0.6455612500E+00  0.4120094140E+00 
 2008  8118    8  -0.5758075000E+00  0.5271277349E+00 
 2008  8124    8  -0.4752937500E+00  0.4085048810E+00 
 2008  8130    8  -0.6361637500E+00  0.4314324608E+00 
 2008  8136    8  -0.4279762500E+00  0.6380489522E+00 
 2008  8142    8  -0.2730687500E+00  0.8746813728E+00 
 2008  8148    8  -0.7434875000E-01  0.8236704053E+00 
 2008  8154    8  -0.3981875000E+00  0.7650099451E+00 
 2008  8160    8  -0.2765125000E+00  0.8265610646E+00 
 2008  8166    8  -0.1531062500E+00  0.9407259818E+00 
 2008  8172    8  0.1228000000E-01  0.7966538032E+00 
 2008  8178    8  -0.1184375000E+00  0.6052766494E+00 
 2008  8184    8  0.8806625000E-01  0.6741499000E+00 
 2008  8190    8  0.3691625000E+00  0.7863863506E+00 
 2008  8196    8  0.6032750000E+00  0.7033739310E+00 
 2008  8202    8  0.3248112500E+00  0.5756681137E+00 
 2008  8208    8  0.5756250000E+00  0.7266940669E+00 
 2008  8214    8  0.1037200000E+01  0.9399802591E+00 
 2008  8220    8  0.1250193750E+01  0.8475564944E+00 
 2008  8226    8  0.9670187500E+00  0.7419488097E+00 
 2008  8232    8  0.7116000000E+00  0.7046759042E+00 
 2008  8238    8  0.7570750000E+00  0.8521757136E+00 
 2008  8244    8  0.7533875000E+00  0.7336505817E+00 
 2008  8250    8  0.2686162500E+00  0.5761492093E+00 
 2008  8256    8  0.7578687500E-01  0.5908917146E+00 
 2008  8262    8  -0.5897500000E-02  0.6873396722E+00 
 2008  8268    8  -0.2533500000E-01  0.6409283222E+00 
 2008  8274    8  -0.1900750000E+00  0.5575162772E+00 
 2008  8280    8  -0.4850151250E-01  0.6459336955E+00 
 2008  8286    8  0.1328750000E+00  0.7656618946E+00 
 2008  8292    8  0.4226250000E+00  0.7413796476E+00 
 2008  8298    8  0.2187500000E-02  0.5240716827E+00 
 2008  8304    8  -0.1317250000E+00  0.5907747493E+00 
 2008  8310    8  0.7554000000E-01  0.6226839330E+00 
 2008  8316    8  0.4200375000E+00  0.6738979688E+00 
 2008  8322    8  0.4326875000E-01  0.4891213659E+00 
 2008  8328    8  0.1445187500E+00  0.5812788593E+00 
 2008  8334    8  0.2680550000E+00  0.7361633760E+00 
 2008  8340    8  0.6110000000E+00  0.8456116278E+00 
 2008  8346    8  0.4876000000E+00  0.7436981713E+00 
 2008  8352    8  0.5451000000E+00  0.8172541006E+00 
 2008  8358    8  0.5929750000E+00  0.8919310858E+00 
 2008  8364    8  0.7260000000E+00  0.8117539544E+00 
 2008  8370    8  0.5081750000E+00  0.6355700881E+00 
 2008  8376    8  0.5280750000E+00  0.6826419939E+00 
 2008  8382    8  0.5058875000E+00  0.8298689497E+00 
 2008  8388    8  0.8298625000E+00  0.7610582007E+00 
 2008  8394    8  0.4506375000E+00  0.6495821213E+00 
 2008  8400    8  0.5880750000E+00  0.6452944827E+00 
 2008  8406    8  0.7035375000E+00  0.7760824085E+00 
 2008  8412    8  0.1058937500E+01  0.6890992543E+00 
 2008  8418    8  0.7192012500E+00  0.6128928416E+00 
 2008  8424    8  0.8451037500E+00  0.6611122422E+00 
 2008  8430    8  0.7706500000E+00  0.9058929435E+00 
 2008  8436    8  0.9822250000E+00  0.8491704286E+00 
 2008  8442    8  0.8273250000E+00  0.7731887896E+00 
 2008  8448    8  0.4705250000E+00  0.7826445006E+00 
 2008  8454    8  0.3182000000E+00  0.8573910310E+00 
 2008  8460    8  0.5443375000E+00  0.7872058624E+00 
 2008  8466    8  -0.5122500000E-01  0.6763834034E+00 
 2008  8472    8  0.1301574625E+00  0.7576244797E+00 
 2008  8478    8  0.2155375000E+00  0.7917476570E+00 
 2008  8484    8  0.1627762500E+00  0.7221712065E+00 
 2008  8490    8  -0.1819875000E+00  0.5861897761E+00 
 2008  8496    8  0.2832500000E-02  0.6435488586E+00 
 2008  8502    8  0.4787875000E-01  0.7513002462E+00 
 2008  8508    8  0.3138250000E+00  0.6841882850E+00 
 2008  8514    8  0.6781250000E-01  0.5158878135E+00 
 2008  8520    8  -0.1737750000E+00  0.5616461336E+00 
 2008  8526    8  -0.1912125000E+00  0.5687672249E+00 
 2008  8532    8  0.4527000000E-01  0.5397140565E+00 
 2008  8538    8  -0.4390375000E-01  0.4501988054E+00 
 2008  8544    8  0.1460500000E+00  0.5379110033E+00 
 2008  8550    8  0.1852625000E+00  0.6125673064E+00 
 2008  8556    8  0.6357000000E+00  0.7094590985E+00 
 2008  8562    8  0.5860625000E+00  0.6232685395E+00 
 2008  8568    8  0.8538987500E+00  0.6846669031E+00 
 2008  8574    8  0.6966375000E+00  0.7514461057E+00 
 2008  8580    8  0.5761000000E+00  0.7976246172E+00 
 2008  8586    8  0.1879375000E+00  0.6270511760E+00 
 2008  8592    8  0.1546500750E+00  0.6518554358E+00 
 2008  8598    8  0.1897750000E+00  0.7977998273E+00 
 2008  8604    8  0.4304250000E+00  0.7664137423E+00 
 2008  8610    8  0.2229250000E+00  0.6211659153E+00 
 2008  8616    8  0.3713250000E+00  0.7132167846E+00 
 2008  8622    8  0.5617850000E+00  0.7716365661E+00 
 2008  8628    8  0.3764625000E+00  0.6801639525E+00 
 2008  8634    8  -0.4934875000E-01  0.4502272331E+00 
 2008  8640    8  0.3299375000E+00  0.5630526906E+00 
 2008  8646    8  0.3593350000E-01  0.7072025049E+00 
 2008  8652    8  0.1283625000E-01  0.6373008164E+00 
 2008  8658    8  -0.8165500000E-01  0.4245963073E+00 
 2008  8664    8  0.1675462500E+00  0.5141378667E+00 
 2008  8670    8  0.1816412500E+00  0.5642084649E+00 
 2008  8676    8  0.6027312500E+00  0.5607037770E+00 
 2008  8682    8  0.1724100000E+00  0.5027597163E+00 
 2008  8688    8  0.3891500000E+00  0.6311401766E+00 
 2008  8694    8  0.5869375000E+00  0.6234593811E+00 
 2008  8700    8  0.6904475000E+00  0.5747807224E+00 
 2008  8706    8  0.3654750000E+00  0.4521179236E+00 
 2008  8712    8  0.6408100000E+00  0.5411322969E+00 
 2008  8718    8  0.5214375000E+00  0.6388224341E+00 
 2008  8724    8  0.5922750000E+00  0.6304140123E+00 
 2008  8730    8  0.3789875000E+00  0.4933561352E+00 
 2008  8736    8  0.6465875000E+00  0.6513898668E+00 
 2008  8742    8  0.6667000000E+00  0.7830533730E+00 
 2008  8748    8  0.7867625000E+00  0.7493305378E+00 
 2008  8754    8  0.3528125000E+00  0.6501910170E+00 
 2008  8760    8  0.4007625000E+00  0.6205129067E+00 
 2008  8766    8  0.5259875000E+00  0.7110129454E+00 
 2008  8772    8  0.7510662500E+00  0.6515707705E+00 
 2008  8778    8  0.4543500000E+00  0.5655543232E+00 
 2008  8784    8  0.4717125000E+00  0.6310813546E+00 
