 2008  0006    8  -0.7534500000E+01  0.2742158867E+01 
 2008  0012    8  -0.7388125000E+01  0.2615292930E+01 
 2008  0018    8  -0.7093750000E+01  0.2538070909E+01 
 2008  0024    8  -0.6848125000E+01  0.2542936955E+01 
 2008  0030    8  -0.6492125000E+01  0.2397360290E+01 
 2008  0036    8  -0.6144750000E+01  0.2279460778E+01 
 2008  0042    8  -0.5715625000E+01  0.2136397197E+01 
 2008  0048    8  -0.5313750000E+01  0.1983284634E+01 
 2008  0054    8  -0.4512625000E+01  0.1779762129E+01 
 2008  0060    8  -0.4230750000E+01  0.1888419164E+01 
 2008  0066    8  -0.4283112500E+01  0.2161620125E+01 
 2008  0072    8  -0.4406700000E+01  0.2317211477E+01 
 2008  0078    8  -0.4071725000E+01  0.2605781434E+01 
 2008  0084    8  -0.4067562500E+01  0.2923763162E+01 
 2008  0090    8  -0.3968175000E+01  0.2991736522E+01 
 2008  0096    8  -0.4146212500E+01  0.3090187359E+01 
 2008  0102    8  -0.4769425000E+01  0.3225666848E+01 
 2008  0108    8  -0.4595437500E+01  0.3299246329E+01 
 2008  0114    8  -0.4270962500E+01  0.3284087379E+01 
 2008  0120    8  -0.4408862500E+01  0.3279263120E+01 
 2008  0126    8  -0.4251262500E+01  0.3097075061E+01 
 2008  0132    8  -0.4680700000E+01  0.2955954665E+01 
 2008  0138    8  -0.4881225000E+01  0.2665836061E+01 
 2008  0144    8  -0.4595950000E+01  0.2326689519E+01 
 2008  0150    8  -0.3966262500E+01  0.1896444010E+01 
 2008  0156    8  -0.3355100000E+01  0.1802081427E+01 
 2008  0162    8  -0.2808900000E+01  0.1684894786E+01 
 2008  0168    8  -0.3314887500E+01  0.1891061954E+01 
 2008  0174    8  -0.4058900000E+01  0.2124666496E+01 
 2008  0180    8  -0.4495762500E+01  0.2243709115E+01 
 2008  0186    8  -0.4287400000E+01  0.2254133984E+01 
 2008  0192    8  -0.4419487500E+01  0.2414646173E+01 
 2008  0198    8  -0.4660593750E+01  0.2622283958E+01 
 2008  0204    8  -0.4894344750E+01  0.2764465655E+01 
 2008  0210    8  -0.5555012500E+01  0.2875866470E+01 
 2008  0216    8  -0.6322050000E+01  0.3138859031E+01 
 2008  0222    8  -0.6706987500E+01  0.3235192251E+01 
 2008  0228    8  -0.7222125000E+01  0.3290993104E+01 
 2008  0234    8  -0.7452000000E+01  0.3268992429E+01 
 2008  0240    8  -0.7166250000E+01  0.3200799890E+01 
 2008  0246    8  -0.6534375000E+01  0.3074894264E+01 
 2008  0252    8  -0.6051612500E+01  0.2949807218E+01 
 2008  0258    8  -0.6043500000E+01  0.2965591383E+01 
 2008  0264    8  -0.6299125000E+01  0.2981742713E+01 
 2008  0270    8  -0.6603375000E+01  0.2919633493E+01 
 2008  0276    8  -0.6911500000E+01  0.2909706514E+01 
 2008  0282    8  -0.6912625000E+01  0.2826134327E+01 
 2008  0288    8  -0.6412375000E+01  0.2664632617E+01 
 2008  0294    8  -0.5931875000E+01  0.2520418638E+01 
 2008  0300    8  -0.5440500000E+01  0.2441478497E+01 
 2008  0306    8  -0.4926537500E+01  0.2392931089E+01 
 2008  0312    8  -0.4671375000E+01  0.2386439290E+01 
 2008  0318    8  -0.4388725000E+01  0.2326129764E+01 
 2008  0324    8  -0.4185887500E+01  0.2355093308E+01 
 2008  0330    8  -0.4167523750E+01  0.2406773167E+01 
 2008  0336    8  -0.4211650000E+01  0.2367009444E+01 
 2008  0342    8  -0.4449512500E+01  0.2313288469E+01 
 2008  0348    8  -0.4716512500E+01  0.2429724565E+01 
 2008  0354    8  -0.4998925000E+01  0.2479511381E+01 
 2008  0360    8  -0.4995850000E+01  0.2546885178E+01 
 2008  0366    8  -0.5097675000E+01  0.2541327840E+01 
 2008  0372    8  -0.4941587500E+01  0.2530307223E+01 
 2008  0378    8  -0.5239875000E+01  0.2436813105E+01 
 2008  0384    8  -0.5646750000E+01  0.2488719889E+01 
 2008  0390    8  -0.5957125000E+01  0.2417392264E+01 
 2008  0396    8  -0.5688875000E+01  0.2296738200E+01 
 2008  0402    8  -0.5362250000E+01  0.2240115664E+01 
 2008  0408    8  -0.4796125000E+01  0.2263295520E+01 
 2008  0414    8  -0.4488675000E+01  0.2264242421E+01 
 2008  0420    8  -0.4286937500E+01  0.2218420418E+01 
 2008  0426    8  -0.4518362500E+01  0.2255310548E+01 
 2008  0432    8  -0.4738687500E+01  0.2350696239E+01 
 2008  0438    8  -0.5075262500E+01  0.2519058933E+01 
 2008  0444    8  -0.5269762500E+01  0.2600373213E+01 
 2008  0450    8  -0.5512925000E+01  0.2728360000E+01 
 2008  0456    8  -0.5593500000E+01  0.2719950229E+01 
 2008  0462    8  -0.6120500000E+01  0.2601777565E+01 
 2008  0468    8  -0.6321125000E+01  0.2434514861E+01 
 2008  0474    8  -0.6276750000E+01  0.2433385335E+01 
 2008  0480    8  -0.5719375000E+01  0.2423746116E+01 
 2008  0486    8  -0.5444875000E+01  0.2283510151E+01 
 2008  0492    8  -0.5411625000E+01  0.2060693872E+01 
 2008  0498    8  -0.5555375000E+01  0.1908951279E+01 
 2008  0504    8  -0.5621500000E+01  0.1873028497E+01 
 2008  0510    8  -0.5211375000E+01  0.1751409928E+01 
 2008  0516    8  -0.4822250000E+01  0.1528862302E+01 
 2008  0522    8  -0.5159625000E+01  0.1336957080E+01 
 2008  0528    8  -0.4972375000E+01  0.1252502688E+01 
 2008  0534    8  -0.3824375000E+01  0.1185491874E+01 
 2008  0540    8  -0.2509250000E+01  0.1231931994E+01 
 2008  0546    8  -0.7240625000E+00  0.1371097127E+01 
 2008  0552    8  0.3297625000E+00  0.1596386895E+01 
 2008  0558    8  -0.4335375000E-01  0.1807899259E+01 
 2008  0564    8  -0.1694350000E+01  0.2213887352E+01 
 2008  0570    8  -0.3766962500E+01  0.2774513639E+01 
 2008  0576    8  -0.5567475000E+01  0.3151092593E+01 
 2008  0582    8  -0.6780425000E+01  0.3279067896E+01 
 2008  0588    8  -0.7388000000E+01  0.3210454251E+01 
 2008  0594    8  -0.7932375000E+01  0.3260017175E+01 
 2008  0600    8  -0.8207500000E+01  0.3379160695E+01 
 2008  0606    8  -0.8626250000E+01  0.3520433594E+01 
 2008  0612    8  -0.8759500000E+01  0.3381603022E+01 
 2008  0618    8  -0.9046625000E+01  0.3171956019E+01 
 2008  0624    8  -0.8561000000E+01  0.2901561864E+01 
 2008  0630    8  -0.8319000000E+01  0.2427158524E+01 
 2008  0636    8  -0.8444250000E+01  0.1759764029E+01 
 2008  0642    8  -0.7063625000E+01  0.1517382857E+01 
 2008  0648    8  -0.4906500000E+01  0.1065876048E+01 
 2008  0654    8  -0.3438625000E+01  0.9160197784E+00 
 2008  0660    8  -0.2088875000E+01  0.9952132231E+00 
 2008  0666    8  -0.2075162500E+01  0.1368979558E+01 
 2008  0672    8  -0.4123150000E+01  0.2282037819E+01 
 2008  0678    8  -0.7041250000E+01  0.3026404127E+01 
 2008  0684    8  -0.8942750000E+01  0.3479027405E+01 
 2008  0690    8  -0.9692000000E+01  0.3564026234E+01 
 2008  0696    8  -0.8418750000E+01  0.3231743444E+01 
 2008  0702    8  -0.7292125000E+01  0.2945518606E+01 
 2008  0708    8  -0.5929000000E+01  0.2785297291E+01 
 2008  0714    8  -0.5252250000E+01  0.2651750825E+01 
 2008  0720    8  -0.5328550000E+01  0.2637874337E+01 
 2008  0726    8  -0.5901875000E+01  0.2606848406E+01 
 2008  0732    8  -0.6208500000E+01  0.2452591130E+01 
 2008  0738    8  -0.6144375000E+01  0.2383879346E+01 
 2008  0744    8  -0.6093125000E+01  0.2450042267E+01 
 2008  0750    8  -0.5223000000E+01  0.2346023977E+01 
 2008  0756    8  -0.4322212500E+01  0.2316563191E+01 
 2008  0762    8  -0.3517500000E+01  0.2067733689E+01 
 2008  0768    8  -0.2868387500E+01  0.1717833469E+01 
 2008  0774    8  -0.2499523750E+01  0.1718122440E+01 
 2008  0780    8  -0.2651965000E+01  0.1754813409E+01 
 2008  0786    8  -0.2502406750E+01  0.1629577918E+01 
 2008  0792    8  -0.2471037500E+01  0.1510280005E+01 
 2008  0798    8  -0.2218850000E+01  0.1556034625E+01 
 2008  0804    8  -0.1810450000E+01  0.1605755599E+01 
 2008  0810    8  -0.1600650000E+01  0.1697673976E+01 
 2008  0816    8  -0.1675712500E+01  0.1949982353E+01 
 2008  0822    8  -0.2607100000E+01  0.2196139470E+01 
 2008  0828    8  -0.3957875000E+01  0.2490448915E+01 
 2008  0834    8  -0.5276425000E+01  0.2671525419E+01 
 2008  0840    8  -0.6443125000E+01  0.2775152313E+01 
 2008  0846    8  -0.6936750000E+01  0.2778953209E+01 
 2008  0852    8  -0.6786750000E+01  0.2685739412E+01 
 2008  0858    8  -0.6480500000E+01  0.2570144062E+01 
 2008  0864    8  -0.5804875000E+01  0.2466983808E+01 
 2008  0870    8  -0.5442750000E+01  0.2349533823E+01 
 2008  0876    8  -0.4921625000E+01  0.2317477073E+01 
 2008  0882    8  -0.4763525000E+01  0.2309784314E+01 
 2008  0888    8  -0.4991000000E+01  0.2253084830E+01 
 2008  0894    8  -0.5263125000E+01  0.2189056671E+01 
 2008  0900    8  -0.5543875000E+01  0.2136182192E+01 
 2008  0906    8  -0.5643500000E+01  0.2211191477E+01 
 2008  0912    8  -0.5819375000E+01  0.2347529602E+01 
 2008  0918    8  -0.6055750000E+01  0.2488712908E+01 
 2008  0924    8  -0.6304750000E+01  0.2793527195E+01 
 2008  0930    8  -0.7071000000E+01  0.3117417401E+01 
 2008  0936    8  -0.8025250000E+01  0.3364264881E+01 
 2008  0942    8  -0.8915875000E+01  0.3642473110E+01 
 2008  0948    8  -0.9727250000E+01  0.3843392536E+01 
 2008  0954    8  -0.1016650000E+02  0.3966617923E+01 
 2008  0960    8  -0.1067012500E+02  0.4067075714E+01 
 2008  0966    8  -0.1093237500E+02  0.4116902110E+01 
 2008  0972    8  -0.1128650000E+02  0.4161205564E+01 
 2008  0978    8  -0.1176162500E+02  0.4317619771E+01 
 2008  0984    8  -0.1180262500E+02  0.4345334134E+01 
 2008  0990    8  -0.1189812500E+02  0.4345326352E+01 
 2008  0996    8  -0.1172550000E+02  0.4339674729E+01 
 2008  1002    8  -0.1134662500E+02  0.4337982738E+01 
 2008  1008    8  -0.1093687500E+02  0.4200274617E+01 
 2008  1014    8  -0.1067700000E+02  0.4125386861E+01 
 2008  1020    8  -0.1051387500E+02  0.3984768796E+01 
 2008  1026    8  -0.9674125000E+01  0.3903638861E+01 
 2008  1032    8  -0.9440000000E+01  0.3823718772E+01 
 2008  1038    8  -0.9855875000E+01  0.3819838427E+01 
 2008  1044    8  -0.9653875000E+01  0.3668662033E+01 
 2008  1050    8  -0.9632125000E+01  0.3633966168E+01 
 2008  1056    8  -0.9435250000E+01  0.3461907810E+01 
 2008  1062    8  -0.9268500000E+01  0.3332324489E+01 
 2008  1068    8  -0.9345250000E+01  0.3254572197E+01 
 2008  1074    8  -0.8739375000E+01  0.3116616031E+01 
 2008  1080    8  -0.7870125000E+01  0.2863520449E+01 
 2008  1086    8  -0.7269875000E+01  0.2656154289E+01 
 2008  1092    8  -0.6588250000E+01  0.2282252218E+01 
 2008  1098    8  -0.6273250000E+01  0.2110981747E+01 
 2008  1104    8  -0.5853750000E+01  0.2127117107E+01 
 2008  1110    8  -0.5256625000E+01  0.2198532405E+01 
 2008  1116    8  -0.5401125000E+01  0.2353382376E+01 
 2008  1122    8  -0.5339625000E+01  0.2496828786E+01 
 2008  1128    8  -0.6356500000E+01  0.2897731440E+01 
 2008  1134    8  -0.8138125000E+01  0.3574139947E+01 
 2008  1140    8  -0.9742500000E+01  0.4132808065E+01 
 2008  1146    8  -0.1148500000E+02  0.4695842736E+01 
 2008  1152    8  -0.1348512500E+02  0.4943979709E+01 
 2008  1158    8  -0.1512875000E+02  0.5082276034E+01 
 2008  1164    8  -0.1526000000E+02  0.4754580134E+01 
 2008  1170    8  -0.1381812500E+02  0.4176070295E+01 
 2008  1176    8  -0.1124475000E+02  0.3344602359E+01 
 2008  1182    8  -0.9306750000E+01  0.2754491911E+01 
 2008  1188    8  -0.7507500000E+01  0.2134376080E+01 
 2008  1194    8  -0.5567875000E+01  0.1688236094E+01 
 2008  1200    8  -0.3700000000E+01  0.1442642281E+01 
 2008  1206    8  -0.1451625000E+01  0.1427033665E+01 
 2008  1212    8  0.6056500000E+00  0.1293346026E+01 
 2008  1218    8  0.1856025000E+01  0.1213097937E+01 
 2008  1224    8  0.4574450000E+00  0.1383991122E+01 
 2008  1230    8  -0.1831362500E+01  0.1734047100E+01 
 2008  1236    8  -0.3451987500E+01  0.2157155975E+01 
 2008  1242    8  -0.4642675000E+01  0.2426093226E+01 
 2008  1248    8  -0.5322812500E+01  0.2537920753E+01 
 2008  1254    8  -0.5759625000E+01  0.2587215585E+01 
 2008  1260    8  -0.6030625000E+01  0.2704376496E+01 
 2008  1266    8  -0.5864250000E+01  0.2632742712E+01 
 2008  1272    8  -0.5760375000E+01  0.2475274325E+01 
 2008  1278    8  -0.5877375000E+01  0.2460728547E+01 
 2008  1284    8  -0.6008125000E+01  0.2293283478E+01 
 2008  1290    8  -0.6220125000E+01  0.2023303143E+01 
 2008  1296    8  -0.5639125000E+01  0.1908623813E+01 
 2008  1302    8  -0.4504462500E+01  0.2128824634E+01 
 2008  1308    8  -0.3158087500E+01  0.1963878812E+01 
 2008  1314    8  -0.2176125000E+01  0.1863980303E+01 
 2008  1320    8  -0.2039675000E+01  0.1940000513E+01 
 2008  1326    8  -0.2650612500E+01  0.2148003591E+01 
 2008  1332    8  -0.3477315000E+01  0.2133555394E+01 
 2008  1338    8  -0.4381350000E+01  0.2114815266E+01 
 2008  1344    8  -0.5080125000E+01  0.1967286230E+01 
 2008  1350    8  -0.5439250000E+01  0.1985602915E+01 
 2008  1356    8  -0.4687125000E+01  0.2037237372E+01 
 2008  1362    8  -0.3854625000E+01  0.2059051538E+01 
 2008  1368    8  -0.3531187500E+01  0.1991996619E+01 
 2008  1374    8  -0.3768712500E+01  0.2020650750E+01 
 2008  1380    8  -0.4254750000E+01  0.1918548198E+01 
 2008  1386    8  -0.4493500000E+01  0.1802661643E+01 
 2008  1392    8  -0.4636375000E+01  0.1695787571E+01 
 2008  1398    8  -0.4244750000E+01  0.1502042339E+01 
 2008  1404    8  -0.3163875000E+01  0.1339052411E+01 
 2008  1410    8  -0.2079012500E+01  0.1308505056E+01 
 2008  1416    8  -0.8439250000E+00  0.1201192355E+01 
 2008  1422    8  -0.4183375000E+00  0.1253583169E+01 
 2008  1428    8  -0.7747375000E+00  0.1396202353E+01 
 2008  1434    8  -0.1010246250E+01  0.1454932513E+01 
 2008  1440    8  -0.1858665000E+01  0.1546977685E+01 
 2008  1446    8  -0.2926000000E+01  0.1645324467E+01 
 2008  1452    8  -0.4072625000E+01  0.1689072004E+01 
 2008  1458    8  -0.5248000000E+01  0.1477167560E+01 
 2008  1464    8  -0.5711125000E+01  0.1062310152E+01 
 2008  1470    8  -0.5139625000E+01  0.8017058278E+00 
 2008  1476    8  -0.3195625000E+01  0.8211557309E+00 
 2008  1482    8  -0.1281266250E+01  0.9708976112E+00 
 2008  1488    8  0.1808500000E+00  0.1129009477E+01 
 2008  1494    8  -0.4268000000E+00  0.1044264652E+01 
 2008  1500    8  0.5049900000E+00  0.1018181624E+01 
 2008  1506    8  0.1486537500E+01  0.1149274319E+01 
 2008  1512    8  0.2419687500E+01  0.1056370287E+01 
 2008  1518    8  0.1290350000E+01  0.9805641221E+00 
 2008  1524    8  -0.3728062500E+00  0.1072738895E+01 
 2008  1530    8  -0.2018725000E+01  0.1058345184E+01 
 2008  1536    8  -0.2258875000E+01  0.1001656058E+01 
 2008  1542    8  -0.1026137500E+01  0.1075799927E+01 
 2008  1548    8  -0.3555625000E+00  0.1157273735E+01 
 2008  1554    8  -0.4486337500E+00  0.1121602682E+01 
 2008  1560    8  -0.1419275000E+00  0.1238103257E+01 
 2008  1566    8  -0.8539000000E+00  0.1571240984E+01 
 2008  1572    8  -0.1509587500E+01  0.1758074519E+01 
 2008  1578    8  -0.1132350000E+01  0.1918095387E+01 
 2008  1584    8  -0.1907012500E+01  0.2030415593E+01 
 2008  1590    8  -0.2993575000E+01  0.2126242055E+01 
 2008  1596    8  -0.3957725000E+01  0.2246285329E+01 
 2008  1602    8  -0.4641350000E+01  0.2276790967E+01 
 2008  1608    8  -0.4887000000E+01  0.2098948785E+01 
 2008  1614    8  -0.4490125000E+01  0.1733923761E+01 
 2008  1620    8  -0.3485000000E+01  0.1458826583E+01 
 2008  1626    8  -0.2103412500E+01  0.1247942641E+01 
 2008  1632    8  -0.1867825000E+01  0.1231070927E+01 
 2008  1638    8  -0.2219275000E+01  0.1205129901E+01 
 2008  1644    8  -0.2762500000E+01  0.1279885639E+01 
 2008  1650    8  -0.2694250000E+01  0.1277408974E+01 
 2008  1656    8  -0.2528000000E+01  0.1268684161E+01 
 2008  1662    8  -0.2175175000E+01  0.1146142602E+01 
 2008  1668    8  -0.1972137500E+01  0.1062287206E+01 
 2008  1674    8  -0.1602050000E+01  0.1126629854E+01 
 2008  1680    8  -0.1531350000E+01  0.1228818483E+01 
 2008  1686    8  -0.1432925000E+01  0.1226467544E+01 
 2008  1692    8  -0.1062800000E+01  0.1211543170E+01 
 2008  1698    8  -0.1243655000E+01  0.1194773853E+01 
 2008  1704    8  -0.2149250000E+01  0.1204762710E+01 
 2008  1710    8  -0.2350500000E+01  0.1247409716E+01 
 2008  1716    8  -0.1935125000E+01  0.1196360986E+01 
 2008  1722    8  -0.1583100000E+01  0.1197173773E+01 
 2008  1728    8  -0.1333535000E+01  0.1207400740E+01 
 2008  1734    8  -0.1466000000E+01  0.1220583370E+01 
 2008  1740    8  -0.1368137500E+01  0.1081617741E+01 
 2008  1746    8  -0.7886150000E+00  0.1064929585E+01 
 2008  1752    8  -0.1180625000E+00  0.1043125016E+01 
 2008  1758    8  -0.4395412500E+00  0.1026025394E+01 
 2008  1764    8  -0.3036250000E+00  0.9687927665E+00 
 2008  1770    8  0.1420875000E+00  0.1043872296E+01 
 2008  1776    8  0.7233200000E+00  0.9954544275E+00 
 2008  1782    8  0.7214562500E+00  0.9953880077E+00 
 2008  1788    8  -0.8237750000E-01  0.8846899661E+00 
 2008  1794    8  -0.1350362500E+01  0.8634127401E+00 
 2008  1800    8  -0.2215875000E+01  0.1228813435E+01 
 2008  1806    8  -0.2264100000E+01  0.1446075371E+01 
 2008  1812    8  -0.1279386250E+01  0.1282808821E+01 
 2008  1818    8  -0.1322917500E+01  0.1147474392E+01 
 2008  1824    8  -0.1977950000E+01  0.1102544610E+01 
 2008  1830    8  -0.2426000000E+01  0.1098310521E+01 
 2008  1836    8  -0.2698000000E+01  0.1013609886E+01 
 2008  1842    8  -0.2067250000E+01  0.9052415078E+00 
 2008  1848    8  -0.1290587500E+01  0.8885149864E+00 
 2008  1854    8  -0.5977462500E+00  0.9433889435E+00 
 2008  1860    8  -0.1764012500E+00  0.1009036890E+01 
 2008  1866    8  0.2831500000E+00  0.1072417325E+01 
 2008  1872    8  -0.4831750000E+00  0.1054587874E+01 
 2008  1878    8  -0.1125877500E+01  0.9741064461E+00 
 2008  1884    8  -0.4681550000E+00  0.1030703537E+01 
 2008  1890    8  0.4546125000E+00  0.1136249600E+01 
 2008  1896    8  0.7141875000E+00  0.1065375871E+01 
 2008  1902    8  0.4227000000E+00  0.1014518023E+01 
 2008  1908    8  -0.3581125000E+00  0.1097339895E+01 
 2008  1914    8  -0.1777500000E+00  0.1156182543E+01 
 2008  1920    8  -0.1176162500E+01  0.1206712548E+01 
 2008  1926    8  -0.2299000000E+01  0.1215364246E+01 
 2008  1932    8  -0.3469500000E+01  0.1312052686E+01 
 2008  1938    8  -0.2744375000E+01  0.1171302687E+01 
 2008  1944    8  -0.1034360000E+01  0.1081113628E+01 
 2008  1950    8  0.7763075000E-01  0.1032671447E+01 
 2008  1956    8  0.1068237500E+00  0.1087895631E+01 
 2008  1962    8  -0.4145000000E+00  0.1100921212E+01 
 2008  1968    8  -0.8623612500E+00  0.9891241563E+00 
 2008  1974    8  -0.8714750000E+00  0.1023524601E+01 
 2008  1980    8  0.3718750000E-01  0.1189916647E+01 
 2008  1986    8  0.1055250000E+01  0.1294844399E+01 
 2008  1992    8  0.1034675000E+01  0.1316886278E+01 
 2008  1998    8  0.1989850000E+01  0.1524050895E+01 
 2008  2004    8  0.2739562500E+01  0.1595495973E+01 
 2008  2010    8  0.2292487500E+01  0.1676462029E+01 
 2008  2016    8  0.8895625000E+00  0.1804961624E+01 
 2008  2022    8  0.3703625000E+00  0.1909816299E+01 
 2008  2028    8  0.1524912500E+01  0.1979810133E+01 
 2008  2034    8  0.4499487500E+01  0.2298203138E+01 
 2008  2040    8  0.5960000000E+01  0.2673079685E+01 
 2008  2046    8  0.6789000000E+01  0.2510383238E+01 
 2008  2052    8  0.6442125000E+01  0.2161066487E+01 
 2008  2058    8  0.5953750000E+01  0.1768991644E+01 
 2008  2064    8  0.5444500000E+01  0.1533504076E+01 
 2008  2070    8  0.3860125000E+01  0.1156466000E+01 
 2008  2076    8  0.1888300000E+01  0.1015154757E+01 
 2008  2082    8  0.5045625000E+00  0.1315502879E+01 
 2008  2088    8  -0.1649887500E+01  0.1613510914E+01 
 2008  2094    8  -0.3971625000E+01  0.1856122365E+01 
 2008  2100    8  -0.5052875000E+01  0.2092777069E+01 
 2008  2106    8  -0.5063500000E+01  0.2309159317E+01 
 2008  2112    8  -0.4487937500E+01  0.2195477545E+01 
 2008  2118    8  -0.3808662500E+01  0.1956379928E+01 
 2008  2124    8  -0.3264350000E+01  0.1871952205E+01 
 2008  2130    8  -0.2785450000E+01  0.1838635888E+01 
 2008  2136    8  -0.2533850000E+01  0.1666302401E+01 
 2008  2142    8  -0.2942362500E+01  0.1597136005E+01 
 2008  2148    8  -0.3590700000E+01  0.1760741372E+01 
 2008  2154    8  -0.4444375000E+01  0.1980273651E+01 
 2008  2160    8  -0.5398125000E+01  0.2134594952E+01 
 2008  2166    8  -0.6571625000E+01  0.2216436495E+01 
 2008  2172    8  -0.6986500000E+01  0.2108095705E+01 
 2008  2178    8  -0.5779125000E+01  0.1853239086E+01 
 2008  2184    8  -0.4829250000E+01  0.1559891563E+01 
 2008  2190    8  -0.3989500000E+01  0.1373038419E+01 
 2008  2196    8  -0.3215000000E+01  0.1223798799E+01 
 2008  2202    8  -0.2173687500E+01  0.1263677579E+01 
 2008  2208    8  -0.1698960000E+01  0.1280550245E+01 
 2008  2214    8  -0.1920125000E+01  0.1299867793E+01 
 2008  2220    8  -0.2067262500E+01  0.1310854739E+01 
 2008  2226    8  -0.1675012500E+01  0.1218047192E+01 
 2008  2232    8  -0.1546687500E+01  0.1157702684E+01 
 2008  2238    8  -0.1811375000E+01  0.1105420805E+01 
 2008  2244    8  -0.2170287500E+01  0.1135852193E+01 
 2008  2250    8  -0.1641425000E+01  0.1144073377E+01 
 2008  2256    8  -0.9352687500E+00  0.1021044724E+01 
 2008  2262    8  0.3273750000E-01  0.9233778938E+00 
 2008  2268    8  0.1523650000E+01  0.9841775538E+00 
 2008  2274    8  0.3613500000E+01  0.1217716716E+01 
 2008  2280    8  0.4828625000E+01  0.1401199391E+01 
 2008  2286    8  0.5093125000E+01  0.1480562008E+01 
 2008  2292    8  0.4753250000E+01  0.1451964768E+01 
 2008  2298    8  0.4335000000E+01  0.1395006989E+01 
 2008  2304    8  0.2714937500E+01  0.1265680608E+01 
 2008  2310    8  0.6842250000E+00  0.1227510017E+01 
 2008  2316    8  -0.9211475000E+00  0.1265994304E+01 
 2008  2322    8  -0.1582657750E+01  0.1289737238E+01 
 2008  2328    8  -0.1961475000E+01  0.1180393183E+01 
 2008  2334    8  -0.1300225000E+01  0.1141956250E+01 
 2008  2340    8  0.1935000000E+00  0.1270925563E+01 
 2008  2346    8  0.1941150000E+01  0.1313814000E+01 
 2008  2352    8  0.2671487500E+01  0.1319529088E+01 
 2008  2358    8  0.2416712500E+01  0.1235006651E+01 
 2008  2364    8  0.1855800000E+01  0.1113382181E+01 
 2008  2370    8  0.1592925000E+01  0.1067154061E+01 
 2008  2376    8  0.9176625000E+00  0.1041833524E+01 
 2008  2382    8  -0.3552500000E-01  0.1068057368E+01 
 2008  2388    8  -0.5904700000E+00  0.1128995794E+01 
 2008  2394    8  -0.3305137500E+00  0.1109209031E+01 
 2008  2400    8  -0.1946875000E+00  0.1147903578E+01 
 2008  2406    8  0.1664150000E+00  0.1132901319E+01 
 2008  2412    8  0.5529625000E+00  0.1135250363E+01 
 2008  2418    8  0.1099462500E+01  0.1127476612E+01 
 2008  2424    8  0.1415787500E+01  0.1072238477E+01 
 2008  2430    8  0.1467650000E+01  0.1070695152E+01 
 2008  2436    8  0.1950012500E+01  0.1094889025E+01 
 2008  2442    8  0.2503687500E+01  0.1128593897E+01 
 2008  2448    8  0.2231691250E+01  0.1098940167E+01 
 2008  2454    8  0.1461350000E+01  0.1050713717E+01 
 2008  2460    8  0.1087625000E+01  0.1018117687E+01 
 2008  2466    8  0.1137400000E+01  0.1019759785E+01 
 2008  2472    8  0.3084337500E+00  0.1026104028E+01 
 2008  2478    8  -0.4499362500E+00  0.9580884107E+00 
 2008  2484    8  -0.1691062500E+00  0.8899255890E+00 
 2008  2490    8  0.8497350000E+00  0.9416716952E+00 
 2008  2496    8  0.1397287500E+01  0.9662483240E+00 
 2008  2502    8  0.1222850000E+01  0.9826569887E+00 
 2008  2508    8  0.4181375000E+00  0.1192553191E+01 
 2008  2514    8  -0.6917625000E+00  0.1379675321E+01 
 2008  2520    8  -0.2089062500E+01  0.1536213339E+01 
 2008  2526    8  -0.3647875000E+01  0.1585833412E+01 
 2008  2532    8  -0.4933625000E+01  0.1477273412E+01 
 2008  2538    8  -0.4598375000E+01  0.1172410971E+01 
 2008  2544    8  -0.3265875000E+01  0.8813864699E+00 
 2008  2550    8  -0.2136375000E+01  0.8744879841E+00 
 2008  2556    8  -0.1711800000E+01  0.8433051820E+00 
 2008  2562    8  -0.5373375000E+00  0.8716478015E+00 
 2008  2568    8  -0.6553625000E-01  0.9011993016E+00 
 2008  2574    8  -0.1082375000E-01  0.8238456930E+00 
 2008  2580    8  -0.2665050000E+00  0.8718295342E+00 
 2008  2586    8  -0.7271625000E+00  0.9770935638E+00 
 2008  2592    8  -0.2036950000E+01  0.1164992036E+01 
 2008  2598    8  -0.3255500000E+01  0.1336245206E+01 
 2008  2604    8  -0.4273250000E+01  0.1410912803E+01 
 2008  2610    8  -0.4116625000E+01  0.1258107302E+01 
 2008  2616    8  -0.3354000000E+01  0.1099557866E+01 
 2008  2622    8  -0.1755837500E+01  0.9708364975E+00 
 2008  2628    8  -0.1260900000E+00  0.9927571013E+00 
 2008  2634    8  0.1226912500E+01  0.1052357864E+01 
 2008  2640    8  0.1226162500E+01  0.1025706789E+01 
 2008  2646    8  0.1265412500E+00  0.9618238340E+00 
 2008  2652    8  -0.7011000000E+00  0.9751339613E+00 
 2008  2658    8  -0.8495225000E+00  0.9887232270E+00 
 2008  2664    8  -0.9732125000E+00  0.9409059696E+00 
 2008  2670    8  -0.8910750000E+00  0.9519797382E+00 
 2008  2676    8  -0.3303175000E+00  0.9849083341E+00 
 2008  2682    8  0.4367012500E+00  0.1066406343E+01 
 2008  2688    8  0.1276925000E+00  0.1065407575E+01 
 2008  2694    8  -0.3417625000E+00  0.1008841711E+01 
 2008  2700    8  -0.5248387500E+00  0.1104863354E+01 
 2008  2706    8  -0.3069125000E+00  0.1150854155E+01 
 2008  2712    8  -0.8549750000E+00  0.1095573481E+01 
 2008  2718    8  -0.5123088750E+00  0.9535093896E+00 
 2008  2724    8  -0.1513375000E+00  0.1000052915E+01 
 2008  2730    8  0.6227750000E+00  0.8799048880E+00 
 2008  2736    8  0.7018750000E+00  0.8184885991E+00 
 2008  2742    8  0.8633500000E-01  0.9775497832E+00 
 2008  2748    8  -0.9622725000E+00  0.1248179840E+01 
 2008  2754    8  -0.1596375000E+01  0.1460266354E+01 
 2008  2760    8  -0.2652837500E+01  0.1696813021E+01 
 2008  2766    8  -0.3444583750E+01  0.1917778340E+01 
 2008  2772    8  -0.3949262500E+01  0.2099909303E+01 
 2008  2778    8  -0.4655575000E+01  0.2305463156E+01 
 2008  2784    8  -0.6329250000E+01  0.2545769223E+01 
 2008  2790    8  -0.8076750000E+01  0.2790242496E+01 
 2008  2796    8  -0.8921250000E+01  0.2966989499E+01 
 2008  2802    8  -0.9114500000E+01  0.3014626511E+01 
 2008  2808    8  -0.9275250000E+01  0.2886680479E+01 
 2008  2814    8  -0.9453375000E+01  0.2719822188E+01 
 2008  2820    8  -0.8877875000E+01  0.2383589963E+01 
 2008  2826    8  -0.6883125000E+01  0.2007077567E+01 
 2008  2832    8  -0.4976750000E+01  0.1575489825E+01 
 2008  2838    8  -0.4428875000E+01  0.1316206712E+01 
 2008  2844    8  -0.3648250000E+01  0.1151997477E+01 
 2008  2850    8  -0.2728625000E+01  0.1106438988E+01 
 2008  2856    8  -0.2897125000E+01  0.1072683485E+01 
 2008  2862    8  -0.3254125000E+01  0.1068212226E+01 
 2008  2868    8  -0.3125375000E+01  0.1038301972E+01 
 2008  2874    8  -0.2128375000E+01  0.1020750084E+01 
 2008  2880    8  -0.1891337500E+01  0.1030600937E+01 
 2008  2886    8  -0.1860887500E+01  0.1019130065E+01 
 2008  2892    8  -0.1670687500E+01  0.1027049926E+01 
 2008  2898    8  -0.1175145000E+01  0.9968466876E+00 
 2008  2904    8  -0.9692237500E+00  0.1020508001E+01 
 2008  2910    8  -0.1235962500E+01  0.1088413730E+01 
 2008  2916    8  -0.1542775000E+01  0.1162299093E+01 
 2008  2922    8  -0.1850350000E+01  0.1210435860E+01 
 2008  2928    8  -0.2465787500E+01  0.1241178167E+01 
 2008  2934    8  -0.3201125000E+01  0.1297864538E+01 
 2008  2940    8  -0.3566750000E+01  0.1296588577E+01 
 2008  2946    8  -0.3424250000E+01  0.1289160168E+01 
 2008  2952    8  -0.3427750000E+01  0.1267580150E+01 
 2008  2958    8  -0.3424000000E+01  0.1248658580E+01 
 2008  2964    8  -0.3433000000E+01  0.1290171210E+01 
 2008  2970    8  -0.3059625000E+01  0.1303933658E+01 
 2008  2976    8  -0.3245750000E+01  0.1310375876E+01 
 2008  2982    8  -0.3714000000E+01  0.1358286328E+01 
 2008  2988    8  -0.4022125000E+01  0.1452789682E+01 
 2008  2994    8  -0.3504812500E+01  0.1547984656E+01 
 2008  3000    8  -0.3511337500E+01  0.1617977000E+01 
 2008  3006    8  -0.3638462500E+01  0.1648216437E+01 
 2008  3012    8  -0.3665737500E+01  0.1724070745E+01 
 2008  3018    8  -0.3096875000E+01  0.1737252892E+01 
 2008  3024    8  -0.3492937500E+01  0.1793339142E+01 
 2008  3030    8  -0.4277337500E+01  0.1914304782E+01 
 2008  3036    8  -0.4981125000E+01  0.2009215670E+01 
 2008  3042    8  -0.4784875000E+01  0.1938727510E+01 
 2008  3048    8  -0.4930000000E+01  0.1909257775E+01 
 2008  3054    8  -0.5329625000E+01  0.1926283659E+01 
 2008  3060    8  -0.5620750000E+01  0.1896103290E+01 
 2008  3066    8  -0.5047250000E+01  0.1841278751E+01 
 2008  3072    8  -0.4560750000E+01  0.1731051902E+01 
 2008  3078    8  -0.4650875000E+01  0.1746277930E+01 
 2008  3084    8  -0.4438750000E+01  0.1671355718E+01 
 2008  3090    8  -0.3795000000E+01  0.1585557631E+01 
 2008  3096    8  -0.3767125000E+01  0.1449570664E+01 
 2008  3102    8  -0.3934000000E+01  0.1329380307E+01 
 2008  3108    8  -0.3669625000E+01  0.1252804348E+01 
 2008  3114    8  -0.2518650000E+01  0.1239760403E+01 
 2008  3120    8  -0.2422862500E+01  0.1305995667E+01 
 2008  3126    8  -0.3196687500E+01  0.1490848394E+01 
 2008  3132    8  -0.3634950000E+01  0.1627830909E+01 
 2008  3138    8  -0.3398975000E+01  0.1707191540E+01 
 2008  3144    8  -0.3567112500E+01  0.1768080262E+01 
 2008  3150    8  -0.3651837500E+01  0.1790341479E+01 
 2008  3156    8  -0.3231525000E+01  0.1707790555E+01 
 2008  3162    8  -0.2470737500E+01  0.1611858070E+01 
 2008  3168    8  -0.2350987500E+01  0.1541217571E+01 
 2008  3174    8  -0.2540202500E+01  0.1522717345E+01 
 2008  3180    8  -0.2705275000E+01  0.1541375210E+01 
 2008  3186    8  -0.2772412500E+01  0.1555314395E+01 
 2008  3192    8  -0.3121000000E+01  0.1476230927E+01 
 2008  3198    8  -0.3604250000E+01  0.1518933569E+01 
 2008  3204    8  -0.3601500000E+01  0.1512614954E+01 
 2008  3210    8  -0.2872137500E+01  0.1398706307E+01 
 2008  3216    8  -0.3006662500E+01  0.1361815836E+01 
 2008  3222    8  -0.2645262500E+01  0.1337976908E+01 
 2008  3228    8  -0.2417625000E+01  0.1262773034E+01 
 2008  3234    8  -0.2128487500E+01  0.1256318018E+01 
 2008  3240    8  -0.1910750000E+01  0.1217287678E+01 
 2008  3246    8  -0.1601887500E+01  0.1233372715E+01 
 2008  3252    8  -0.1530250000E+01  0.1275844381E+01 
 2008  3258    8  -0.1207051250E+01  0.1272705009E+01 
 2008  3264    8  -0.1378387500E+01  0.1226497014E+01 
 2008  3270    8  -0.1573928750E+01  0.1240067351E+01 
 2008  3276    8  -0.1764887500E+01  0.1261619364E+01 
 2008  3282    8  -0.1658008750E+01  0.1239470683E+01 
 2008  3288    8  -0.2108687500E+01  0.1251320302E+01 
 2008  3294    8  -0.2585887500E+01  0.1341625978E+01 
 2008  3300    8  -0.2595600000E+01  0.1337940664E+01 
 2008  3306    8  -0.2390450000E+01  0.1320686059E+01 
 2008  3312    8  -0.2963275000E+01  0.1396780308E+01 
 2008  3318    8  -0.3333500000E+01  0.1472577417E+01 
 2008  3324    8  -0.3184712500E+01  0.1460906030E+01 
 2008  3330    8  -0.2645337500E+01  0.1411125268E+01 
 2008  3336    8  -0.2776212500E+01  0.1368123410E+01 
 2008  3342    8  -0.2954825000E+01  0.1369992852E+01 
 2008  3348    8  -0.2575650000E+01  0.1262150252E+01 
 2008  3354    8  -0.1819312500E+01  0.1161636219E+01 
 2008  3360    8  -0.1614025000E+01  0.1151446294E+01 
 2008  3366    8  -0.1049300000E+01  0.1057554591E+01 
 2008  3372    8  -0.8110000000E-01  0.9983029788E+00 
 2008  3378    8  0.8497125000E+00  0.1000679581E+01 
 2008  3384    8  0.1263812500E+01  0.9930886547E+00 
 2008  3390    8  0.1272787500E+01  0.9552827022E+00 
 2008  3396    8  0.9088750000E+00  0.9246256442E+00 
 2008  3402    8  0.4861875000E+00  0.9447515817E+00 
 2008  3408    8  -0.6194150000E+00  0.9984138093E+00 
 2008  3414    8  -0.1601062500E+01  0.9901361080E+00 
 2008  3420    8  -0.2342250000E+01  0.1080468272E+01 
 2008  3426    8  -0.2317375000E+01  0.9746832739E+00 
 2008  3432    8  -0.2560750000E+01  0.1034481724E+01 
 2008  3438    8  -0.2422750000E+01  0.9249669927E+00 
 2008  3444    8  -0.1756362500E+01  0.9200759452E+00 
 2008  3450    8  -0.6144625000E+00  0.9091753557E+00 
 2008  3456    8  -0.5458287500E+00  0.8914822836E+00 
 2008  3462    8  -0.5781000000E+00  0.9056795239E+00 
 2008  3468    8  -0.5991300000E+00  0.9346059219E+00 
 2008  3474    8  -0.3219625000E+00  0.1005033110E+01 
 2008  3480    8  -0.4790450000E+00  0.9250694815E+00 
 2008  3486    8  -0.2980162500E+00  0.9383649875E+00 
 2008  3492    8  -0.2616212500E+00  0.9353307898E+00 
 2008  3498    8  0.1751137500E+00  0.9242319360E+00 
 2008  3504    8  -0.2046375000E+00  0.8967122852E+00 
 2008  3510    8  -0.9116806125E+00  0.1003609410E+01 
 2008  3516    8  -0.1200087500E+01  0.1117140757E+01 
 2008  3522    8  -0.1040140000E+01  0.1185783804E+01 
 2008  3528    8  -0.8859375000E+00  0.1249718766E+01 
 2008  3534    8  -0.1498048750E+01  0.1336890946E+01 
 2008  3540    8  -0.1612157500E+01  0.1298713981E+01 
 2008  3546    8  -0.1489500000E+01  0.1310752948E+01 
 2008  3552    8  -0.2198062500E+01  0.1344053101E+01 
 2008  3558    8  -0.2768450000E+01  0.1332436741E+01 
 2008  3564    8  -0.2892875000E+01  0.1247670373E+01 
 2008  3570    8  -0.2171212500E+01  0.1118329509E+01 
 2008  3576    8  -0.2232625000E+01  0.1009992690E+01 
 2008  3582    8  -0.2236427500E+01  0.1423308345E+01 
 2008  3588    8  -0.2240162500E+01  0.1578107056E+01 
 2008  3594    8  -0.5217125000E+00  0.1457087261E+01 
 2008  3600    8  -0.2326550000E+01  0.1639014215E+01 
 2008  3606    8  -0.2592012500E+01  0.1855676300E+01 
 2008  3612    8  -0.3393875000E+01  0.1936369972E+01 
 2008  3618    8  -0.3964462500E+01  0.1844544062E+01 
 2008  3624    8  -0.2826912500E+01  0.1564709035E+01 
 2008  3630    8  -0.2725050000E+01  0.1464860375E+01 
 2008  3636    8  -0.2890837500E+01  0.1358186699E+01 
 2008  3642    8  -0.1970375000E+01  0.1288138598E+01 
 2008  3648    8  -0.2570187500E+01  0.1288719809E+01 
 2008  3654    8  -0.2788875000E+01  0.1272151469E+01 
 2008  3660    8  -0.2867750000E+01  0.1234378968E+01 
 2008  3666    8  -0.2323962500E+01  0.1240647446E+01 
 2008  3672    8  -0.2331112500E+01  0.1158650018E+01 
 2008  3678    8  -0.2331812500E+01  0.1265106565E+01 
 2008  3684    8  -0.1767762500E+01  0.1381995520E+01 
 2008  3690    8  -0.9075500000E+00  0.1450171126E+01 
 2008  3696    8  -0.1609817500E+01  0.1595127166E+01 
 2008  3702    8  -0.2528512500E+01  0.1718017871E+01 
 2008  3708    8  -0.3388087500E+01  0.1863929801E+01 
 2008  3714    8  -0.3537700000E+01  0.1916770495E+01 
 2008  3720    8  -0.4058125000E+01  0.1844397560E+01 
 2008  3726    8  -0.4035750000E+01  0.1765144948E+01 
 2008  3732    8  -0.3952375000E+01  0.1637534651E+01 
 2008  3738    8  -0.3611750000E+01  0.1516156716E+01 
 2008  3744    8  -0.3961375000E+01  0.1465450096E+01 
 2008  3750    8  -0.3915125000E+01  0.1389244168E+01 
 2008  3756    8  -0.3653375000E+01  0.1306544195E+01 
 2008  3762    8  -0.2994000000E+01  0.1235520032E+01 
 2008  3768    8  -0.2742125000E+01  0.1182051124E+01 
 2008  3774    8  -0.2496500000E+01  0.1217649991E+01 
 2008  3780    8  -0.1965500000E+01  0.1171212768E+01 
 2008  3786    8  -0.1377471250E+01  0.1190367656E+01 
 2008  3792    8  -0.1587975000E+01  0.1145627822E+01 
 2008  3798    8  -0.1921212500E+01  0.1232679559E+01 
 2008  3804    8  -0.1930750000E+01  0.1196374686E+01 
 2008  3810    8  -0.1708100000E+01  0.1233855521E+01 
 2008  3816    8  -0.1991962500E+01  0.1226952741E+01 
 2008  3822    8  -0.2355662500E+01  0.1298898704E+01 
 2008  3828    8  -0.2513437500E+01  0.1320892251E+01 
 2008  3834    8  -0.2345112500E+01  0.1419640537E+01 
 2008  3840    8  -0.2538150000E+01  0.1414782406E+01 
 2008  3846    8  -0.2732737500E+01  0.1493189692E+01 
 2008  3852    8  -0.2802237500E+01  0.1504063129E+01 
 2008  3858    8  -0.2619400000E+01  0.1548600849E+01 
 2008  3864    8  -0.2938275000E+01  0.1568036074E+01 
 2008  3870    8  -0.3155187500E+01  0.1696944974E+01 
 2008  3876    8  -0.3269662500E+01  0.1758730216E+01 
 2008  3882    8  -0.3284037500E+01  0.1783142748E+01 
 2008  3888    8  -0.3683187500E+01  0.1737431436E+01 
 2008  3894    8  -0.4330875000E+01  0.1821976498E+01 
 2008  3900    8  -0.4704250000E+01  0.1806877884E+01 
 2008  3906    8  -0.4421375000E+01  0.1742131736E+01 
 2008  3912    8  -0.4600375000E+01  0.1633300258E+01 
 2008  3918    8  -0.4494375000E+01  0.1534333889E+01 
 2008  3924    8  -0.4077625000E+01  0.1374989903E+01 
 2008  3930    8  -0.3068875000E+01  0.1230030125E+01 
 2008  3936    8  -0.2452125000E+01  0.1082399930E+01 
 2008  3942    8  -0.2053875000E+01  0.1046031123E+01 
 2008  3948    8  -0.1870237500E+01  0.1066259736E+01 
 2008  3954    8  -0.1501550000E+01  0.1102891024E+01 
 2008  3960    8  -0.1856262500E+01  0.9780751287E+00 
 2008  3966    8  -0.2210875000E+01  0.1050025766E+01 
 2008  3972    8  -0.2471000000E+01  0.1087730435E+01 
 2008  3978    8  -0.2069375000E+01  0.1042912980E+01 
 2008  3984    8  -0.2102875000E+01  0.1062730497E+01 
 2008  3990    8  -0.1953550000E+01  0.1121259943E+01 
 2008  3996    8  -0.2031462500E+01  0.1092731473E+01 
 2008  4002    8  -0.1701787500E+01  0.1116990484E+01 
 2008  4008    8  -0.1756187500E+01  0.1086252439E+01 
 2008  4014    8  -0.1757125000E+01  0.1049768911E+01 
 2008  4020    8  -0.1739662500E+01  0.1112019518E+01 
 2008  4026    8  -0.1100707500E+01  0.1143410147E+01 
 2008  4032    8  -0.1150451250E+01  0.1068744913E+01 
 2008  4038    8  -0.1456455000E+01  0.1140013091E+01 
 2008  4044    8  -0.1690807500E+01  0.1202665381E+01 
 2008  4050    8  -0.1393120000E+01  0.1220759156E+01 
 2008  4056    8  -0.1548820000E+01  0.1180326153E+01 
 2008  4062    8  -0.1653625000E+01  0.1272782555E+01 
 2008  4068    8  -0.1808118750E+01  0.1252565973E+01 
 2008  4074    8  -0.1722711250E+01  0.1230998954E+01 
 2008  4080    8  -0.2142450000E+01  0.1171566253E+01 
 2008  4086    8  -0.2851625000E+01  0.1242891884E+01 
 2008  4092    8  -0.3186875000E+01  0.1343184689E+01 
 2008  4098    8  -0.3183500000E+01  0.1384128878E+01 
 2008  4104    8  -0.3427750000E+01  0.1438631707E+01 
 2008  4110    8  -0.3623000000E+01  0.1533263024E+01 
 2008  4116    8  -0.3562625000E+01  0.1530021645E+01 
 2008  4122    8  -0.3191625000E+01  0.1483459381E+01 
 2008  4128    8  -0.2882587500E+01  0.1437813137E+01 
 2008  4134    8  -0.2599162500E+01  0.1397972035E+01 
 2008  4140    8  -0.2036978750E+01  0.1361730689E+01 
 2008  4146    8  -0.1752762500E+01  0.1381426390E+01 
 2008  4152    8  -0.2084833750E+01  0.1362004050E+01 
 2008  4158    8  -0.2678487500E+01  0.1526367285E+01 
 2008  4164    8  -0.2956650000E+01  0.1597137802E+01 
 2008  4170    8  -0.3045708750E+01  0.1782894580E+01 
 2008  4176    8  -0.3237862500E+01  0.1802309425E+01 
 2008  4182    8  -0.3460350000E+01  0.1936246216E+01 
 2008  4188    8  -0.3653425000E+01  0.1928526566E+01 
 2008  4194    8  -0.3814637500E+01  0.1934455820E+01 
 2008  4200    8  -0.4163250000E+01  0.1861051903E+01 
 2008  4206    8  -0.4340000000E+01  0.1804431074E+01 
 2008  4212    8  -0.4209750000E+01  0.1611228782E+01 
 2008  4218    8  -0.4026000000E+01  0.1580059730E+01 
 2008  4224    8  -0.3760375000E+01  0.1428162538E+01 
 2008  4230    8  -0.3270262500E+01  0.1451995388E+01 
 2008  4236    8  -0.2731100000E+01  0.1378524672E+01 
 2008  4242    8  -0.2079912500E+01  0.1381697164E+01 
 2008  4248    8  -0.1874102500E+01  0.1322380132E+01 
 2008  4254    8  -0.1814375000E+01  0.1446049412E+01 
 2008  4260    8  -0.1931462500E+01  0.1498285195E+01 
 2008  4266    8  -0.2781512500E+01  0.1615186295E+01 
 2008  4272    8  -0.3774000000E+01  0.1687614959E+01 
 2008  4278    8  -0.4424875000E+01  0.1807953224E+01 
 2008  4284    8  -0.4859500000E+01  0.1826096794E+01 
 2008  4290    8  -0.4539500000E+01  0.1856115770E+01 
 2008  4296    8  -0.4628375000E+01  0.1744053607E+01 
 2008  4302    8  -0.4503875000E+01  0.1653565272E+01 
 2008  4308    8  -0.3807625000E+01  0.1500537898E+01 
 2008  4314    8  -0.2939712500E+01  0.1476921013E+01 
 2008  4320    8  -0.2705825000E+01  0.1392428711E+01 
 2008  4326    8  -0.2594562500E+01  0.1436790773E+01 
 2008  4332    8  -0.2680562500E+01  0.1513729880E+01 
 2008  4338    8  -0.2464803750E+01  0.1589122204E+01 
 2008  4344    8  -0.2722525000E+01  0.1576045884E+01 
 2008  4350    8  -0.2885500000E+01  0.1644919940E+01 
 2008  4356    8  -0.3264050000E+01  0.1685354805E+01 
 2008  4362    8  -0.3364887500E+01  0.1710094636E+01 
 2008  4368    8  -0.3693500000E+01  0.1635133710E+01 
 2008  4374    8  -0.4013375000E+01  0.1713701909E+01 
 2008  4380    8  -0.4399625000E+01  0.1646521252E+01 
 2008  4386    8  -0.3934500000E+01  0.1599128434E+01 
 2008  4392    8  -0.4056625000E+01  0.1519276714E+01 
 2008  4398    8  -0.3910875000E+01  0.1569469611E+01 
 2008  4404    8  -0.3651750000E+01  0.1518165484E+01 
 2008  4410    8  -0.3219075000E+01  0.1480300388E+01 
 2008  4416    8  -0.2837125000E+01  0.1355530656E+01 
 2008  4422    8  -0.2634762500E+01  0.1373250221E+01 
 2008  4428    8  -0.2435200000E+01  0.1349772576E+01 
 2008  4434    8  -0.1943600000E+01  0.1310217622E+01 
 2008  4440    8  -0.1927787500E+01  0.1177023269E+01 
 2008  4446    8  -0.2126675000E+01  0.1259693338E+01 
 2008  4452    8  -0.2327700000E+01  0.1217315584E+01 
 2008  4458    8  -0.1983450000E+01  0.1101526218E+01 
 2008  4464    8  -0.2430250000E+01  0.1022264735E+01 
 2008  4470    8  -0.2825125000E+01  0.1016682280E+01 
 2008  4476    8  -0.2830500000E+01  0.9204837044E+00 
 2008  4482    8  -0.2140250000E+01  0.9877431030E+00 
 2008  4488    8  -0.1891187500E+01  0.9049964757E+00 
 2008  4494    8  -0.1382375000E+01  0.9115858253E+00 
 2008  4500    8  -0.8354375000E+00  0.9797275845E+00 
 2008  4506    8  -0.1526375000E+00  0.1032139270E+01 
 2008  4512    8  0.4641250000E+00  0.9262094698E+00 
 2008  4518    8  0.4018490000E+00  0.1057727311E+01 
 2008  4524    8  0.1593125000E+00  0.1219567812E+01 
 2008  4530    8  0.1289250000E+00  0.1303622304E+01 
 2008  4536    8  -0.6799625000E+00  0.1196508594E+01 
 2008  4542    8  -0.1334838750E+01  0.1252778791E+01 
 2008  4548    8  -0.1477375000E+01  0.1187663936E+01 
 2008  4554    8  -0.1416225000E+01  0.1108982604E+01 
 2008  4560    8  -0.1715437500E+01  0.9777205441E+00 
 2008  4566    8  -0.2282000000E+01  0.1055279347E+01 
 2008  4572    8  -0.2651000000E+01  0.1124663283E+01 
 2008  4578    8  -0.2885750000E+01  0.1255351519E+01 
 2008  4584    8  -0.3268500000E+01  0.1288573339E+01 
 2008  4590    8  -0.3465125000E+01  0.1347867616E+01 
 2008  4596    8  -0.3073500000E+01  0.1376399106E+01 
 2008  4602    8  -0.2119375000E+01  0.1224264532E+01 
 2008  4608    8  -0.1528787500E+01  0.1041397069E+01 
 2008  4614    8  -0.1469997500E+01  0.1154460298E+01 
 2008  4620    8  -0.1379126250E+01  0.1233108684E+01 
 2008  4626    8  -0.9279750000E+00  0.1273829181E+01 
 2008  4632    8  -0.8371625000E+00  0.1205947105E+01 
 2008  4638    8  -0.9041875000E+00  0.1277004525E+01 
 2008  4644    8  -0.6538125000E+00  0.1261143096E+01 
 2008  4650    8  -0.2551737500E+00  0.1306344530E+01 
 2008  4656    8  -0.1004625000E+00  0.1188488309E+01 
 2008  4662    8  0.4995625000E+00  0.1131145269E+01 
 2008  4668    8  0.1191537500E+01  0.1079998702E+01 
 2008  4674    8  0.1761762500E+01  0.1049943641E+01 
 2008  4680    8  0.1955600000E+01  0.9578448048E+00 
 2008  4686    8  0.1874075000E+01  0.1015466242E+01 
 2008  4692    8  0.1673312500E+01  0.1020743304E+01 
 2008  4698    8  0.1587712500E+01  0.9937670017E+00 
 2008  4704    8  0.7077462500E+00  0.9763706692E+00 
 2008  4710    8  -0.7152875000E+00  0.1141045339E+01 
 2008  4716    8  -0.1709725000E+01  0.1155421251E+01 
 2008  4722    8  -0.2149762500E+01  0.1227207165E+01 
 2008  4728    8  -0.3050250000E+01  0.1316363813E+01 
 2008  4734    8  -0.3593375000E+01  0.1498477639E+01 
 2008  4740    8  -0.4422375000E+01  0.1588763193E+01 
 2008  4746    8  -0.4747250000E+01  0.1628624477E+01 
 2008  4752    8  -0.4752750000E+01  0.1561424490E+01 
 2008  4758    8  -0.4185750000E+01  0.1472611944E+01 
 2008  4764    8  -0.3350750000E+01  0.1235464766E+01 
 2008  4770    8  -0.2523150000E+01  0.1162323044E+01 
 2008  4776    8  -0.2079037500E+01  0.1077896491E+01 
 2008  4782    8  -0.2307162500E+01  0.1185904364E+01 
 2008  4788    8  -0.2549825000E+01  0.1252695499E+01 
 2008  4794    8  -0.2046100000E+01  0.1224304872E+01 
 2008  4800    8  -0.2018112500E+01  0.1095257761E+01 
 2008  4806    8  -0.2184175000E+01  0.1165111825E+01 
 2008  4812    8  -0.2310662500E+01  0.1151877781E+01 
 2008  4818    8  -0.2112450000E+01  0.1193481859E+01 
 2008  4824    8  -0.1968000000E+01  0.1161781206E+01 
 2008  4830    8  -0.1657987500E+01  0.1223251007E+01 
 2008  4836    8  -0.1428660000E+01  0.1171174587E+01 
 2008  4842    8  -0.1290712500E+01  0.1232987952E+01 
 2008  4848    8  -0.1691400000E+01  0.1227686435E+01 
 2008  4854    8  -0.1960175000E+01  0.1339223600E+01 
 2008  4860    8  -0.2304675000E+01  0.1343699918E+01 
 2008  4866    8  -0.2608575000E+01  0.1365899141E+01 
 2008  4872    8  -0.2872875000E+01  0.1299594498E+01 
 2008  4878    8  -0.3077000000E+01  0.1323757247E+01 
 2008  4884    8  -0.3148500000E+01  0.1301579521E+01 
 2008  4890    8  -0.3074625000E+01  0.1289492142E+01 
 2008  4896    8  -0.3290125000E+01  0.1185472420E+01 
 2008  4902    8  -0.3357875000E+01  0.1141742138E+01 
 2008  4908    8  -0.2987875000E+01  0.1072363679E+01 
 2008  4914    8  -0.2695500000E+01  0.1082861025E+01 
 2008  4920    8  -0.2918625000E+01  0.1039611939E+01 
 2008  4926    8  -0.3507875000E+01  0.1126497829E+01 
 2008  4932    8  -0.3720625000E+01  0.1141005799E+01 
 2008  4938    8  -0.3482750000E+01  0.1111144089E+01 
 2008  4944    8  -0.3284750000E+01  0.8989589465E+00 
 2008  4950    8  -0.2744375000E+01  0.9243673428E+00 
 2008  4956    8  -0.1932162500E+01  0.9213108785E+00 
 2008  4962    8  -0.1254662500E+01  0.8871378739E+00 
 2008  4968    8  -0.1012513750E+01  0.7864044612E+00 
 2008  4974    8  -0.1011712500E+01  0.8572259014E+00 
 2008  4980    8  -0.1281700000E+01  0.8815450683E+00 
 2008  4986    8  -0.1577712500E+01  0.9493175252E+00 
 2008  4992    8  -0.1771775000E+01  0.8910746346E+00 
 2008  4998    8  -0.2213625000E+01  0.9799932318E+00 
 2008  5004    8  -0.2168250000E+01  0.9192578188E+00 
 2008  5010    8  -0.1503800000E+01  0.9277848929E+00 
 2008  5016    8  -0.1363150000E+01  0.8656680022E+00 
 2008  5022    8  -0.1877262500E+01  0.1048341193E+01 
 2008  5028    8  -0.2164662500E+01  0.1146047925E+01 
 2008  5034    8  -0.2078675000E+01  0.1237238263E+01 
 2008  5040    8  -0.2165300000E+01  0.1233873385E+01 
 2008  5046    8  -0.2555412500E+01  0.1404095747E+01 
 2008  5052    8  -0.2957575000E+01  0.1458089183E+01 
 2008  5058    8  -0.2841700000E+01  0.1479000078E+01 
 2008  5064    8  -0.2989737500E+01  0.1499126340E+01 
 2008  5070    8  -0.3327487500E+01  0.1654332619E+01 
 2008  5076    8  -0.3587487500E+01  0.1727986853E+01 
 2008  5082    8  -0.3781787500E+01  0.1869974763E+01 
 2008  5088    8  -0.4366962500E+01  0.2024902333E+01 
 2008  5094    8  -0.5002000000E+01  0.2185519503E+01 
 2008  5100    8  -0.5530000000E+01  0.2303293674E+01 
 2008  5106    8  -0.5599375000E+01  0.2375649329E+01 
 2008  5112    8  -0.5852250000E+01  0.2359742981E+01 
 2008  5118    8  -0.6086625000E+01  0.2402609568E+01 
 2008  5124    8  -0.5845250000E+01  0.2400972498E+01 
 2008  5130    8  -0.5316250000E+01  0.2360494638E+01 
 2008  5136    8  -0.5155625000E+01  0.2280364825E+01 
 2008  5142    8  -0.5355250000E+01  0.2354828537E+01 
 2008  5148    8  -0.5517125000E+01  0.2352672015E+01 
 2008  5154    8  -0.5550875000E+01  0.2414169341E+01 
 2008  5160    8  -0.5856625000E+01  0.2368941796E+01 
 2008  5166    8  -0.5731875000E+01  0.2405933781E+01 
 2008  5172    8  -0.5720250000E+01  0.2313305252E+01 
 2008  5178    8  -0.5976750000E+01  0.2347081259E+01 
 2008  5184    8  -0.6493250000E+01  0.2280362019E+01 
 2008  5190    8  -0.6785625000E+01  0.2373534650E+01 
 2008  5196    8  -0.6788625000E+01  0.2248108924E+01 
 2008  5202    8  -0.6121500000E+01  0.2130684984E+01 
 2008  5208    8  -0.5696375000E+01  0.1922370343E+01 
 2008  5214    8  -0.5296000000E+01  0.1809242245E+01 
 2008  5220    8  -0.4851250000E+01  0.1623155318E+01 
 2008  5226    8  -0.4254125000E+01  0.1459977520E+01 
 2008  5232    8  -0.3969000000E+01  0.1276668810E+01 
 2008  5238    8  -0.3679875000E+01  0.1321630947E+01 
 2008  5244    8  -0.3156625000E+01  0.1327930150E+01 
 2008  5250    8  -0.2485700000E+01  0.1407518394E+01 
 2008  5256    8  -0.2351675000E+01  0.1338886268E+01 
 2008  5262    8  -0.2671350000E+01  0.1554886252E+01 
 2008  5268    8  -0.3334500000E+01  0.1746791845E+01 
 2008  5274    8  -0.4055387500E+01  0.1978534313E+01 
 2008  5280    8  -0.4855125000E+01  0.2024682039E+01 
 2008  5286    8  -0.5280625000E+01  0.2158544703E+01 
 2008  5292    8  -0.5427625000E+01  0.2123855512E+01 
 2008  5298    8  -0.5040125000E+01  0.2100490147E+01 
 2008  5304    8  -0.4704000000E+01  0.1852250523E+01 
 2008  5310    8  -0.4506125000E+01  0.1811893998E+01 
 2008  5316    8  -0.4559125000E+01  0.1656013997E+01 
 2008  5322    8  -0.4160875000E+01  0.1519479388E+01 
 2008  5328    8  -0.4126125000E+01  0.1374202900E+01 
 2008  5334    8  -0.3811750000E+01  0.1354016964E+01 
 2008  5340    8  -0.3358750000E+01  0.1313562974E+01 
 2008  5346    8  -0.2724375000E+01  0.1370368467E+01 
 2008  5352    8  -0.2634250000E+01  0.1283458097E+01 
 2008  5358    8  -0.2763300000E+01  0.1407692804E+01 
 2008  5364    8  -0.2932562500E+01  0.1413982086E+01 
 2008  5370    8  -0.2628050000E+01  0.1403122560E+01 
 2008  5376    8  -0.2324100000E+01  0.1285172739E+01 
 2008  5382    8  -0.2484262500E+01  0.1363175597E+01 
 2008  5388    8  -0.2545187500E+01  0.1383674138E+01 
 2008  5394    8  -0.2515137500E+01  0.1457085338E+01 
 2008  5400    8  -0.2942900000E+01  0.1469275968E+01 
 2008  5406    8  -0.3150750000E+01  0.1594052207E+01 
 2008  5412    8  -0.3202837500E+01  0.1612932418E+01 
 2008  5418    8  -0.3229712500E+01  0.1675875481E+01 
 2008  5424    8  -0.3428075000E+01  0.1667019388E+01 
 2008  5430    8  -0.3941500000E+01  0.1776318454E+01 
 2008  5436    8  -0.4363375000E+01  0.1821830257E+01 
 2008  5442    8  -0.4621250000E+01  0.1885353664E+01 
 2008  5448    8  -0.5097875000E+01  0.1854886818E+01 
 2008  5454    8  -0.5316875000E+01  0.1893302105E+01 
 2008  5460    8  -0.5018500000E+01  0.1782477559E+01 
 2008  5466    8  -0.4405500000E+01  0.1679025759E+01 
 2008  5472    8  -0.3689375000E+01  0.1467613193E+01 
 2008  5478    8  -0.3045000000E+01  0.1280598298E+01 
 2008  5484    8  -0.2533250000E+01  0.1103551284E+01 
 2008  5490    8  -0.1835550000E+01  0.1073911504E+01 
 2008  5496    8  -0.1623725000E+01  0.1008474283E+01 
 2008  5502    8  -0.1662487500E+01  0.1029184310E+01 
 2008  5508    8  -0.1674425000E+01  0.1000437443E+01 
 2008  5514    8  -0.1450725000E+01  0.1060027090E+01 
 2008  5520    8  -0.1739625000E+01  0.1101590321E+01 
 2008  5526    8  -0.1736250000E+01  0.1159547876E+01 
 2008  5532    8  -0.1739575000E+01  0.1122673765E+01 
 2008  5538    8  -0.1444987500E+01  0.1141354628E+01 
 2008  5544    8  -0.1641375000E+01  0.1152395460E+01 
 2008  5550    8  -0.2030787500E+01  0.1362580116E+01 
 2008  5556    8  -0.2746612500E+01  0.1584698404E+01 
 2008  5562    8  -0.3405950000E+01  0.1772529976E+01 
 2008  5568    8  -0.4248250000E+01  0.1831792821E+01 
 2008  5574    8  -0.4527000000E+01  0.1939614524E+01 
 2008  5580    8  -0.4243000000E+01  0.1868756204E+01 
 2008  5586    8  -0.3724625000E+01  0.1753529223E+01 
 2008  5592    8  -0.3569000000E+01  0.1630943745E+01 
 2008  5598    8  -0.3298787500E+01  0.1558904075E+01 
 2008  5604    8  -0.2939750000E+01  0.1478960594E+01 
 2008  5610    8  -0.2655350000E+01  0.1531829660E+01 
 2008  5616    8  -0.2721100000E+01  0.1491745796E+01 
 2008  5622    8  -0.3221725000E+01  0.1602762515E+01 
 2008  5628    8  -0.3643850000E+01  0.1709379992E+01 
 2008  5634    8  -0.4085250000E+01  0.1834880429E+01 
 2008  5640    8  -0.4281000000E+01  0.1803860859E+01 
 2008  5646    8  -0.4639125000E+01  0.1869124223E+01 
 2008  5652    8  -0.4490125000E+01  0.1751348369E+01 
 2008  5658    8  -0.4299125000E+01  0.1688610556E+01 
 2008  5664    8  -0.4222125000E+01  0.1562124390E+01 
 2008  5670    8  -0.4242500000E+01  0.1532860887E+01 
 2008  5676    8  -0.4313500000E+01  0.1497846037E+01 
 2008  5682    8  -0.3991625000E+01  0.1356610568E+01 
 2008  5688    8  -0.3501375000E+01  0.1149854441E+01 
 2008  5694    8  -0.2609875000E+01  0.1172926941E+01 
 2008  5700    8  -0.1386281250E+01  0.1222594672E+01 
 2008  5706    8  -0.7246625000E+00  0.1306890262E+01 
 2008  5712    8  -0.1018487500E+01  0.1318011859E+01 
 2008  5718    8  -0.1802473750E+01  0.1573623372E+01 
 2008  5724    8  -0.2569500000E+01  0.1769423765E+01 
 2008  5730    8  -0.3014662500E+01  0.1894132359E+01 
 2008  5736    8  -0.3495500000E+01  0.1946486257E+01 
 2008  5742    8  -0.4143800000E+01  0.2124236329E+01 
 2008  5748    8  -0.4784575000E+01  0.2343829391E+01 
 2008  5754    8  -0.5589750000E+01  0.2569502226E+01 
 2008  5760    8  -0.6128875000E+01  0.2594613721E+01 
 2008  5766    8  -0.6573750000E+01  0.2658383379E+01 
 2008  5772    8  -0.6819875000E+01  0.2655533959E+01 
 2008  5778    8  -0.6534125000E+01  0.2569163650E+01 
 2008  5784    8  -0.6646375000E+01  0.2390881581E+01 
 2008  5790    8  -0.6478375000E+01  0.2277574364E+01 
 2008  5796    8  -0.5993500000E+01  0.2038470137E+01 
 2008  5802    8  -0.5146625000E+01  0.1796281084E+01 
 2008  5808    8  -0.4435500000E+01  0.1519869814E+01 
 2008  5814    8  -0.3804500000E+01  0.1344402470E+01 
 2008  5820    8  -0.3435500000E+01  0.1246509126E+01 
 2008  5826    8  -0.2641925000E+01  0.1281504834E+01 
 2008  5832    8  -0.1972443750E+01  0.1435714380E+01 
 2008  5838    8  -0.1843208750E+01  0.1644019987E+01 
 2008  5844    8  -0.2312645000E+01  0.1852706907E+01 
 2008  5850    8  -0.2892887500E+01  0.2015055658E+01 
 2008  5856    8  -0.4065662500E+01  0.2200053448E+01 
 2008  5862    8  -0.5177912500E+01  0.2447003587E+01 
 2008  5868    8  -0.5559875000E+01  0.2554193240E+01 
 2008  5874    8  -0.5430875000E+01  0.2571560977E+01 
 2008  5880    8  -0.5596750000E+01  0.2578759476E+01 
 2008  5886    8  -0.6145750000E+01  0.2719684345E+01 
 2008  5892    8  -0.6577750000E+01  0.2715746295E+01 
 2008  5898    8  -0.6744250000E+01  0.2770179450E+01 
 2008  5904    8  -0.7048500000E+01  0.2728246369E+01 
 2008  5910    8  -0.6879000000E+01  0.2690845546E+01 
 2008  5916    8  -0.6126500000E+01  0.2521440362E+01 
 2008  5922    8  -0.5431250000E+01  0.2376250132E+01 
 2008  5928    8  -0.5197125000E+01  0.2229032158E+01 
 2008  5934    8  -0.5087375000E+01  0.2199023530E+01 
 2008  5940    8  -0.4767000000E+01  0.2114183649E+01 
 2008  5946    8  -0.4459375000E+01  0.2030140078E+01 
 2008  5952    8  -0.4472000000E+01  0.1946839041E+01 
 2008  5958    8  -0.4527000000E+01  0.1955880301E+01 
 2008  5964    8  -0.4241750000E+01  0.1896921437E+01 
 2008  5970    8  -0.3845125000E+01  0.1870210178E+01 
 2008  5976    8  -0.4036500000E+01  0.1820057691E+01 
 2008  5982    8  -0.4221250000E+01  0.1870382097E+01 
 2008  5988    8  -0.3930250000E+01  0.1822721094E+01 
 2008  5994    8  -0.3166937500E+01  0.1737103416E+01 
 2008  6000    8  -0.2679850000E+01  0.1578033775E+01 
 2008  6006    8  -0.2318062500E+01  0.1523844985E+01 
 2008  6012    8  -0.1593912500E+01  0.1419836779E+01 
 2008  6018    8  -0.9401500000E+00  0.1364993960E+01 
 2008  6024    8  -0.7249875000E+00  0.1301198069E+01 
 2008  6030    8  -0.6598250000E+00  0.1315161497E+01 
 2008  6036    8  -0.5746875000E+00  0.1264862347E+01 
 2008  6042    8  -0.6539125000E+00  0.1223228597E+01 
 2008  6048    8  -0.1151133750E+01  0.1207023154E+01 
 2008  6054    8  -0.1696112500E+01  0.1280490811E+01 
 2008  6060    8  -0.2024425000E+01  0.1266279958E+01 
 2008  6066    8  -0.2233612500E+01  0.1329725470E+01 
 2008  6072    8  -0.2465650000E+01  0.1392206137E+01 
 2008  6078    8  -0.2740700000E+01  0.1578357963E+01 
 2008  6084    8  -0.2980062500E+01  0.1664444097E+01 
 2008  6090    8  -0.2576487500E+01  0.1562546405E+01 
 2008  6096    8  -0.2550600000E+01  0.1438791186E+01 
 2008  6102    8  -0.2498362500E+01  0.1449034213E+01 
 2008  6108    8  -0.2405700000E+01  0.1409064168E+01 
 2008  6114    8  -0.2100125000E+01  0.1335408159E+01 
 2008  6120    8  -0.2594625000E+01  0.1297852451E+01 
 2008  6126    8  -0.3231625000E+01  0.1312533517E+01 
 2008  6132    8  -0.3457625000E+01  0.1205393394E+01 
 2008  6138    8  -0.2795375000E+01  0.1112062941E+01 
 2008  6144    8  -0.2052987500E+01  0.1125516204E+01 
 2008  6150    8  -0.1547662500E+01  0.1113222195E+01 
 2008  6156    8  -0.1557287500E+01  0.1080092149E+01 
 2008  6162    8  -0.2560750000E+01  0.1024816538E+01 
 2008  6168    8  -0.3113500000E+01  0.1295399552E+01 
 2008  6174    8  -0.3138462500E+01  0.1637743042E+01 
 2008  6180    8  -0.3166087500E+01  0.1692305847E+01 
 2008  6186    8  -0.2165300000E+01  0.1581466263E+01 
 2008  6192    8  -0.2212325000E+01  0.1627742322E+01 
 2008  6198    8  -0.3044448750E+01  0.1812838406E+01 
 2008  6204    8  -0.3652937500E+01  0.1853355107E+01 
 2008  6210    8  -0.4259625000E+01  0.1784284306E+01 
 2008  6216    8  -0.4604250000E+01  0.1703584071E+01 
 2008  6222    8  -0.4549125000E+01  0.1484254142E+01 
 2008  6228    8  -0.4112500000E+01  0.1374359032E+01 
 2008  6234    8  -0.2799375000E+01  0.1257655750E+01 
 2008  6240    8  -0.2321125000E+01  0.1197932014E+01 
 2008  6246    8  -0.2019075000E+01  0.1172953767E+01 
 2008  6252    8  -0.2237400000E+01  0.1227942910E+01 
 2008  6258    8  -0.2031787500E+01  0.1281713633E+01 
 2008  6264    8  -0.2635000000E+01  0.1297290349E+01 
 2008  6270    8  -0.3338625000E+01  0.1321662489E+01 
 2008  6276    8  -0.4011000000E+01  0.1467227402E+01 
 2008  6282    8  -0.3427500000E+01  0.1465238888E+01 
 2008  6288    8  -0.3107125000E+01  0.1289558106E+01 
 2008  6294    8  -0.3259375000E+01  0.1246291192E+01 
 2008  6300    8  -0.4183500000E+01  0.1388066551E+01 
 2008  6306    8  -0.4526625000E+01  0.1584157579E+01 
 2008  6312    8  -0.5166000000E+01  0.1683752877E+01 
 2008  6318    8  -0.6127000000E+01  0.1922733796E+01 
 2008  6324    8  -0.6383250000E+01  0.2025256326E+01 
 2008  6330    8  -0.6306250000E+01  0.2059542956E+01 
 2008  6336    8  -0.6750250000E+01  0.2019443658E+01 
 2008  6342    8  -0.6838000000E+01  0.2018416335E+01 
 2008  6348    8  -0.6956375000E+01  0.1943486489E+01 
 2008  6354    8  -0.6201750000E+01  0.1797781393E+01 
 2008  6360    8  -0.5014000000E+01  0.1660132675E+01 
 2008  6366    8  -0.4168875000E+01  0.1401558992E+01 
 2008  6372    8  -0.3761125000E+01  0.1299951964E+01 
 2008  6378    8  -0.3078500000E+01  0.1301812775E+01 
 2008  6384    8  -0.3374875000E+01  0.1403415694E+01 
 2008  6390    8  -0.4034750000E+01  0.1523244871E+01 
 2008  6396    8  -0.4414000000E+01  0.1491881614E+01 
 2008  6402    8  -0.4015875000E+01  0.1398153822E+01 
 2008  6408    8  -0.3547500000E+01  0.1501066537E+01 
 2008  6414    8  -0.3311000000E+01  0.1516740584E+01 
 2008  6420    8  -0.3335375000E+01  0.1502237992E+01 
 2008  6426    8  -0.3481875000E+01  0.1599856981E+01 
 2008  6432    8  -0.4265250000E+01  0.1814278283E+01 
 2008  6438    8  -0.5022625000E+01  0.1973067468E+01 
 2008  6444    8  -0.5650875000E+01  0.2135539594E+01 
 2008  6450    8  -0.5672125000E+01  0.2260247632E+01 
 2008  6456    8  -0.5698375000E+01  0.2284429302E+01 
 2008  6462    8  -0.5750875000E+01  0.2265370413E+01 
 2008  6468    8  -0.5463250000E+01  0.2280438157E+01 
 2008  6474    8  -0.4659225000E+01  0.2304753426E+01 
 2008  6480    8  -0.4460587500E+01  0.2368792106E+01 
 2008  6486    8  -0.5246025000E+01  0.2475354905E+01 
 2008  6492    8  -0.6132875000E+01  0.2597552860E+01 
 2008  6498    8  -0.6178875000E+01  0.2764263303E+01 
 2008  6504    8  -0.6186625000E+01  0.2852673349E+01 
 2008  6510    8  -0.5874262500E+01  0.2745462462E+01 
 2008  6516    8  -0.5496512500E+01  0.2660861419E+01 
 2008  6522    8  -0.5486412500E+01  0.2627988507E+01 
 2008  6528    8  -0.6161750000E+01  0.2638456592E+01 
 2008  6534    8  -0.6754750000E+01  0.2647207007E+01 
 2008  6540    8  -0.7366125000E+01  0.2672662504E+01 
 2008  6546    8  -0.7167125000E+01  0.2518423040E+01 
 2008  6552    8  -0.6961125000E+01  0.2434506389E+01 
 2008  6558    8  -0.6518000000E+01  0.2293130012E+01 
 2008  6564    8  -0.5566000000E+01  0.2191353463E+01 
 2008  6570    8  -0.4061825000E+01  0.1885125596E+01 
 2008  6576    8  -0.3527787500E+01  0.1797091662E+01 
 2008  6582    8  -0.3391062500E+01  0.1804301292E+01 
 2008  6588    8  -0.3859312500E+01  0.1870235529E+01 
 2008  6594    8  -0.4147375000E+01  0.1863897458E+01 
 2008  6600    8  -0.4650250000E+01  0.1952694981E+01 
 2008  6606    8  -0.4657000000E+01  0.1942921447E+01 
 2008  6612    8  -0.4565750000E+01  0.1967927447E+01 
 2008  6618    8  -0.4539125000E+01  0.1903884873E+01 
 2008  6624    8  -0.5033125000E+01  0.1972500915E+01 
 2008  6630    8  -0.5475000000E+01  0.1960895076E+01 
 2008  6636    8  -0.5900750000E+01  0.2013103248E+01 
 2008  6642    8  -0.5960250000E+01  0.1951792686E+01 
 2008  6648    8  -0.5854000000E+01  0.1855169265E+01 
 2008  6654    8  -0.5384750000E+01  0.1700692782E+01 
 2008  6660    8  -0.4762000000E+01  0.1560346516E+01 
 2008  6666    8  -0.3649125000E+01  0.1437232796E+01 
 2008  6672    8  -0.3043375000E+01  0.1343356611E+01 
 2008  6678    8  -0.2603750000E+01  0.1256437598E+01 
 2008  6684    8  -0.2552125000E+01  0.1260247241E+01 
 2008  6690    8  -0.2440962500E+01  0.1183611596E+01 
 2008  6696    8  -0.2457750000E+01  0.1011848401E+01 
 2008  6702    8  -0.2591000000E+01  0.8552289167E+00 
 2008  6708    8  -0.3072500000E+01  0.9756759196E+00 
 2008  6714    8  -0.3519375000E+01  0.1142513779E+01 
 2008  6720    8  -0.4315375000E+01  0.1317346949E+01 
 2008  6726    8  -0.4666000000E+01  0.1461722357E+01 
 2008  6732    8  -0.4540000000E+01  0.1606341962E+01 
 2008  6738    8  -0.3947250000E+01  0.1547047006E+01 
 2008  6744    8  -0.3680250000E+01  0.1574617473E+01 
 2008  6750    8  -0.3975875000E+01  0.1661183572E+01 
 2008  6756    8  -0.3776200000E+01  0.1761709434E+01 
 2008  6762    8  -0.3421075000E+01  0.1795100175E+01 
 2008  6768    8  -0.3323700000E+01  0.1850956004E+01 
 2008  6774    8  -0.3359352500E+01  0.1969050936E+01 
 2008  6780    8  -0.3457312500E+01  0.2087742934E+01 
 2008  6786    8  -0.3404775000E+01  0.2155007291E+01 
 2008  6792    8  -0.4013350000E+01  0.2391228702E+01 
 2008  6798    8  -0.5067500000E+01  0.2695153103E+01 
 2008  6804    8  -0.6036050000E+01  0.2953342779E+01 
 2008  6810    8  -0.7017750000E+01  0.3222291683E+01 
 2008  6816    8  -0.8288125000E+01  0.3498935318E+01 
 2008  6822    8  -0.9264000000E+01  0.3713797147E+01 
 2008  6828    8  -0.1019737500E+02  0.3953682870E+01 
 2008  6834    8  -0.1080437500E+02  0.4128769004E+01 
 2008  6840    8  -0.1116787500E+02  0.4217261980E+01 
 2008  6846    8  -0.1126937500E+02  0.4235995660E+01 
 2008  6852    8  -0.1073400000E+02  0.4135361260E+01 
 2008  6858    8  -0.9943625000E+01  0.3890426806E+01 
 2008  6864    8  -0.9483250000E+01  0.3683104287E+01 
 2008  6870    8  -0.9026625000E+01  0.3481877365E+01 
 2008  6876    8  -0.8309000000E+01  0.3240566964E+01 
 2008  6882    8  -0.7362125000E+01  0.3005964963E+01 
 2008  6888    8  -0.6495375000E+01  0.2777345672E+01 
 2008  6894    8  -0.5516237500E+01  0.2569413361E+01 
 2008  6900    8  -0.5224650000E+01  0.2461324990E+01 
 2008  6906    8  -0.5397375000E+01  0.2431605896E+01 
 2008  6912    8  -0.6135625000E+01  0.2486384822E+01 
 2008  6918    8  -0.6889125000E+01  0.2512767470E+01 
 2008  6924    8  -0.7199250000E+01  0.2500995689E+01 
 2008  6930    8  -0.6852500000E+01  0.2323437647E+01 
 2008  6936    8  -0.6186125000E+01  0.2216989199E+01 
 2008  6942    8  -0.5018875000E+01  0.2009263636E+01 
 2008  6948    8  -0.3976750000E+01  0.1849927820E+01 
 2008  6954    8  -0.3130250000E+01  0.1692839755E+01 
 2008  6960    8  -0.3004650000E+01  0.1696862887E+01 
 2008  6966    8  -0.3494125000E+01  0.1660057110E+01 
 2008  6972    8  -0.4130500000E+01  0.1660267900E+01 
 2008  6978    8  -0.4668125000E+01  0.1631818421E+01 
 2008  6984    8  -0.4747375000E+01  0.1582637351E+01 
 2008  6990    8  -0.3901525000E+01  0.1815660343E+01 
 2008  6996    8  -0.2956437500E+01  0.1972609840E+01 
 2008  7002    8  -0.1324777500E+01  0.1956298189E+01 
 2008  7008    8  -0.9511875000E+00  0.1936319765E+01 
 2008  7014    8  -0.1863575000E+01  0.2196473726E+01 
 2008  7020    8  -0.3210200000E+01  0.2499161695E+01 
 2008  7026    8  -0.5203862500E+01  0.2702582410E+01 
 2008  7032    8  -0.6902875000E+01  0.2867419852E+01 
 2008  7038    8  -0.7352875000E+01  0.2884566754E+01 
 2008  7044    8  -0.7093625000E+01  0.2878725887E+01 
 2008  7050    8  -0.6706625000E+01  0.2820303749E+01 
 2008  7056    8  -0.6385375000E+01  0.2823534263E+01 
 2008  7062    8  -0.6393375000E+01  0.2792181805E+01 
 2008  7068    8  -0.6190500000E+01  0.2768970567E+01 
 2008  7074    8  -0.5989000000E+01  0.2721341535E+01 
 2008  7080    8  -0.6155250000E+01  0.2756566558E+01 
 2008  7086    8  -0.6209875000E+01  0.2719223209E+01 
 2008  7092    8  -0.6197250000E+01  0.2736461344E+01 
 2008  7098    8  -0.5979250000E+01  0.2702964380E+01 
 2008  7104    8  -0.6188375000E+01  0.2781734034E+01 
 2008  7110    8  -0.6167500000E+01  0.2711481652E+01 
 2008  7116    8  -0.5848375000E+01  0.2592297819E+01 
 2008  7122    8  -0.5640375000E+01  0.2470531923E+01 
 2008  7128    8  -0.5727500000E+01  0.2519073937E+01 
 2008  7134    8  -0.5493375000E+01  0.2521990481E+01 
 2008  7140    8  -0.5665500000E+01  0.2684312622E+01 
 2008  7146    8  -0.6023375000E+01  0.2800675005E+01 
 2008  7152    8  -0.6788875000E+01  0.3045764249E+01 
 2008  7158    8  -0.7717125000E+01  0.3129202951E+01 
 2008  7164    8  -0.8181500000E+01  0.3222264576E+01 
 2008  7170    8  -0.8314500000E+01  0.3319945030E+01 
 2008  7176    8  -0.8318625000E+01  0.3449369143E+01 
 2008  7182    8  -0.8538750000E+01  0.3495376223E+01 
 2008  7188    8  -0.8805000000E+01  0.3659425023E+01 
 2008  7194    8  -0.8959375000E+01  0.3699484861E+01 
 2008  7200    8  -0.9248125000E+01  0.3677053625E+01 
 2008  7206    8  -0.9373875000E+01  0.3479303610E+01 
 2008  7212    8  -0.9661750000E+01  0.3438930239E+01 
 2008  7218    8  -0.9351000000E+01  0.3233385416E+01 
 2008  7224    8  -0.8768125000E+01  0.3034327703E+01 
 2008  7230    8  -0.8025750000E+01  0.2819029654E+01 
 2008  7236    8  -0.6728625000E+01  0.2588106254E+01 
 2008  7242    8  -0.5350750000E+01  0.2336740826E+01 
 2008  7248    8  -0.4489150000E+01  0.2233627265E+01 
 2008  7254    8  -0.3658725000E+01  0.2094368384E+01 
 2008  7260    8  -0.3090637500E+01  0.1974433136E+01 
 2008  7266    8  -0.2709943750E+01  0.1832203929E+01 
 2008  7272    8  -0.2648525000E+01  0.1781824105E+01 
 2008  7278    8  -0.2691525000E+01  0.1703766179E+01 
 2008  7284    8  -0.2913587500E+01  0.1726738223E+01 
 2008  7290    8  -0.3101762500E+01  0.1726776070E+01 
 2008  7296    8  -0.3758375000E+01  0.1782018514E+01 
 2008  7302    8  -0.4255875000E+01  0.1748296273E+01 
 2008  7308    8  -0.4188000000E+01  0.1888931444E+01 
 2008  7314    8  -0.3770825000E+01  0.2020660366E+01 
 2008  7320    8  -0.3245725000E+01  0.2095525134E+01 
 2008  7326    8  -0.2976037500E+01  0.2022253936E+01 
 2008  7332    8  -0.3042187500E+01  0.2080845678E+01 
 2008  7338    8  -0.3224816250E+01  0.2069680478E+01 
 2008  7344    8  -0.3647350000E+01  0.1988816006E+01 
 2008  7350    8  -0.3886400000E+01  0.1867888773E+01 
 2008  7356    8  -0.4114625000E+01  0.1875779500E+01 
 2008  7362    8  -0.4444000000E+01  0.1911823671E+01 
 2008  7368    8  -0.5011375000E+01  0.2095441477E+01 
 2008  7374    8  -0.5082125000E+01  0.2166503314E+01 
 2008  7380    8  -0.4631125000E+01  0.2169805431E+01 
 2008  7386    8  -0.4219100000E+01  0.2209410842E+01 
 2008  7392    8  -0.4080816250E+01  0.2361659066E+01 
 2008  7398    8  -0.3893626250E+01  0.2314951959E+01 
 2008  7404    8  -0.3726925000E+01  0.2293223769E+01 
 2008  7410    8  -0.3958262500E+01  0.2426474368E+01 
 2008  7416    8  -0.4409220000E+01  0.2544129147E+01 
 2008  7422    8  -0.4495012500E+01  0.2525909208E+01 
 2008  7428    8  -0.4800812500E+01  0.2593317276E+01 
 2008  7434    8  -0.4972475000E+01  0.2560219938E+01 
 2008  7440    8  -0.5201175000E+01  0.2461007358E+01 
 2008  7446    8  -0.5340125000E+01  0.2392703358E+01 
 2008  7452    8  -0.5508875000E+01  0.2411866623E+01 
 2008  7458    8  -0.5414500000E+01  0.2384485007E+01 
 2008  7464    8  -0.4812487500E+01  0.2369819627E+01 
 2008  7470    8  -0.3997337500E+01  0.2505653371E+01 
 2008  7476    8  -0.3958187500E+01  0.2610521755E+01 
 2008  7482    8  -0.3517537500E+01  0.2709464518E+01 
 2008  7488    8  -0.3991462500E+01  0.2785812812E+01 
 2008  7494    8  -0.4738125000E+01  0.2872074095E+01 
 2008  7500    8  -0.5234941250E+01  0.2992565873E+01 
 2008  7506    8  -0.5409950000E+01  0.3066176058E+01 
 2008  7512    8  -0.5733827500E+01  0.3197786074E+01 
 2008  7518    8  -0.5936875000E+01  0.3234221484E+01 
 2008  7524    8  -0.6002485000E+01  0.3319018018E+01 
 2008  7530    8  -0.6379787500E+01  0.3360635854E+01 
 2008  7536    8  -0.7171612500E+01  0.3570155074E+01 
 2008  7542    8  -0.7918000000E+01  0.3717528850E+01 
 2008  7548    8  -0.8349125000E+01  0.3709709741E+01 
 2008  7554    8  -0.8692500000E+01  0.3648519391E+01 
 2008  7560    8  -0.8970625000E+01  0.3719494386E+01 
 2008  7566    8  -0.8850250000E+01  0.3588317668E+01 
 2008  7572    8  -0.8581125000E+01  0.3417519731E+01 
 2008  7578    8  -0.8262625000E+01  0.3257856310E+01 
 2008  7584    8  -0.7998750000E+01  0.3137421423E+01 
 2008  7590    8  -0.7271625000E+01  0.2868321545E+01 
 2008  7596    8  -0.6710625000E+01  0.2722510925E+01 
 2008  7602    8  -0.6120500000E+01  0.2569783405E+01 
 2008  7608    8  -0.5872250000E+01  0.2483765526E+01 
 2008  7614    8  -0.5636750000E+01  0.2397139637E+01 
 2008  7620    8  -0.5318250000E+01  0.2313864503E+01 
 2008  7626    8  -0.4982875000E+01  0.2283617877E+01 
 2008  7632    8  -0.4927875000E+01  0.2345782355E+01 
 2008  7638    8  -0.4783537500E+01  0.2414470236E+01 
 2008  7644    8  -0.4855250000E+01  0.2518733151E+01 
 2008  7650    8  -0.5029200000E+01  0.2535199712E+01 
 2008  7656    8  -0.5284100000E+01  0.2687175072E+01 
 2008  7662    8  -0.5611237500E+01  0.2780990025E+01 
 2008  7668    8  -0.5713237500E+01  0.2858906844E+01 
 2008  7674    8  -0.5518637500E+01  0.2852352432E+01 
 2008  7680    8  -0.5686112500E+01  0.2894138320E+01 
 2008  7686    8  -0.5719187500E+01  0.2820037388E+01 
 2008  7692    8  -0.6037750000E+01  0.2789369631E+01 
 2008  7698    8  -0.6372625000E+01  0.2720167409E+01 
 2008  7704    8  -0.6732625000E+01  0.2682841681E+01 
 2008  7710    8  -0.7189000000E+01  0.2549396938E+01 
 2008  7716    8  -0.7519750000E+01  0.2357664509E+01 
 2008  7722    8  -0.7227500000E+01  0.2310616963E+01 
 2008  7728    8  -0.6122750000E+01  0.2423263695E+01 
 2008  7734    8  -0.4693725000E+01  0.2359371512E+01 
 2008  7740    8  -0.4118300000E+01  0.2443487268E+01 
 2008  7746    8  -0.4294336250E+01  0.2551616542E+01 
 2008  7752    8  -0.4647577500E+01  0.2693228547E+01 
 2008  7758    8  -0.4903862500E+01  0.2604328178E+01 
 2008  7764    8  -0.5395875000E+01  0.2400320626E+01 
 2008  7770    8  -0.5764375000E+01  0.2277143877E+01 
 2008  7776    8  -0.5484875000E+01  0.2197660144E+01 
 2008  7782    8  -0.4413500000E+01  0.1955877872E+01 
 2008  7788    8  -0.2883750000E+01  0.1684672638E+01 
 2008  7794    8  -0.2373125000E+01  0.1444053704E+01 
 2008  7800    8  -0.2771250000E+01  0.1324874876E+01 
 2008  7806    8  -0.3183625000E+01  0.1249916991E+01 
 2008  7812    8  -0.3504125000E+01  0.1274112970E+01 
 2008  7818    8  -0.3486625000E+01  0.1172108777E+01 
 2008  7824    8  -0.3639750000E+01  0.1163557879E+01 
 2008  7830    8  -0.4144125000E+01  0.1067611872E+01 
 2008  7836    8  -0.3957375000E+01  0.1295776884E+01 
 2008  7842    8  -0.3582125000E+01  0.1477690380E+01 
 2008  7848    8  -0.1449100000E+01  0.1637697224E+01 
 2008  7854    8  0.1810062500E+01  0.1857853843E+01 
 2008  7860    8  0.4821000000E+01  0.1957668384E+01 
 2008  7866    8  0.7404125000E+01  0.2135968541E+01 
 2008  7872    8  0.6326125000E+01  0.1806037544E+01 
 2008  7878    8  0.4775750000E+01  0.1553995878E+01 
 2008  7884    8  0.2516687500E+01  0.1321616930E+01 
 2008  7890    8  0.4569500000E+00  0.1342607653E+01 
 2008  7896    8  -0.1561497500E+01  0.1620537167E+01 
 2008  7902    8  -0.4096750000E+01  0.1745576534E+01 
 2008  7908    8  -0.5268875000E+01  0.1930724892E+01 
 2008  7914    8  -0.4831125000E+01  0.1629590166E+01 
 2008  7920    8  -0.3901500000E+01  0.1413472409E+01 
 2008  7926    8  -0.2326750000E+01  0.1121229877E+01 
 2008  7932    8  -0.1084950000E+01  0.1062390006E+01 
 2008  7938    8  0.5943500000E+00  0.1156835704E+01 
 2008  7944    8  0.1425825000E+01  0.1452207400E+01 
 2008  7950    8  0.1066162500E+01  0.1512126278E+01 
 2008  7956    8  -0.1120075000E+00  0.1680800926E+01 
 2008  7962    8  -0.1475912500E+01  0.1946858605E+01 
 2008  7968    8  -0.3026587500E+01  0.2355330885E+01 
 2008  7974    8  -0.4028025000E+01  0.2608969091E+01 
 2008  7980    8  -0.5147805000E+01  0.2910645806E+01 
 2008  7986    8  -0.6109000000E+01  0.3074257268E+01 
 2008  7992    8  -0.6912250000E+01  0.3173363112E+01 
 2008  7998    8  -0.7416125000E+01  0.3077722431E+01 
 2008  8004    8  -0.7076000000E+01  0.2907339978E+01 
 2008  8010    8  -0.5708625000E+01  0.2243345991E+01 
 2008  8016    8  -0.3721750000E+01  0.1743574400E+01 
 2008  8022    8  -0.1195950000E+01  0.1395339470E+01 
 2008  8028    8  0.4200562500E+00  0.1373974863E+01 
 2008  8034    8  0.1220862500E+01  0.1317961793E+01 
 2008  8040    8  0.7450500000E+00  0.1334108890E+01 
 2008  8046    8  -0.2260625000E+00  0.1432182730E+01 
 2008  8052    8  -0.1690041250E+01  0.1643788366E+01 
 2008  8058    8  -0.2579250000E+01  0.1690335470E+01 
 2008  8064    8  -0.3586487500E+01  0.1870774930E+01 
 2008  8070    8  -0.3988000000E+01  0.1916917447E+01 
 2008  8076    8  -0.3789750000E+01  0.1851367113E+01 
 2008  8082    8  -0.3281750000E+01  0.1667265332E+01 
 2008  8088    8  -0.3086037500E+01  0.1795741535E+01 
 2008  8094    8  -0.3017775000E+01  0.1854258411E+01 
 2008  8100    8  -0.3008875000E+01  0.1862816177E+01 
 2008  8106    8  -0.3529512500E+01  0.1894965023E+01 
 2008  8112    8  -0.3911687500E+01  0.1995124666E+01 
 2008  8118    8  -0.3712987500E+01  0.1937829379E+01 
 2008  8124    8  -0.3234062500E+01  0.1866639936E+01 
 2008  8130    8  -0.2617550000E+01  0.1790718748E+01 
 2008  8136    8  -0.1877508750E+01  0.1582931454E+01 
 2008  8142    8  -0.3523067500E+00  0.1292541654E+01 
 2008  8148    8  0.9379050000E+00  0.1298808890E+01 
 2008  8154    8  0.1990725000E+01  0.1183126485E+01 
 2008  8160    8  0.1592512500E+01  0.1272737311E+01 
 2008  8166    8  0.4334162500E+00  0.1358097777E+01 
 2008  8172    8  -0.1140403750E+01  0.1479241171E+01 
 2008  8178    8  -0.2653975000E+01  0.1541386293E+01 
 2008  8184    8  -0.3658250000E+01  0.1766465663E+01 
 2008  8190    8  -0.4662000000E+01  0.1864416195E+01 
 2008  8196    8  -0.5075750000E+01  0.1654725034E+01 
 2008  8202    8  -0.4608625000E+01  0.1448169788E+01 
 2008  8208    8  -0.3144000000E+01  0.1310303591E+01 
 2008  8214    8  -0.1507925000E+01  0.1162981160E+01 
 2008  8220    8  -0.7114775000E+00  0.1170917867E+01 
 2008  8226    8  -0.5310750000E+00  0.1261727507E+01 
 2008  8232    8  -0.5683150000E+00  0.1396199849E+01 
 2008  8238    8  -0.8932625000E+00  0.1486997838E+01 
 2008  8244    8  -0.1603862500E+01  0.1645345039E+01 
 2008  8250    8  -0.2175780000E+01  0.1783475946E+01 
 2008  8256    8  -0.2722500000E+01  0.1995080552E+01 
 2008  8262    8  -0.2709100000E+01  0.2053430357E+01 
 2008  8268    8  -0.2758200000E+01  0.2082979901E+01 
 2008  8274    8  -0.2853112500E+01  0.2117169075E+01 
 2008  8280    8  -0.3813091250E+01  0.2314027957E+01 
 2008  8286    8  -0.4612525000E+01  0.2476908068E+01 
 2008  8292    8  -0.5356162500E+01  0.2653856907E+01 
 2008  8298    8  -0.5771750000E+01  0.2713381827E+01 
 2008  8304    8  -0.6489500000E+01  0.2933995825E+01 
 2008  8310    8  -0.6729125000E+01  0.3056756919E+01 
 2008  8316    8  -0.6427250000E+01  0.2947063613E+01 
 2008  8322    8  -0.5381412500E+01  0.2655226933E+01 
 2008  8328    8  -0.4667725000E+01  0.2432044496E+01 
 2008  8334    8  -0.3763062500E+01  0.2222741838E+01 
 2008  8340    8  -0.2938025000E+01  0.2107449241E+01 
 2008  8346    8  -0.2380300000E+01  0.1987046185E+01 
 2008  8352    8  -0.2462262500E+01  0.1964217279E+01 
 2008  8358    8  -0.2634325000E+01  0.2071184125E+01 
 2008  8364    8  -0.3311387500E+01  0.2291606255E+01 
 2008  8370    8  -0.3420050000E+01  0.2387607391E+01 
 2008  8376    8  -0.3598450000E+01  0.2584061951E+01 
 2008  8382    8  -0.3641875000E+01  0.2610909876E+01 
 2008  8388    8  -0.3511262500E+01  0.2692604015E+01 
 2008  8394    8  -0.3214500000E+01  0.2665237982E+01 
 2008  8400    8  -0.3380800000E+01  0.2747802145E+01 
 2008  8406    8  -0.3599900000E+01  0.2793425186E+01 
 2008  8412    8  -0.4385650000E+01  0.2865382004E+01 
 2008  8418    8  -0.5173312500E+01  0.2878105007E+01 
 2008  8424    8  -0.6106925000E+01  0.3008650144E+01 
 2008  8430    8  -0.6610500000E+01  0.3073013505E+01 
 2008  8436    8  -0.6500750000E+01  0.2929909715E+01 
 2008  8442    8  -0.6297125000E+01  0.2790386731E+01 
 2008  8448    8  -0.6203125000E+01  0.2756674194E+01 
 2008  8454    8  -0.5873375000E+01  0.2554755563E+01 
 2008  8460    8  -0.5428750000E+01  0.2391685062E+01 
 2008  8466    8  -0.4644375000E+01  0.2203315850E+01 
 2008  8472    8  -0.4088875000E+01  0.2005544592E+01 
 2008  8478    8  -0.3598250000E+01  0.1810242577E+01 
 2008  8484    8  -0.3163475000E+01  0.1762595566E+01 
 2008  8490    8  -0.2653212500E+01  0.1644543467E+01 
 2008  8496    8  -0.3337250000E+01  0.1647249051E+01 
 2008  8502    8  -0.3884875000E+01  0.1765255891E+01 
 2008  8508    8  -0.4841625000E+01  0.2029229099E+01 
 2008  8514    8  -0.5763750000E+01  0.2265787598E+01 
 2008  8520    8  -0.6473250000E+01  0.2404896606E+01 
 2008  8526    8  -0.6988375000E+01  0.2360199194E+01 
 2008  8532    8  -0.6951250000E+01  0.2134828784E+01 
 2008  8538    8  -0.6208750000E+01  0.2141054165E+01 
 2008  8544    8  -0.5685750000E+01  0.2341851177E+01 
 2008  8550    8  -0.5533000000E+01  0.2598707371E+01 
 2008  8556    8  -0.5925375000E+01  0.2822468996E+01 
 2008  8562    8  -0.7551125000E+01  0.3041009801E+01 
 2008  8568    8  -0.9229000000E+01  0.3009499169E+01 
 2008  8574    8  -0.9873125000E+01  0.2875579526E+01 
 2008  8580    8  -0.9216875000E+01  0.2538382774E+01 
 2008  8586    8  -0.7708250000E+01  0.2232143239E+01 
 2008  8592    8  -0.6762250000E+01  0.1885155481E+01 
 2008  8598    8  -0.6438625000E+01  0.1924163775E+01 
 2008  8604    8  -0.6656125000E+01  0.2172156097E+01 
 2008  8610    8  -0.7191125000E+01  0.2469392002E+01 
 2008  8616    8  -0.7538000000E+01  0.2559458536E+01 
 2008  8622    8  -0.7055375000E+01  0.2385442356E+01 
 2008  8628    8  -0.4853750000E+01  0.1992356880E+01 
 2008  8634    8  -0.3672925000E+01  0.1904860320E+01 
 2008  8640    8  -0.4166850000E+01  0.2048473726E+01 
 2008  8646    8  -0.5273250000E+01  0.2434510667E+01 
 2008  8652    8  -0.6673375000E+01  0.2831400402E+01 
 2008  8658    8  -0.7592875000E+01  0.3202730805E+01 
 2008  8664    8  -0.8285875000E+01  0.3596130192E+01 
 2008  8670    8  -0.8376000000E+01  0.3718708210E+01 
 2008  8676    8  -0.8055625000E+01  0.3642766460E+01 
 2008  8682    8  -0.7408000000E+01  0.3548085646E+01 
 2008  8688    8  -0.7132200000E+01  0.3644006926E+01 
 2008  8694    8  -0.7651875000E+01  0.3825470770E+01 
 2008  8700    8  -0.8758875000E+01  0.4044565163E+01 
 2008  8706    8  -0.1001075000E+02  0.4189093331E+01 
 2008  8712    8  -0.1080825000E+02  0.4331058899E+01 
 2008  8718    8  -0.1082775000E+02  0.4253344383E+01 
 2008  8724    8  -0.1026162500E+02  0.4035697398E+01 
 2008  8730    8  -0.8968375000E+01  0.3827981842E+01 
 2008  8736    8  -0.7726412500E+01  0.3719292159E+01 
 2008  8742    8  -0.7435850000E+01  0.3812810421E+01 
 2008  8748    8  -0.8141200000E+01  0.3950802694E+01 
 2008  8754    8  -0.9426625000E+01  0.4158071847E+01 
 2008  8760    8  -0.1042525000E+02  0.4293980169E+01 
 2008  8766    8  -0.1056650000E+02  0.4342941572E+01 
 2008  8772    8  -0.1018587500E+02  0.4203841589E+01 
 2008  8778    8  -0.1000275000E+02  0.4090305696E+01 
 2008  8784    8  -0.9864500000E+01  0.3920050446E+01 
