 2008  0006    12  -0.7753000000E+01  0.2434797356E+01 
 2008  0012    12  -0.7509416667E+01  0.2532776094E+01 
 2008  0018    12  -0.7268666667E+01  0.2546277457E+01 
 2008  0024    12  -0.7028083333E+01  0.2568521574E+01 
 2008  0030    12  -0.6780333333E+01  0.2381469131E+01 
 2008  0036    12  -0.6461500000E+01  0.2327344964E+01 
 2008  0042    12  -0.5896000000E+01  0.2391613611E+01 
 2008  0048    12  -0.5419583333E+01  0.2341138521E+01 
 2008  0054    12  -0.4583616667E+01  0.2232352462E+01 
 2008  0060    12  -0.4248300000E+01  0.2366809559E+01 
 2008  0066    12  -0.4396825000E+01  0.2496297436E+01 
 2008  0072    12  -0.4529308333E+01  0.2564088313E+01 
 2008  0078    12  -0.4381675000E+01  0.2550705166E+01 
 2008  0084    12  -0.4561383333E+01  0.2539845373E+01 
 2008  0090    12  -0.4560283333E+01  0.2396314458E+01 
 2008  0096    12  -0.4707391667E+01  0.2378452544E+01 
 2008  0102    12  -0.5204491667E+01  0.2544670812E+01 
 2008  0108    12  -0.4959591667E+01  0.2637733269E+01 
 2008  0114    12  -0.4634083333E+01  0.2652652272E+01 
 2008  0120    12  -0.4827450000E+01  0.2578291772E+01 
 2008  0126    12  -0.4510608333E+01  0.2556936192E+01 
 2008  0132    12  -0.4951933333E+01  0.2464137141E+01 
 2008  0138    12  -0.5027541667E+01  0.2430373166E+01 
 2008  0144    12  -0.4703366667E+01  0.2210575162E+01 
 2008  0150    12  -0.3975825000E+01  0.2023238548E+01 
 2008  0156    12  -0.3154191667E+01  0.2169208335E+01 
 2008  0162    12  -0.2652754167E+01  0.2063480244E+01 
 2008  0168    12  -0.3203125000E+01  0.2190777728E+01 
 2008  0174    12  -0.4065133333E+01  0.2219084690E+01 
 2008  0180    12  -0.4546250000E+01  0.2194940019E+01 
 2008  0186    12  -0.4230541667E+01  0.2245353772E+01 
 2008  0192    12  -0.4418995833E+01  0.2268143988E+01 
 2008  0198    12  -0.4739641667E+01  0.2379832203E+01 
 2008  0204    12  -0.5006975000E+01  0.2414547019E+01 
 2008  0210    12  -0.5676758333E+01  0.2478226925E+01 
 2008  0216    12  -0.6480916667E+01  0.2593876457E+01 
 2008  0222    12  -0.6857583333E+01  0.2657965151E+01 
 2008  0228    12  -0.7401916667E+01  0.2662581656E+01 
 2008  0234    12  -0.7608833333E+01  0.2660974816E+01 
 2008  0240    12  -0.7281500000E+01  0.2621425741E+01 
 2008  0246    12  -0.6644666667E+01  0.2557101853E+01 
 2008  0252    12  -0.6081166667E+01  0.2557910991E+01 
 2008  0258    12  -0.6118916667E+01  0.2531049172E+01 
 2008  0264    12  -0.6332166667E+01  0.2589821739E+01 
 2008  0270    12  -0.6704083333E+01  0.2501992321E+01 
 2008  0276    12  -0.6956083333E+01  0.2556540614E+01 
 2008  0282    12  -0.6943083333E+01  0.2551161972E+01 
 2008  0288    12  -0.6365583333E+01  0.2504773358E+01 
 2008  0294    12  -0.5891833333E+01  0.2394236233E+01 
 2008  0300    12  -0.5334550000E+01  0.2383799256E+01 
 2008  0306    12  -0.4924591667E+01  0.2267551617E+01 
 2008  0312    12  -0.4551016667E+01  0.2401422614E+01 
 2008  0318    12  -0.4395000000E+01  0.2226995734E+01 
 2008  0324    12  -0.4072205833E+01  0.2384388549E+01 
 2008  0330    12  -0.4217322500E+01  0.2278070703E+01 
 2008  0336    12  -0.4171585833E+01  0.2380934150E+01 
 2008  0342    12  -0.4473258333E+01  0.2283257826E+01 
 2008  0348    12  -0.4752658333E+01  0.2355269228E+01 
 2008  0354    12  -0.5020233333E+01  0.2408800427E+01 
 2008  0360    12  -0.5043733333E+01  0.2409932907E+01 
 2008  0366    12  -0.5167500000E+01  0.2395673514E+01 
 2008  0372    12  -0.5054241667E+01  0.2344049344E+01 
 2008  0378    12  -0.5317258333E+01  0.2350213423E+01 
 2008  0384    12  -0.5679416667E+01  0.2391500103E+01 
 2008  0390    12  -0.6000666667E+01  0.2286825760E+01 
 2008  0396    12  -0.5660916667E+01  0.2234924699E+01 
 2008  0402    12  -0.5349250000E+01  0.2171050020E+01 
 2008  0408    12  -0.4804466667E+01  0.2162112978E+01 
 2008  0414    12  -0.4522325000E+01  0.2158475032E+01 
 2008  0420    12  -0.4300508333E+01  0.2144688527E+01 
 2008  0426    12  -0.4599766667E+01  0.2122225993E+01 
 2008  0432    12  -0.4776975000E+01  0.2217146644E+01 
 2008  0438    12  -0.5169350000E+01  0.2289318737E+01 
 2008  0444    12  -0.5317616667E+01  0.2356309512E+01 
 2008  0450    12  -0.5587558333E+01  0.2408142672E+01 
 2008  0456    12  -0.5645750000E+01  0.2388651646E+01 
 2008  0462    12  -0.6130666667E+01  0.2325003632E+01 
 2008  0468    12  -0.6274583333E+01  0.2193640295E+01 
 2008  0474    12  -0.6283583333E+01  0.2132333677E+01 
 2008  0480    12  -0.5711333333E+01  0.2158529335E+01 
 2008  0486    12  -0.5337666667E+01  0.2250220742E+01 
 2008  0492    12  -0.5143583333E+01  0.2254613472E+01 
 2008  0498    12  -0.5379416667E+01  0.2031649021E+01 
 2008  0504    12  -0.5361833333E+01  0.2176112736E+01 
 2008  0510    12  -0.4921166667E+01  0.2199522328E+01 
 2008  0516    12  -0.4444833333E+01  0.2185917192E+01 
 2008  0522    12  -0.4897666667E+01  0.1988354191E+01 
 2008  0528    12  -0.4611583333E+01  0.2054804024E+01 
 2008  0534    12  -0.3606916667E+01  0.1853321633E+01 
 2008  0540    12  -0.2511000000E+01  0.1605332106E+01 
 2008  0546    12  -0.8243666667E+00  0.1630590523E+01 
 2008  0552    12  0.3604166667E+00  0.1904257631E+01 
 2008  0558    12  -0.6831916667E-01  0.1881221392E+01 
 2008  0564    12  -0.1799560000E+01  0.1960112196E+01 
 2008  0570    12  -0.3877408333E+01  0.2315886479E+01 
 2008  0576    12  -0.5679066667E+01  0.2547956393E+01 
 2008  0582    12  -0.6949500000E+01  0.2567609086E+01 
 2008  0588    12  -0.7483416667E+01  0.2541229967E+01 
 2008  0594    12  -0.7989916667E+01  0.2623717606E+01 
 2008  0600    12  -0.8272833333E+01  0.2626517334E+01 
 2008  0606    12  -0.8773166667E+01  0.2693381884E+01 
 2008  0612    12  -0.8734083333E+01  0.2746778127E+01 
 2008  0618    12  -0.9025333333E+01  0.2557704516E+01 
 2008  0624    12  -0.8516666667E+01  0.2375217089E+01 
 2008  0630    12  -0.8108083333E+01  0.2265930547E+01 
 2008  0636    12  -0.8119250000E+01  0.1936474766E+01 
 2008  0642    12  -0.7009916667E+01  0.1621164471E+01 
 2008  0648    12  -0.4729833333E+01  0.1531250243E+01 
 2008  0654    12  -0.3418916667E+01  0.1433107082E+01 
 2008  0660    12  -0.2067458333E+01  0.1585558364E+01 
 2008  0666    12  -0.2084717500E+01  0.1766863011E+01 
 2008  0672    12  -0.4323725000E+01  0.2164671156E+01 
 2008  0678    12  -0.7305833333E+01  0.2538411900E+01 
 2008  0684    12  -0.9374750000E+01  0.2562672242E+01 
 2008  0690    12  -0.9924583333E+01  0.2776334948E+01 
 2008  0696    12  -0.8755416667E+01  0.2363303248E+01 
 2008  0702    12  -0.7578666667E+01  0.2245324302E+01 
 2008  0708    12  -0.6151916667E+01  0.2179175932E+01 
 2008  0714    12  -0.5312591667E+01  0.2322451916E+01 
 2008  0720    12  -0.5433500000E+01  0.2230632029E+01 
 2008  0726    12  -0.5998000000E+01  0.2202955061E+01 
 2008  0732    12  -0.6143000000E+01  0.2258196109E+01 
 2008  0738    12  -0.6085916667E+01  0.2248635270E+01 
 2008  0744    12  -0.6109333333E+01  0.2184871786E+01 
 2008  0750    12  -0.5230000000E+01  0.2204572219E+01 
 2008  0756    12  -0.4317691667E+01  0.2318377593E+01 
 2008  0762    12  -0.3474758333E+01  0.2151331439E+01 
 2008  0768    12  -0.2780450000E+01  0.1918078638E+01 
 2008  0774    12  -0.2311776667E+01  0.2061474096E+01 
 2008  0780    12  -0.2397008333E+01  0.2157342631E+01 
 2008  0786    12  -0.2297686667E+01  0.2001273449E+01 
 2008  0792    12  -0.2133900000E+01  0.1969548167E+01 
 2008  0798    12  -0.2040350250E+01  0.1820248862E+01 
 2008  0804    12  -0.1616575000E+01  0.1908235700E+01 
 2008  0810    12  -0.1502533333E+01  0.1853917637E+01 
 2008  0816    12  -0.1702575917E+01  0.1906665072E+01 
 2008  0822    12  -0.2635791667E+01  0.2089785092E+01 
 2008  0828    12  -0.4086508333E+01  0.2211196650E+01 
 2008  0834    12  -0.5408300000E+01  0.2353652025E+01 
 2008  0840    12  -0.6562416667E+01  0.2373445016E+01 
 2008  0846    12  -0.7109000000E+01  0.2311113873E+01 
 2008  0852    12  -0.6848500000E+01  0.2371553341E+01 
 2008  0858    12  -0.6547750000E+01  0.2305573722E+01 
 2008  0864    12  -0.5846333333E+01  0.2270946621E+01 
 2008  0870    12  -0.5481333333E+01  0.2212691323E+01 
 2008  0876    12  -0.5002666667E+01  0.2145148493E+01 
 2008  0882    12  -0.4851250000E+01  0.2158492998E+01 
 2008  0888    12  -0.5048583333E+01  0.2101148315E+01 
 2008  0894    12  -0.5322583333E+01  0.2066129653E+01 
 2008  0900    12  -0.5575416667E+01  0.2039907860E+01 
 2008  0906    12  -0.5765750000E+01  0.2009336795E+01 
 2008  0912    12  -0.5972000000E+01  0.2048363249E+01 
 2008  0918    12  -0.6272916667E+01  0.2080613149E+01 
 2008  0924    12  -0.6644083333E+01  0.2193668634E+01 
 2008  0930    12  -0.7424166667E+01  0.2424964015E+01 
 2008  0936    12  -0.8449750000E+01  0.2456185088E+01 
 2008  0942    12  -0.9351583333E+01  0.2661960601E+01 
 2008  0948    12  -0.1019816667E+02  0.2707577356E+01 
 2008  0954    12  -0.1066000000E+02  0.2824923627E+01 
 2008  0960    12  -0.1112625000E+02  0.2923530033E+01 
 2008  0966    12  -0.1145708333E+02  0.2897449840E+01 
 2008  0972    12  -0.1180333333E+02  0.2919360499E+01 
 2008  0978    12  -0.1226808333E+02  0.3085245221E+01 
 2008  0984    12  -0.1229150000E+02  0.3112877273E+01 
 2008  0990    12  -0.1246133333E+02  0.3037547732E+01 
 2008  0996    12  -0.1222200000E+02  0.3043165375E+01 
 2008  1002    12  -0.1187058333E+02  0.3062271909E+01 
 2008  1008    12  -0.1144850000E+02  0.2959294384E+01 
 2008  1014    12  -0.1117158333E+02  0.2895956159E+01 
 2008  1020    12  -0.1096825000E+02  0.2781437702E+01 
 2008  1026    12  -0.1013866667E+02  0.2729213236E+01 
 2008  1032    12  -0.9800166667E+01  0.2731749953E+01 
 2008  1038    12  -0.1024483333E+02  0.2735220675E+01 
 2008  1044    12  -0.9970750000E+01  0.2659463139E+01 
 2008  1050    12  -0.9966000000E+01  0.2666726676E+01 
 2008  1056    12  -0.9754166667E+01  0.2511534419E+01 
 2008  1062    12  -0.9505750000E+01  0.2483883758E+01 
 2008  1068    12  -0.9617750000E+01  0.2354776038E+01 
 2008  1074    12  -0.8990666667E+01  0.2335970082E+01 
 2008  1080    12  -0.8128666667E+01  0.2071327527E+01 
 2008  1086    12  -0.7506833333E+01  0.1948988192E+01 
 2008  1092    12  -0.6495250000E+01  0.2041329882E+01 
 2008  1098    12  -0.6419666667E+01  0.1698961464E+01 
 2008  1104    12  -0.6023333333E+01  0.1770336942E+01 
 2008  1110    12  -0.5357333333E+01  0.1971196055E+01 
 2008  1116    12  -0.5674333333E+01  0.1829706094E+01 
 2008  1122    12  -0.5628083333E+01  0.1946573805E+01 
 2008  1128    12  -0.6634750000E+01  0.2187222292E+01 
 2008  1134    12  -0.8625333333E+01  0.2606396278E+01 
 2008  1140    12  -0.1025591667E+02  0.2967090310E+01 
 2008  1146    12  -0.1214608333E+02  0.3179445299E+01 
 2008  1152    12  -0.1396275000E+02  0.3399244748E+01 
 2008  1158    12  -0.1546091667E+02  0.3648329423E+01 
 2008  1164    12  -0.1558775000E+02  0.3395425700E+01 
 2008  1170    12  -0.1404741667E+02  0.3102523985E+01 
 2008  1176    12  -0.1135591667E+02  0.2574673360E+01 
 2008  1182    12  -0.9386750000E+01  0.2213403455E+01 
 2008  1188    12  -0.7348000000E+01  0.2025028806E+01 
 2008  1194    12  -0.5612416667E+01  0.1482084425E+01 
 2008  1200    12  -0.3755166667E+01  0.1310798537E+01 
 2008  1206    12  -0.1699516667E+01  0.1169262200E+01 
 2008  1212    12  0.7379500000E+00  0.1506985637E+01 
 2008  1218    12  0.1902958333E+01  0.1395977791E+01 
 2008  1224    12  0.5762633333E+00  0.1559261947E+01 
 2008  1230    12  -0.1681141667E+01  0.1854025011E+01 
 2008  1236    12  -0.3418300000E+01  0.2012389175E+01 
 2008  1242    12  -0.4649766667E+01  0.2153654143E+01 
 2008  1248    12  -0.5270916667E+01  0.2265681482E+01 
 2008  1254    12  -0.5711083333E+01  0.2303002803E+01 
 2008  1260    12  -0.6068833333E+01  0.2252746207E+01 
 2008  1266    12  -0.5833750000E+01  0.2328223326E+01 
 2008  1272    12  -0.5606750000E+01  0.2337090040E+01 
 2008  1278    12  -0.5756750000E+01  0.2263695140E+01 
 2008  1284    12  -0.5838083333E+01  0.2217128979E+01 
 2008  1290    12  -0.6019166667E+01  0.2057292227E+01 
 2008  1296    12  -0.5531750000E+01  0.1918059659E+01 
 2008  1302    12  -0.4521575000E+01  0.1982713684E+01 
 2008  1308    12  -0.3257511667E+01  0.1661935799E+01 
 2008  1314    12  -0.2109888333E+01  0.1839585164E+01 
 2008  1320    12  -0.1963095833E+01  0.1894789139E+01 
 2008  1326    12  -0.2599825000E+01  0.2042127080E+01 
 2008  1332    12  -0.3312266667E+01  0.2135365707E+01 
 2008  1338    12  -0.4310916667E+01  0.1982088480E+01 
 2008  1344    12  -0.4802583333E+01  0.2108234311E+01 
 2008  1350    12  -0.5324750000E+01  0.1974193047E+01 
 2008  1356    12  -0.4700583333E+01  0.1892160161E+01 
 2008  1362    12  -0.3815591667E+01  0.2062931612E+01 
 2008  1368    12  -0.3503825000E+01  0.2051091787E+01 
 2008  1374    12  -0.3683416667E+01  0.2167313985E+01 
 2008  1380    12  -0.4094266667E+01  0.2140708928E+01 
 2008  1386    12  -0.4341666667E+01  0.2070317501E+01 
 2008  1392    12  -0.4337500000E+01  0.2117020253E+01 
 2008  1398    12  -0.4092916667E+01  0.1785464853E+01 
 2008  1404    12  -0.2953275000E+01  0.1761572760E+01 
 2008  1410    12  -0.1819456667E+01  0.1818835393E+01 
 2008  1416    12  -0.5974750000E+00  0.1723259566E+01 
 2008  1422    12  -0.2317333333E+00  0.1683856168E+01 
 2008  1428    12  -0.6075583333E+00  0.1730555158E+01 
 2008  1434    12  -0.8654891667E+00  0.1776716092E+01 
 2008  1440    12  -0.1686900000E+01  0.1892661915E+01 
 2008  1446    12  -0.2814966667E+01  0.1905869090E+01 
 2008  1452    12  -0.3861758333E+01  0.2078224368E+01 
 2008  1458    12  -0.4850166667E+01  0.2209081175E+01 
 2008  1464    12  -0.5241166667E+01  0.1985985265E+01 
 2008  1470    12  -0.4785416667E+01  0.1636061045E+01 
 2008  1476    12  -0.2791625000E+01  0.1692749751E+01 
 2008  1482    12  -0.6955691667E+00  0.1966907193E+01 
 2008  1488    12  0.7472166667E+00  0.2002241004E+01 
 2008  1494    12  0.1122500000E-01  0.1683127668E+01 
 2008  1500    12  0.6601508333E+00  0.1644354985E+01 
 2008  1506    12  0.2009450000E+01  0.2042648503E+01 
 2008  1512    12  0.2646541667E+01  0.1623796368E+01 
 2008  1518    12  0.1426241667E+01  0.1516030468E+01 
 2008  1524    12  0.5648333333E-01  0.1965859125E+01 
 2008  1530    12  -0.1646383333E+01  0.1922317289E+01 
 2008  1536    12  -0.2351850000E+01  0.1407095193E+01 
 2008  1542    12  -0.7683000000E+00  0.1827503641E+01 
 2008  1548    12  -0.1852583333E+00  0.1849555447E+01 
 2008  1554    12  -0.3728308333E+00  0.1720802651E+01 
 2008  1560    12  -0.7680166667E-01  0.1709871650E+01 
 2008  1566    12  -0.8547083333E+00  0.1820822662E+01 
 2008  1572    12  -0.1464845000E+01  0.1933059351E+01 
 2008  1578    12  -0.1213766667E+01  0.1904051816E+01 
 2008  1584    12  -0.1943353333E+01  0.1961314144E+01 
 2008  1590    12  -0.3029858333E+01  0.1987026436E+01 
 2008  1596    12  -0.4052466667E+01  0.2060827300E+01 
 2008  1602    12  -0.4753916667E+01  0.2143009078E+01 
 2008  1608    12  -0.4868166667E+01  0.2238376787E+01 
 2008  1614    12  -0.4433333333E+01  0.1982545137E+01 
 2008  1620    12  -0.3372500000E+01  0.1825126822E+01 
 2008  1626    12  -0.1908008333E+01  0.1812471198E+01 
 2008  1632    12  -0.1723184167E+01  0.1818976858E+01 
 2008  1638    12  -0.2029010000E+01  0.1797811843E+01 
 2008  1644    12  -0.2670641667E+01  0.1738952382E+01 
 2008  1650    12  -0.2418250000E+01  0.1966343292E+01 
 2008  1656    12  -0.2328588333E+01  0.1873287420E+01 
 2008  1662    12  -0.2040239167E+01  0.1684798652E+01 
 2008  1668    12  -0.1769166667E+01  0.1712319960E+01 
 2008  1674    12  -0.1387328333E+01  0.1816347241E+01 
 2008  1680    12  -0.1359990833E+01  0.1902381302E+01 
 2008  1686    12  -0.1244933333E+01  0.1871261024E+01 
 2008  1692    12  -0.8315000000E+00  0.1914629466E+01 
 2008  1698    12  -0.9554616667E+00  0.2006499763E+01 
 2008  1704    12  -0.1899091667E+01  0.1938614699E+01 
 2008  1710    12  -0.2068302000E+01  0.2006937080E+01 
 2008  1716    12  -0.1676508333E+01  0.1949973447E+01 
 2008  1722    12  -0.1263975000E+01  0.2027059188E+01 
 2008  1728    12  -0.1004556667E+01  0.2049866977E+01 
 2008  1734    12  -0.1138275000E+01  0.2092770566E+01 
 2008  1740    12  -0.9595416667E+00  0.1943813743E+01 
 2008  1746    12  -0.4305766667E+00  0.1857414747E+01 
 2008  1752    12  0.2598666667E+00  0.1807298764E+01 
 2008  1758    12  -0.1392108333E+00  0.1765065993E+01 
 2008  1764    12  -0.1470250000E+00  0.1612791736E+01 
 2008  1770    12  0.4124500000E+00  0.1796623154E+01 
 2008  1776    12  0.9894433333E+00  0.1672152092E+01 
 2008  1782    12  0.1026176667E+01  0.1707944836E+01 
 2008  1788    12  0.3431816667E+00  0.1677873431E+01 
 2008  1794    12  -0.1060333333E+01  0.1533337978E+01 
 2008  1800    12  -0.2096616667E+01  0.1703888448E+01 
 2008  1806    12  -0.2147883333E+01  0.1817946094E+01 
 2008  1812    12  -0.1167683333E+01  0.1669103098E+01 
 2008  1818    12  -0.1065958333E+01  0.1740402814E+01 
 2008  1824    12  -0.1600341667E+01  0.1873601604E+01 
 2008  1830    12  -0.2048014167E+01  0.1881813783E+01 
 2008  1836    12  -0.2377420833E+01  0.1735605430E+01 
 2008  1842    12  -0.1653915833E+01  0.1751142950E+01 
 2008  1848    12  -0.8197233333E+00  0.1762659666E+01 
 2008  1854    12  -0.2944475000E+00  0.1649456734E+01 
 2008  1860    12  0.2138575000E+00  0.1803171943E+01 
 2008  1866    12  0.7417366667E+00  0.1886904876E+01 
 2008  1872    12  -0.7310833333E-01  0.1888418858E+01 
 2008  1878    12  -0.6966683333E+00  0.1817080036E+01 
 2008  1884    12  -0.3809750000E+00  0.1644596872E+01 
 2008  1890    12  0.7559166667E+00  0.1943443553E+01 
 2008  1896    12  0.8445416667E+00  0.1729367797E+01 
 2008  1902    12  0.5579250000E+00  0.1648542878E+01 
 2008  1908    12  -0.5795833333E-01  0.1842931109E+01 
 2008  1914    12  0.5300000000E-01  0.1853968268E+01 
 2008  1920    12  -0.9707083333E+00  0.1920620027E+01 
 2008  1926    12  -0.2097008333E+01  0.1925903566E+01 
 2008  1932    12  -0.3290833333E+01  0.2041571546E+01 
 2008  1938    12  -0.2521829167E+01  0.1992450730E+01 
 2008  1944    12  -0.7560816667E+00  0.1956333469E+01 
 2008  1950    12  0.3360871667E+00  0.1819333573E+01 
 2008  1956    12  0.5164233333E+00  0.2002750488E+01 
 2008  1962    12  0.3944166667E-01  0.2027380895E+01 
 2008  1968    12  -0.4522241667E+00  0.1863325679E+01 
 2008  1974    12  -0.4037250000E+00  0.1896180186E+01 
 2008  1980    12  0.5809416667E+00  0.2028671387E+01 
 2008  1986    12  0.1594808333E+01  0.2003916636E+01 
 2008  1992    12  0.1513316667E+01  0.1969362935E+01 
 2008  1998    12  0.2590858333E+01  0.2160658917E+01 
 2008  2004    12  0.3353891667E+01  0.2150211930E+01 
 2008  2010    12  0.2915141667E+01  0.2182425800E+01 
 2008  2016    12  0.1626960000E+01  0.2390242944E+01 
 2008  2022    12  0.1146541667E+01  0.2271826062E+01 
 2008  2028    12  0.2403033333E+01  0.2344552632E+01 
 2008  2034    12  0.4847325000E+01  0.2173959827E+01 
 2008  2040    12  0.6932975000E+01  0.2747248288E+01 
 2008  2046    12  0.7423333333E+01  0.2380348796E+01 
 2008  2052    12  0.6951500000E+01  0.2162151610E+01 
 2008  2058    12  0.6383833333E+01  0.2037829844E+01 
 2008  2064    12  0.5827000000E+01  0.2001577336E+01 
 2008  2070    12  0.4187400000E+01  0.1741616039E+01 
 2008  2076    12  0.2017691667E+01  0.1589124938E+01 
 2008  2082    12  0.7525666667E+00  0.2049795070E+01 
 2008  2088    12  -0.1498983333E+01  0.2179777378E+01 
 2008  2094    12  -0.4045425000E+01  0.1968317201E+01 
 2008  2100    12  -0.5280166667E+01  0.1987086931E+01 
 2008  2106    12  -0.5239416667E+01  0.2267473096E+01 
 2008  2112    12  -0.4702916667E+01  0.2093049827E+01 
 2008  2118    12  -0.4043975000E+01  0.1874105895E+01 
 2008  2124    12  -0.3349608333E+01  0.2010434846E+01 
 2008  2130    12  -0.2784350000E+01  0.2119601488E+01 
 2008  2136    12  -0.2699834167E+01  0.1796620263E+01 
 2008  2142    12  -0.3098358333E+01  0.1721510726E+01 
 2008  2148    12  -0.3729983333E+01  0.1834310089E+01 
 2008  2154    12  -0.4587666667E+01  0.2005817428E+01 
 2008  2160    12  -0.5626000000E+01  0.2000829120E+01 
 2008  2166    12  -0.6867500000E+01  0.1980190626E+01 
 2008  2172    12  -0.7168916667E+01  0.1973294093E+01 
 2008  2178    12  -0.5894750000E+01  0.1870792217E+01 
 2008  2184    12  -0.4934333333E+01  0.1588514995E+01 
 2008  2190    12  -0.3901500000E+01  0.1692027457E+01 
 2008  2196    12  -0.3115416667E+01  0.1592696532E+01 
 2008  2202    12  -0.2125594250E+01  0.1639299125E+01 
 2008  2208    12  -0.1579545000E+01  0.1694274706E+01 
 2008  2214    12  -0.1874025000E+01  0.1626249314E+01 
 2008  2220    12  -0.1960618333E+01  0.1713285797E+01 
 2008  2226    12  -0.1548542500E+01  0.1684658079E+01 
 2008  2232    12  -0.1404310833E+01  0.1673610920E+01 
 2008  2238    12  -0.1680783333E+01  0.1613326470E+01 
 2008  2244    12  -0.2070160000E+01  0.1639489320E+01 
 2008  2250    12  -0.1547666667E+01  0.1698326552E+01 
 2008  2256    12  -0.7811708333E+00  0.1669288049E+01 
 2008  2262    12  0.1583333333E+00  0.1511217163E+01 
 2008  2268    12  0.1707441667E+01  0.1556911004E+01 
 2008  2274    12  0.3929078333E+01  0.1706307914E+01 
 2008  2280    12  0.5164166667E+01  0.1751056578E+01 
 2008  2286    12  0.5481333333E+01  0.1825318207E+01 
 2008  2292    12  0.5149375000E+01  0.1859086325E+01 
 2008  2298    12  0.4721033333E+01  0.1903148789E+01 
 2008  2304    12  0.3038458333E+01  0.1929932592E+01 
 2008  2310    12  0.8956916667E+00  0.1922720844E+01 
 2008  2316    12  -0.5880650000E+00  0.2115495368E+01 
 2008  2322    12  -0.1312873500E+01  0.2139812698E+01 
 2008  2328    12  -0.1634166667E+01  0.2039103446E+01 
 2008  2334    12  -0.8909125000E+00  0.1860448092E+01 
 2008  2340    12  0.6545000000E+00  0.1879266665E+01 
 2008  2346    12  0.2399950000E+01  0.1944229203E+01 
 2008  2352    12  0.3060991667E+01  0.1953244694E+01 
 2008  2358    12  0.2782058333E+01  0.1902712363E+01 
 2008  2364    12  0.2208425000E+01  0.1848362173E+01 
 2008  2370    12  0.1883716667E+01  0.1800973821E+01 
 2008  2376    12  0.1158308333E+01  0.1740255807E+01 
 2008  2382    12  0.2600916667E+00  0.1797349736E+01 
 2008  2388    12  -0.2565883333E+00  0.1921130206E+01 
 2008  2394    12  0.2383333333E-02  0.1908942449E+01 
 2008  2400    12  0.1903416667E+00  0.2006929142E+01 
 2008  2406    12  0.4471266667E+00  0.1868342212E+01 
 2008  2412    12  0.8782416667E+00  0.1907874725E+01 
 2008  2418    12  0.1427900833E+01  0.1862665019E+01 
 2008  2424    12  0.1802991667E+01  0.1805274555E+01 
 2008  2430    12  0.1849058333E+01  0.1758595710E+01 
 2008  2436    12  0.2342008333E+01  0.1785631901E+01 
 2008  2442    12  0.2902716667E+01  0.1768498999E+01 
 2008  2448    12  0.2615960833E+01  0.1788520562E+01 
 2008  2454    12  0.1840550000E+01  0.1751400923E+01 
 2008  2460    12  0.1454666667E+01  0.1737606663E+01 
 2008  2466    12  0.1581450000E+01  0.1776807396E+01 
 2008  2472    12  0.8184916667E+00  0.1850618366E+01 
 2008  2478    12  0.4974250000E-01  0.1761133597E+01 
 2008  2484    12  0.1551916667E+00  0.1563464102E+01 
 2008  2490    12  0.1256640000E+01  0.1691826611E+01 
 2008  2496    12  0.1693958333E+01  0.1605798412E+01 
 2008  2502    12  0.1548866667E+01  0.1673756219E+01 
 2008  2508    12  0.6066833333E+00  0.1711619551E+01 
 2008  2514    12  -0.5112833333E+00  0.1815705646E+01 
 2008  2520    12  -0.1941580000E+01  0.1861459447E+01 
 2008  2526    12  -0.3614633333E+01  0.1846170725E+01 
 2008  2532    12  -0.4689166667E+01  0.2064822948E+01 
 2008  2538    12  -0.4299666667E+01  0.1852225388E+01 
 2008  2544    12  -0.2975150000E+01  0.1577425333E+01 
 2008  2550    12  -0.1739508333E+01  0.1676760514E+01 
 2008  2556    12  -0.1281050917E+01  0.1605536149E+01 
 2008  2562    12  -0.1219000000E+00  0.1604504943E+01 
 2008  2568    12  0.3745583333E+00  0.1717550721E+01 
 2008  2574    12  0.4043750000E+00  0.1598883796E+01 
 2008  2580    12  -0.2498666667E-01  0.1497719795E+01 
 2008  2586    12  -0.3770416667E+00  0.1709284976E+01 
 2008  2592    12  -0.1786250000E+01  0.1712630021E+01 
 2008  2598    12  -0.3058933333E+01  0.1767039786E+01 
 2008  2604    12  -0.3992750000E+01  0.1924047779E+01 
 2008  2610    12  -0.3877416667E+01  0.1812437698E+01 
 2008  2616    12  -0.3000208333E+01  0.1824256632E+01 
 2008  2622    12  -0.1461412500E+01  0.1644250707E+01 
 2008  2628    12  0.2151250000E+00  0.1693159344E+01 
 2008  2634    12  0.1733500000E+01  0.1785516148E+01 
 2008  2640    12  0.1703700000E+01  0.1673781695E+01 
 2008  2646    12  0.5736500000E+00  0.1683008691E+01 
 2008  2652    12  -0.3625166667E+00  0.1697926161E+01 
 2008  2658    12  -0.5059150000E+00  0.1753562355E+01 
 2008  2664    12  -0.7055333333E+00  0.1627301845E+01 
 2008  2670    12  -0.6154750000E+00  0.1618548022E+01 
 2008  2676    12  -0.2308333333E-02  0.1686143849E+01 
 2008  2682    12  0.7814675000E+00  0.1782703892E+01 
 2008  2688    12  0.4555500000E+00  0.1747878522E+01 
 2008  2694    12  0.3083333333E-02  0.1657803771E+01 
 2008  2700    12  -0.6000916667E-01  0.1804468113E+01 
 2008  2706    12  0.1844666667E+00  0.1799619096E+01 
 2008  2712    12  -0.2709341667E+00  0.1815755760E+01 
 2008  2718    12  -0.6843091667E-01  0.1607984097E+01 
 2008  2724    12  0.4608250000E+00  0.1738602712E+01 
 2008  2730    12  0.1084100000E+01  0.1460581316E+01 
 2008  2736    12  0.1046216667E+01  0.1368895210E+01 
 2008  2742    12  0.3728233333E+00  0.1571509865E+01 
 2008  2748    12  -0.7829666667E+00  0.1675921703E+01 
 2008  2754    12  -0.1598005000E+01  0.1589660982E+01 
 2008  2760    12  -0.2572575000E+01  0.1754789145E+01 
 2008  2766    12  -0.3373890000E+01  0.1849723109E+01 
 2008  2772    12  -0.3962441667E+01  0.1887477341E+01 
 2008  2778    12  -0.4688116667E+01  0.2057328417E+01 
 2008  2784    12  -0.6441916667E+01  0.2109288247E+01 
 2008  2790    12  -0.8254083333E+01  0.2243260479E+01 
 2008  2796    12  -0.9140750000E+01  0.2351523730E+01 
 2008  2802    12  -0.9389500000E+01  0.2382990576E+01 
 2008  2808    12  -0.9450916667E+01  0.2332494318E+01 
 2008  2814    12  -0.9674500000E+01  0.2186130390E+01 
 2008  2820    12  -0.8898833333E+01  0.2177497831E+01 
 2008  2826    12  -0.6928500000E+01  0.1901792247E+01 
 2008  2832    12  -0.5026750000E+01  0.1602709483E+01 
 2008  2838    12  -0.4210666667E+01  0.1742391667E+01 
 2008  2844    12  -0.3407083333E+01  0.1680120058E+01 
 2008  2850    12  -0.2525258333E+01  0.1648584399E+01 
 2008  2856    12  -0.2588783333E+01  0.1706160415E+01 
 2008  2862    12  -0.2982458333E+01  0.1671674495E+01 
 2008  2868    12  -0.2848966667E+01  0.1666849241E+01 
 2008  2874    12  -0.1835414583E+01  0.1699320464E+01 
 2008  2880    12  -0.1622075000E+01  0.1697917503E+01 
 2008  2886    12  -0.1588275000E+01  0.1687966399E+01 
 2008  2892    12  -0.1408695417E+01  0.1671056225E+01 
 2008  2898    12  -0.8580050000E+00  0.1686619404E+01 
 2008  2904    12  -0.7096333333E+00  0.1633127815E+01 
 2008  2910    12  -0.1013133333E+01  0.1644139923E+01 
 2008  2916    12  -0.1314566667E+01  0.1683362885E+01 
 2008  2922    12  -0.1579001417E+01  0.1755737316E+01 
 2008  2928    12  -0.2229857500E+01  0.1717202117E+01 
 2008  2934    12  -0.2958325000E+01  0.1736055215E+01 
 2008  2940    12  -0.3340375000E+01  0.1708017871E+01 
 2008  2946    12  -0.3185591667E+01  0.1728951257E+01 
 2008  2952    12  -0.3245541667E+01  0.1647665539E+01 
 2008  2958    12  -0.3245566667E+01  0.1608748374E+01 
 2008  2964    12  -0.3262333333E+01  0.1616794531E+01 
 2008  2970    12  -0.2904783333E+01  0.1618412414E+01 
 2008  2976    12  -0.3098233333E+01  0.1613641244E+01 
 2008  2982    12  -0.3593916667E+01  0.1633960906E+01 
 2008  2988    12  -0.3931833333E+01  0.1669473262E+01 
 2008  2994    12  -0.3464125000E+01  0.1725070362E+01 
 2008  3000    12  -0.3533616667E+01  0.1708552609E+01 
 2008  3006    12  -0.3665108333E+01  0.1706180533E+01 
 2008  3012    12  -0.3710633333E+01  0.1762785924E+01 
 2008  3018    12  -0.3116454167E+01  0.1804555350E+01 
 2008  3024    12  -0.3509575000E+01  0.1786296169E+01 
 2008  3030    12  -0.4296916667E+01  0.1809491478E+01 
 2008  3036    12  -0.4961916667E+01  0.1894337151E+01 
 2008  3042    12  -0.4818250000E+01  0.1799936857E+01 
 2008  3048    12  -0.4893500000E+01  0.1864599711E+01 
 2008  3054    12  -0.5296583333E+01  0.1861098352E+01 
 2008  3060    12  -0.5599000000E+01  0.1835231911E+01 
 2008  3066    12  -0.5072500000E+01  0.1801032412E+01 
 2008  3072    12  -0.4627500000E+01  0.1678905224E+01 
 2008  3078    12  -0.4534416667E+01  0.1889224332E+01 
 2008  3084    12  -0.4356166667E+01  0.1791394979E+01 
 2008  3090    12  -0.3663441667E+01  0.1830432634E+01 
 2008  3096    12  -0.3585358333E+01  0.1774492626E+01 
 2008  3102    12  -0.3764833333E+01  0.1660686998E+01 
 2008  3108    12  -0.3546000000E+01  0.1561534982E+01 
 2008  3114    12  -0.2411772500E+01  0.1613471348E+01 
 2008  3120    12  -0.2341450000E+01  0.1628750340E+01 
 2008  3126    12  -0.3115075000E+01  0.1741149481E+01 
 2008  3132    12  -0.3592116667E+01  0.1742271128E+01 
 2008  3138    12  -0.3361041667E+01  0.1818799518E+01 
 2008  3144    12  -0.3494133333E+01  0.1874399805E+01 
 2008  3150    12  -0.3662333333E+01  0.1769530839E+01 
 2008  3156    12  -0.3205845000E+01  0.1731027120E+01 
 2008  3162    12  -0.2432700000E+01  0.1731466828E+01 
 2008  3168    12  -0.2263797500E+01  0.1708327934E+01 
 2008  3174    12  -0.2450975000E+01  0.1698854816E+01 
 2008  3180    12  -0.2584391667E+01  0.1729477444E+01 
 2008  3186    12  -0.2696908333E+01  0.1714730919E+01 
 2008  3192    12  -0.2959229167E+01  0.1697863950E+01 
 2008  3198    12  -0.3495000000E+01  0.1636533022E+01 
 2008  3204    12  -0.3505700000E+01  0.1629389105E+01 
 2008  3210    12  -0.2646550000E+01  0.1714892867E+01 
 2008  3216    12  -0.2806320000E+01  0.1687025335E+01 
 2008  3222    12  -0.2449858333E+01  0.1684238416E+01 
 2008  3228    12  -0.2230069167E+01  0.1631911637E+01 
 2008  3234    12  -0.1924133333E+01  0.1697773475E+01 
 2008  3240    12  -0.1760385000E+01  0.1642109068E+01 
 2008  3246    12  -0.1464266667E+01  0.1669789436E+01 
 2008  3252    12  -0.1355361667E+01  0.1764042531E+01 
 2008  3258    12  -0.1053167500E+01  0.1765348126E+01 
 2008  3264    12  -0.1217641667E+01  0.1706026527E+01 
 2008  3270    12  -0.1453300000E+01  0.1639643866E+01 
 2008  3276    12  -0.1555847500E+01  0.1739124104E+01 
 2008  3282    12  -0.1419966667E+01  0.1754591655E+01 
 2008  3288    12  -0.1932396667E+01  0.1677150905E+01 
 2008  3294    12  -0.2338216667E+01  0.1805040384E+01 
 2008  3300    12  -0.2388003333E+01  0.1740525235E+01 
 2008  3306    12  -0.2176600000E+01  0.1775616829E+01 
 2008  3312    12  -0.2781557500E+01  0.1800358525E+01 
 2008  3318    12  -0.3170058333E+01  0.1812575222E+01 
 2008  3324    12  -0.3028891667E+01  0.1809914595E+01 
 2008  3330    12  -0.2519450000E+01  0.1812238568E+01 
 2008  3336    12  -0.2642640833E+01  0.1782900858E+01 
 2008  3342    12  -0.2857125000E+01  0.1712787658E+01 
 2008  3348    12  -0.2465555000E+01  0.1698091191E+01 
 2008  3354    12  -0.1645900000E+01  0.1720190266E+01 
 2008  3360    12  -0.1491491667E+01  0.1651146558E+01 
 2008  3366    12  -0.8620083333E+00  0.1627299753E+01 
 2008  3372    12  0.1815500000E+00  0.1643713813E+01 
 2008  3378    12  0.1195271667E+01  0.1654607618E+01 
 2008  3384    12  0.1604750000E+01  0.1634663716E+01 
 2008  3390    12  0.1607866667E+01  0.1574695726E+01 
 2008  3396    12  0.1253386667E+01  0.1592995986E+01 
 2008  3402    12  0.8088500000E+00  0.1647269642E+01 
 2008  3408    12  -0.3617466667E+00  0.1690173775E+01 
 2008  3414    12  -0.1344283333E+01  0.1654080728E+01 
 2008  3420    12  -0.2129933333E+01  0.1712844550E+01 
 2008  3426    12  -0.2077823333E+01  0.1654245343E+01 
 2008  3432    12  -0.2395066667E+01  0.1606390664E+01 
 2008  3438    12  -0.2207285833E+01  0.1529347934E+01 
 2008  3444    12  -0.1467573333E+01  0.1614353512E+01 
 2008  3450    12  -0.3442500000E+00  0.1597873041E+01 
 2008  3456    12  -0.2315025000E+00  0.1621472613E+01 
 2008  3462    12  -0.3136083333E+00  0.1564994007E+01 
 2008  3468    12  -0.3307916667E+00  0.1596174280E+01 
 2008  3474    12  -0.8003333333E-01  0.1665871275E+01 
 2008  3480    12  -0.2356841667E+00  0.1581497705E+01 
 2008  3486    12  -0.7578583333E-01  0.1554868803E+01 
 2008  3492    12  -0.1664166667E-02  0.1580459612E+01 
 2008  3498    12  0.3999091667E+00  0.1546926873E+01 
 2008  3504    12  0.4315000000E-01  0.1536783395E+01 
 2008  3510    12  -0.7270358333E+00  0.1524495899E+01 
 2008  3516    12  -0.1133491667E+01  0.1472614810E+01 
 2008  3522    12  -0.9849425000E+00  0.1539748053E+01 
 2008  3528    12  -0.9136750000E+00  0.1459180012E+01 
 2008  3534    12  -0.1403358333E+01  0.1636524096E+01 
 2008  3540    12  -0.1530800117E+01  0.1552745957E+01 
 2008  3546    12  -0.1324924167E+01  0.1710744772E+01 
 2008  3552    12  -0.2031141667E+01  0.1707525963E+01 
 2008  3558    12  -0.2616887500E+01  0.1653770586E+01 
 2008  3564    12  -0.2637616667E+01  0.1689620451E+01 
 2008  3570    12  -0.1943045000E+01  0.1640388379E+01 
 2008  3576    12  -0.2103392500E+01  0.1474369788E+01 
 2008  3582    12  -0.2808833333E+01  0.1120220874E+01 
 2008  3588    12  -0.2269630833E+01  0.1671719276E+01 
 2008  3594    12  -0.5376916667E+00  0.1570062689E+01 
 2008  3600    12  -0.2342929167E+01  0.1694090869E+01 
 2008  3606    12  -0.2421686667E+01  0.2020768764E+01 
 2008  3612    12  -0.3410427500E+01  0.1863734269E+01 
 2008  3618    12  -0.3938200000E+01  0.1901968613E+01 
 2008  3624    12  -0.2790246667E+01  0.1666769855E+01 
 2008  3630    12  -0.2542675000E+01  0.1800473182E+01 
 2008  3636    12  -0.2622866667E+01  0.1820924138E+01 
 2008  3642    12  -0.1923898333E+01  0.1554218614E+01 
 2008  3648    12  -0.2358940000E+01  0.1750498149E+01 
 2008  3654    12  -0.2529705833E+01  0.1779389317E+01 
 2008  3660    12  -0.2815750000E+01  0.1502373072E+01 
 2008  3666    12  -0.2209296250E+01  0.1648271528E+01 
 2008  3672    12  -0.2195680000E+01  0.1605044180E+01 
 2008  3678    12  -0.2343600000E+01  0.1549694664E+01 
 2008  3684    12  -0.1792916667E+01  0.1619376421E+01 
 2008  3690    12  -0.8131166667E+00  0.1818684640E+01 
 2008  3696    12  -0.1563241667E+01  0.1821424682E+01 
 2008  3702    12  -0.2581233333E+01  0.1722804761E+01 
 2008  3708    12  -0.3433000000E+01  0.1803583054E+01 
 2008  3714    12  -0.3514269167E+01  0.1953603391E+01 
 2008  3720    12  -0.4054933333E+01  0.1854467017E+01 
 2008  3726    12  -0.4053833333E+01  0.1770248044E+01 
 2008  3732    12  -0.3802708333E+01  0.1900163331E+01 
 2008  3738    12  -0.3484383333E+01  0.1878796366E+01 
 2008  3744    12  -0.3893500000E+01  0.1772572119E+01 
 2008  3750    12  -0.3851833333E+01  0.1694156173E+01 
 2008  3756    12  -0.3515725000E+01  0.1741913220E+01 
 2008  3762    12  -0.2916300000E+01  0.1692150683E+01 
 2008  3768    12  -0.2644016667E+01  0.1629090828E+01 
 2008  3774    12  -0.2420005833E+01  0.1633897144E+01 
 2008  3780    12  -0.1828502500E+01  0.1667152503E+01 
 2008  3786    12  -0.1330083333E+01  0.1644778150E+01 
 2008  3792    12  -0.1496350000E+01  0.1603958445E+01 
 2008  3798    12  -0.1868275000E+01  0.1637617177E+01 
 2008  3804    12  -0.1838758333E+01  0.1632143778E+01 
 2008  3810    12  -0.1638753333E+01  0.1653382377E+01 
 2008  3816    12  -0.1883266667E+01  0.1664377579E+01 
 2008  3822    12  -0.2292916667E+01  0.1652004005E+01 
 2008  3828    12  -0.2434517500E+01  0.1668569329E+01 
 2008  3834    12  -0.2309916667E+01  0.1691376190E+01 
 2008  3840    12  -0.2488150000E+01  0.1703543945E+01 
 2008  3846    12  -0.2696570000E+01  0.1719428016E+01 
 2008  3852    12  -0.2791630000E+01  0.1692397873E+01 
 2008  3858    12  -0.2589908333E+01  0.1758256774E+01 
 2008  3864    12  -0.2869008333E+01  0.1779733084E+01 
 2008  3870    12  -0.3155408667E+01  0.1758225581E+01 
 2008  3876    12  -0.3209768833E+01  0.1838779508E+01 
 2008  3882    12  -0.3223684167E+01  0.1880797095E+01 
 2008  3888    12  -0.3572050000E+01  0.1870354626E+01 
 2008  3894    12  -0.4294991667E+01  0.1839494464E+01 
 2008  3900    12  -0.4625750000E+01  0.1853057884E+01 
 2008  3906    12  -0.4331041667E+01  0.1899526700E+01 
 2008  3912    12  -0.4499833333E+01  0.1850148365E+01 
 2008  3918    12  -0.4414666667E+01  0.1777052725E+01 
 2008  3924    12  -0.3913750000E+01  0.1750810437E+01 
 2008  3930    12  -0.2878916667E+01  0.1735605156E+01 
 2008  3936    12  -0.2240060833E+01  0.1676882914E+01 
 2008  3942    12  -0.1849130833E+01  0.1643947785E+01 
 2008  3948    12  -0.1629225000E+01  0.1704605043E+01 
 2008  3954    12  -0.1341218333E+01  0.1708148784E+01 
 2008  3960    12  -0.1601656667E+01  0.1694980539E+01 
 2008  3966    12  -0.1988219167E+01  0.1692105187E+01 
 2008  3972    12  -0.2221107333E+01  0.1740967419E+01 
 2008  3978    12  -0.1846365000E+01  0.1688869352E+01 
 2008  3984    12  -0.1940051042E+01  0.1640880887E+01 
 2008  3990    12  -0.1806704167E+01  0.1640219837E+01 
 2008  3996    12  -0.1863125833E+01  0.1651893669E+01 
 2008  4002    12  -0.1545916667E+01  0.1708717563E+01 
 2008  4008    12  -0.1592208333E+01  0.1673771381E+01 
 2008  4014    12  -0.1592416667E+01  0.1593070492E+01 
 2008  4020    12  -0.1557683333E+01  0.1640115893E+01 
 2008  4026    12  -0.9604866667E+00  0.1663053573E+01 
 2008  4032    12  -0.9434916667E+00  0.1628034222E+01 
 2008  4038    12  -0.1319205833E+01  0.1558188850E+01 
 2008  4044    12  -0.1541858333E+01  0.1595139124E+01 
 2008  4050    12  -0.1262803750E+01  0.1626621115E+01 
 2008  4056    12  -0.1344730000E+01  0.1655872035E+01 
 2008  4062    12  -0.1508750000E+01  0.1627741692E+01 
 2008  4068    12  -0.1616725000E+01  0.1663450664E+01 
 2008  4074    12  -0.1539450000E+01  0.1681506003E+01 
 2008  4080    12  -0.1933445833E+01  0.1626802619E+01 
 2008  4086    12  -0.2678900000E+01  0.1639024927E+01 
 2008  4092    12  -0.2992183333E+01  0.1763344117E+01 
 2008  4098    12  -0.3064308333E+01  0.1783390356E+01 
 2008  4104    12  -0.3393608333E+01  0.1674958941E+01 
 2008  4110    12  -0.3613200000E+01  0.1692863444E+01 
 2008  4116    12  -0.3521116667E+01  0.1718980536E+01 
 2008  4122    12  -0.3107391667E+01  0.1751271849E+01 
 2008  4128    12  -0.2820433333E+01  0.1662275984E+01 
 2008  4134    12  -0.2532585833E+01  0.1609427350E+01 
 2008  4140    12  -0.1924508333E+01  0.1634934486E+01 
 2008  4146    12  -0.1646175000E+01  0.1677272953E+01 
 2008  4152    12  -0.1949908333E+01  0.1629523779E+01 
 2008  4158    12  -0.2583283333E+01  0.1670419589E+01 
 2008  4164    12  -0.2816525000E+01  0.1745114394E+01 
 2008  4170    12  -0.3028075000E+01  0.1779346635E+01 
 2008  4176    12  -0.3186123333E+01  0.1802553334E+01 
 2008  4182    12  -0.3485691667E+01  0.1823497225E+01 
 2008  4188    12  -0.3599000000E+01  0.1900452051E+01 
 2008  4194    12  -0.3790483333E+01  0.1919804470E+01 
 2008  4200    12  -0.4033283333E+01  0.1964746612E+01 
 2008  4206    12  -0.4227058333E+01  0.1874598394E+01 
 2008  4212    12  -0.4078500000E+01  0.1710767201E+01 
 2008  4218    12  -0.3916516667E+01  0.1751832327E+01 
 2008  4224    12  -0.3612500000E+01  0.1675404304E+01 
 2008  4230    12  -0.3201591667E+01  0.1665212349E+01 
 2008  4236    12  -0.2633403833E+01  0.1643180081E+01 
 2008  4242    12  -0.2042552500E+01  0.1634144056E+01 
 2008  4248    12  -0.1786970000E+01  0.1624487251E+01 
 2008  4254    12  -0.1762510167E+01  0.1700862069E+01 
 2008  4260    12  -0.1850528917E+01  0.1738389602E+01 
 2008  4266    12  -0.2758141667E+01  0.1794192715E+01 
 2008  4272    12  -0.3714558333E+01  0.1850145669E+01 
 2008  4278    12  -0.4385166667E+01  0.1903411316E+01 
 2008  4284    12  -0.4826500000E+01  0.1881794201E+01 
 2008  4290    12  -0.4551166667E+01  0.1915075187E+01 
 2008  4296    12  -0.4618250000E+01  0.1825124933E+01 
 2008  4302    12  -0.4468250000E+01  0.1766128682E+01 
 2008  4308    12  -0.3691983333E+01  0.1723734986E+01 
 2008  4314    12  -0.2849446667E+01  0.1724356201E+01 
 2008  4320    12  -0.2591991667E+01  0.1674893638E+01 
 2008  4326    12  -0.2596357500E+01  0.1571977249E+01 
 2008  4332    12  -0.2597266667E+01  0.1710293467E+01 
 2008  4338    12  -0.2455575000E+01  0.1690239307E+01 
 2008  4344    12  -0.2688508333E+01  0.1674435710E+01 
 2008  4350    12  -0.2889263333E+01  0.1668674321E+01 
 2008  4356    12  -0.3205083333E+01  0.1732667559E+01 
 2008  4362    12  -0.3345550000E+01  0.1746400162E+01 
 2008  4368    12  -0.3618150000E+01  0.1726264652E+01 
 2008  4374    12  -0.3980800000E+01  0.1740698396E+01 
 2008  4380    12  -0.4313750000E+01  0.1745765263E+01 
 2008  4386    12  -0.3880358333E+01  0.1734449042E+01 
 2008  4392    12  -0.3964000000E+01  0.1716049047E+01 
 2008  4398    12  -0.3905358333E+01  0.1674388285E+01 
 2008  4404    12  -0.3606383333E+01  0.1704994580E+01 
 2008  4410    12  -0.3233141667E+01  0.1668506364E+01 
 2008  4416    12  -0.2871450000E+01  0.1522107131E+01 
 2008  4422    12  -0.2600658333E+01  0.1594069557E+01 
 2008  4428    12  -0.2395078333E+01  0.1571175619E+01 
 2008  4434    12  -0.1860450000E+01  0.1657821815E+01 
 2008  4440    12  -0.1765090000E+01  0.1624386089E+01 
 2008  4446    12  -0.2062217500E+01  0.1597756322E+01 
 2008  4452    12  -0.2129408333E+01  0.1707970911E+01 
 2008  4458    12  -0.1796541667E+01  0.1664118514E+01 
 2008  4464    12  -0.2151252833E+01  0.1709590423E+01 
 2008  4470    12  -0.2528358333E+01  0.1682784553E+01 
 2008  4476    12  -0.2500650000E+01  0.1605413505E+01 
 2008  4482    12  -0.1855660000E+01  0.1681005810E+01 
 2008  4488    12  -0.1539100000E+01  0.1663723971E+01 
 2008  4494    12  -0.1143716667E+01  0.1532766660E+01 
 2008  4500    12  -0.5723416667E+00  0.1650867365E+01 
 2008  4506    12  0.2070000000E-01  0.1614855374E+01 
 2008  4512    12  0.6200666667E+00  0.1459704433E+01 
 2008  4518    12  0.5618993333E+00  0.1580904412E+01 
 2008  4524    12  0.3783000000E+00  0.1773397631E+01 
 2008  4530    12  0.3240333333E+00  0.1858967588E+01 
 2008  4536    12  -0.5040083333E+00  0.1720378027E+01 
 2008  4542    12  -0.1200191667E+01  0.1706972163E+01 
 2008  4548    12  -0.1201891667E+01  0.1793633794E+01 
 2008  4554    12  -0.1201216667E+01  0.1741431465E+01 
 2008  4560    12  -0.1471225000E+01  0.1655580972E+01 
 2008  4566    12  -0.2072771083E+01  0.1660754562E+01 
 2008  4572    12  -0.2433875000E+01  0.1688317023E+01 
 2008  4578    12  -0.2738933333E+01  0.1720592197E+01 
 2008  4584    12  -0.3160525000E+01  0.1654376044E+01 
 2008  4590    12  -0.3409108333E+01  0.1615439072E+01 
 2008  4596    12  -0.3000941667E+01  0.1627661406E+01 
 2008  4602    12  -0.2067891083E+01  0.1529344928E+01 
 2008  4608    12  -0.1405641667E+01  0.1451001155E+01 
 2008  4614    12  -0.1426541667E+01  0.1454227782E+01 
 2008  4620    12  -0.1290583333E+01  0.1548270184E+01 
 2008  4626    12  -0.8280000000E+00  0.1659263273E+01 
 2008  4632    12  -0.7115083333E+00  0.1632005455E+01 
 2008  4638    12  -0.8750166667E+00  0.1606318325E+01 
 2008  4644    12  -0.5738166667E+00  0.1671314707E+01 
 2008  4650    12  -0.2636491667E+00  0.1701811954E+01 
 2008  4656    12  -0.4668333333E-01  0.1666783845E+01 
 2008  4662    12  0.5233500000E+00  0.1594049803E+01 
 2008  4668    12  0.1335025000E+01  0.1650710995E+01 
 2008  4674    12  0.1853208333E+01  0.1643505874E+01 
 2008  4680    12  0.2096741667E+01  0.1582329882E+01 
 2008  4686    12  0.1989016667E+01  0.1596621112E+01 
 2008  4692    12  0.1882008333E+01  0.1667493705E+01 
 2008  4698    12  0.1715591667E+01  0.1592837318E+01 
 2008  4704    12  0.9175725000E+00  0.1621918828E+01 
 2008  4710    12  -0.5400666667E+00  0.1671715851E+01 
 2008  4716    12  -0.1501508333E+01  0.1695406924E+01 
 2008  4722    12  -0.1991715000E+01  0.1705507921E+01 
 2008  4728    12  -0.2924691667E+01  0.1694667710E+01 
 2008  4734    12  -0.3530633333E+01  0.1717692855E+01 
 2008  4740    12  -0.4318416667E+01  0.1835021683E+01 
 2008  4746    12  -0.4664250000E+01  0.1861847430E+01 
 2008  4752    12  -0.4651666667E+01  0.1770062067E+01 
 2008  4758    12  -0.4119833333E+01  0.1678704701E+01 
 2008  4764    12  -0.3234683333E+01  0.1551193875E+01 
 2008  4770    12  -0.2364588833E+01  0.1618973294E+01 
 2008  4776    12  -0.2035158333E+01  0.1467470484E+01 
 2008  4782    12  -0.2145783333E+01  0.1676753316E+01 
 2008  4788    12  -0.2380691667E+01  0.1733235876E+01 
 2008  4794    12  -0.1846908333E+01  0.1755719102E+01 
 2008  4800    12  -0.1771600000E+01  0.1688221720E+01 
 2008  4806    12  -0.2020058333E+01  0.1648596625E+01 
 2008  4812    12  -0.2052700833E+01  0.1718564345E+01 
 2008  4818    12  -0.1966027500E+01  0.1673528932E+01 
 2008  4824    12  -0.1762025000E+01  0.1692337999E+01 
 2008  4830    12  -0.1458808333E+01  0.1723793774E+01 
 2008  4836    12  -0.1226243333E+01  0.1665453314E+01 
 2008  4842    12  -0.1109150000E+01  0.1742535688E+01 
 2008  4848    12  -0.1485075000E+01  0.1736164668E+01 
 2008  4854    12  -0.1811901667E+01  0.1764156268E+01 
 2008  4860    12  -0.2115658333E+01  0.1802937927E+01 
 2008  4866    12  -0.2474970833E+01  0.1794453638E+01 
 2008  4872    12  -0.2685316667E+01  0.1781101237E+01 
 2008  4878    12  -0.2946616667E+01  0.1725619360E+01 
 2008  4884    12  -0.2954666667E+01  0.1723727179E+01 
 2008  4890    12  -0.2938716667E+01  0.1703017996E+01 
 2008  4896    12  -0.3076808333E+01  0.1719166106E+01 
 2008  4902    12  -0.3176625000E+01  0.1639181393E+01 
 2008  4908    12  -0.2829566667E+01  0.1595259910E+01 
 2008  4914    12  -0.2556958333E+01  0.1660962894E+01 
 2008  4920    12  -0.2759391667E+01  0.1615352397E+01 
 2008  4926    12  -0.3346333333E+01  0.1693883867E+01 
 2008  4932    12  -0.3531083333E+01  0.1705152215E+01 
 2008  4938    12  -0.3322891667E+01  0.1710492662E+01 
 2008  4944    12  -0.3033641667E+01  0.1568511947E+01 
 2008  4950    12  -0.2516150000E+01  0.1563549120E+01 
 2008  4956    12  -0.1707808333E+01  0.1589333395E+01 
 2008  4962    12  -0.9740833333E+00  0.1634882305E+01 
 2008  4968    12  -0.6521841667E+00  0.1533458344E+01 
 2008  4974    12  -0.7259416667E+00  0.1554779664E+01 
 2008  4980    12  -0.9413508333E+00  0.1634634771E+01 
 2008  4986    12  -0.1293375000E+01  0.1697108708E+01 
 2008  4992    12  -0.1462183333E+01  0.1624682964E+01 
 2008  4998    12  -0.1935008333E+01  0.1685987754E+01 
 2008  5004    12  -0.1892783333E+01  0.1625123609E+01 
 2008  5010    12  -0.1232883333E+01  0.1619543225E+01 
 2008  5016    12  -0.1138166667E+01  0.1469786042E+01 
 2008  5022    12  -0.1633391667E+01  0.1663786093E+01 
 2008  5028    12  -0.2013475000E+01  0.1654064612E+01 
 2008  5034    12  -0.1895724750E+01  0.1774429706E+01 
 2008  5040    12  -0.1996525000E+01  0.1677602425E+01 
 2008  5046    12  -0.2426371667E+01  0.1755575640E+01 
 2008  5052    12  -0.2772977500E+01  0.1809483390E+01 
 2008  5058    12  -0.2756825000E+01  0.1740421564E+01 
 2008  5064    12  -0.2859708333E+01  0.1762175599E+01 
 2008  5070    12  -0.3204968333E+01  0.1849483171E+01 
 2008  5076    12  -0.3509016667E+01  0.1827753421E+01 
 2008  5082    12  -0.3737482500E+01  0.1927774029E+01 
 2008  5088    12  -0.4347183333E+01  0.1971889999E+01 
 2008  5094    12  -0.5016350000E+01  0.2024967279E+01 
 2008  5100    12  -0.5478416667E+01  0.2166271623E+01 
 2008  5106    12  -0.5658166667E+01  0.2145903766E+01 
 2008  5112    12  -0.5902000000E+01  0.2092963091E+01 
 2008  5118    12  -0.6101916667E+01  0.2136869028E+01 
 2008  5124    12  -0.5827833333E+01  0.2166728288E+01 
 2008  5130    12  -0.5332958333E+01  0.2153898602E+01 
 2008  5136    12  -0.5162683333E+01  0.2084305984E+01 
 2008  5142    12  -0.5412750000E+01  0.2085153756E+01 
 2008  5148    12  -0.5486000000E+01  0.2172104011E+01 
 2008  5154    12  -0.5597750000E+01  0.2186925663E+01 
 2008  5160    12  -0.5853000000E+01  0.2189816355E+01 
 2008  5166    12  -0.5731416667E+01  0.2204957387E+01 
 2008  5172    12  -0.5677500000E+01  0.2200422630E+01 
 2008  5178    12  -0.5974583333E+01  0.2222678806E+01 
 2008  5184    12  -0.6445666667E+01  0.2192320245E+01 
 2008  5190    12  -0.6793833333E+01  0.2202161243E+01 
 2008  5196    12  -0.6697666667E+01  0.2221665004E+01 
 2008  5202    12  -0.6105583333E+01  0.2116862909E+01 
 2008  5208    12  -0.5596500000E+01  0.2046642474E+01 
 2008  5214    12  -0.5180583333E+01  0.1971490530E+01 
 2008  5220    12  -0.4664416667E+01  0.1917840342E+01 
 2008  5226    12  -0.4072500000E+01  0.1845155165E+01 
 2008  5232    12  -0.3736750000E+01  0.1759862690E+01 
 2008  5238    12  -0.3487083333E+01  0.1755030743E+01 
 2008  5244    12  -0.2993900000E+01  0.1707578948E+01 
 2008  5250    12  -0.2361716667E+01  0.1819980236E+01 
 2008  5256    12  -0.2258036083E+01  0.1664111204E+01 
 2008  5262    12  -0.2525566667E+01  0.1857414656E+01 
 2008  5268    12  -0.3274558333E+01  0.1873885782E+01 
 2008  5274    12  -0.4016916667E+01  0.2098561192E+01 
 2008  5280    12  -0.4818100000E+01  0.2081390603E+01 
 2008  5286    12  -0.5361416667E+01  0.2066254964E+01 
 2008  5292    12  -0.5388416667E+01  0.2163578034E+01 
 2008  5298    12  -0.5058991667E+01  0.2170365453E+01 
 2008  5304    12  -0.4610941667E+01  0.2085369880E+01 
 2008  5310    12  -0.4463633333E+01  0.1996986867E+01 
 2008  5316    12  -0.4441500000E+01  0.1958002532E+01 
 2008  5322    12  -0.4002825000E+01  0.1982195711E+01 
 2008  5328    12  -0.3898916667E+01  0.1931695130E+01 
 2008  5334    12  -0.3696241667E+01  0.1798689011E+01 
 2008  5340    12  -0.3167608333E+01  0.1832310987E+01 
 2008  5346    12  -0.2627802500E+01  0.1849347732E+01 
 2008  5352    12  -0.2452567500E+01  0.1834244968E+01 
 2008  5358    12  -0.2659465833E+01  0.1887279654E+01 
 2008  5364    12  -0.2829433333E+01  0.1881610179E+01 
 2008  5370    12  -0.2559445833E+01  0.1857707733E+01 
 2008  5376    12  -0.2183783333E+01  0.1809449061E+01 
 2008  5382    12  -0.2383458333E+01  0.1830959805E+01 
 2008  5388    12  -0.2413225000E+01  0.1852803185E+01 
 2008  5394    12  -0.2449816667E+01  0.1894470001E+01 
 2008  5400    12  -0.2862341667E+01  0.1883008519E+01 
 2008  5406    12  -0.3115657500E+01  0.1937837204E+01 
 2008  5412    12  -0.3107670000E+01  0.1971958314E+01 
 2008  5418    12  -0.3161166667E+01  0.2014047460E+01 
 2008  5424    12  -0.3395191667E+01  0.1937021072E+01 
 2008  5430    12  -0.3933166667E+01  0.1969304227E+01 
 2008  5436    12  -0.4304650000E+01  0.2034068414E+01 
 2008  5442    12  -0.4609441667E+01  0.2069350074E+01 
 2008  5448    12  -0.5095083333E+01  0.1984528931E+01 
 2008  5454    12  -0.5318666667E+01  0.2015734826E+01 
 2008  5460    12  -0.4995916667E+01  0.2004537954E+01 
 2008  5466    12  -0.4475583333E+01  0.1928237773E+01 
 2008  5472    12  -0.3699683333E+01  0.1818298675E+01 
 2008  5478    12  -0.3008400000E+01  0.1769073793E+01 
 2008  5484    12  -0.2431816667E+01  0.1720870809E+01 
 2008  5490    12  -0.1690625000E+01  0.1797416139E+01 
 2008  5496    12  -0.1380216667E+01  0.1779696128E+01 
 2008  5502    12  -0.1475241667E+01  0.1740993972E+01 
 2008  5508    12  -0.1433250000E+01  0.1743776769E+01 
 2008  5514    12  -0.1253933333E+01  0.1771666259E+01 
 2008  5520    12  -0.1511266667E+01  0.1851664208E+01 
 2008  5526    12  -0.1516708333E+01  0.1854420591E+01 
 2008  5532    12  -0.1490841667E+01  0.1804871628E+01 
 2008  5538    12  -0.1246091667E+01  0.1797879925E+01 
 2008  5544    12  -0.1439158333E+01  0.1782526835E+01 
 2008  5550    12  -0.2070966667E+01  0.1642547681E+01 
 2008  5556    12  -0.2709108333E+01  0.1855172893E+01 
 2008  5562    12  -0.3427107500E+01  0.1955174515E+01 
 2008  5568    12  -0.4252266667E+01  0.1985591578E+01 
 2008  5574    12  -0.4594591667E+01  0.1963109825E+01 
 2008  5580    12  -0.4239975000E+01  0.2010540315E+01 
 2008  5586    12  -0.3717475000E+01  0.1987951986E+01 
 2008  5592    12  -0.3485083333E+01  0.1946178540E+01 
 2008  5598    12  -0.3253375000E+01  0.1845536069E+01 
 2008  5604    12  -0.2815025000E+01  0.1871648960E+01 
 2008  5610    12  -0.2562400417E+01  0.1906303421E+01 
 2008  5616    12  -0.2609575000E+01  0.1857866526E+01 
 2008  5622    12  -0.3198657500E+01  0.1851263864E+01 
 2008  5628    12  -0.3635508333E+01  0.1882460117E+01 
 2008  5634    12  -0.4086100000E+01  0.2015279106E+01 
 2008  5640    12  -0.4263441667E+01  0.1993616094E+01 
 2008  5646    12  -0.4679916667E+01  0.1990456834E+01 
 2008  5652    12  -0.4453925000E+01  0.1984777451E+01 
 2008  5658    12  -0.4310191667E+01  0.1982692568E+01 
 2008  5664    12  -0.4180000000E+01  0.1944402950E+01 
 2008  5670    12  -0.4235000000E+01  0.1914769177E+01 
 2008  5676    12  -0.4231416667E+01  0.1969042638E+01 
 2008  5682    12  -0.3866250000E+01  0.1955501518E+01 
 2008  5688    12  -0.3268741667E+01  0.1878890454E+01 
 2008  5694    12  -0.2567241667E+01  0.1640015844E+01 
 2008  5700    12  -0.1354383333E+01  0.1637042750E+01 
 2008  5706    12  -0.6935166667E+00  0.1760396290E+01 
 2008  5712    12  -0.9613700000E+00  0.1743755555E+01 
 2008  5718    12  -0.1762889167E+01  0.1876255820E+01 
 2008  5724    12  -0.2542894167E+01  0.1977875467E+01 
 2008  5730    12  -0.3050550000E+01  0.2030223136E+01 
 2008  5736    12  -0.3556160000E+01  0.1946217840E+01 
 2008  5742    12  -0.4240833333E+01  0.1976681556E+01 
 2008  5748    12  -0.4806341667E+01  0.2222877445E+01 
 2008  5754    12  -0.5691616667E+01  0.2340758449E+01 
 2008  5760    12  -0.6268833333E+01  0.2290607774E+01 
 2008  5766    12  -0.6700000000E+01  0.2333714528E+01 
 2008  5772    12  -0.6894166667E+01  0.2392464553E+01 
 2008  5778    12  -0.6671250000E+01  0.2331023349E+01 
 2008  5784    12  -0.6731750000E+01  0.2244105543E+01 
 2008  5790    12  -0.6541083333E+01  0.2192037350E+01 
 2008  5796    12  -0.5968083333E+01  0.2127063330E+01 
 2008  5802    12  -0.5128500000E+01  0.1990230745E+01 
 2008  5808    12  -0.4343416667E+01  0.1879076212E+01 
 2008  5814    12  -0.3666583333E+01  0.1783685205E+01 
 2008  5820    12  -0.3316008333E+01  0.1671840458E+01 
 2008  5826    12  -0.2669005000E+01  0.1619246196E+01 
 2008  5832    12  -0.1933400000E+01  0.1811802733E+01 
 2008  5838    12  -0.1991556667E+01  0.1686716327E+01 
 2008  5844    12  -0.2395300000E+01  0.1852133893E+01 
 2008  5850    12  -0.2966208333E+01  0.1974105359E+01 
 2008  5856    12  -0.4163258333E+01  0.2056935216E+01 
 2008  5862    12  -0.5245475000E+01  0.2257625157E+01 
 2008  5868    12  -0.5719416667E+01  0.2190107625E+01 
 2008  5874    12  -0.5589250000E+01  0.2294613153E+01 
 2008  5880    12  -0.5677375000E+01  0.2390353523E+01 
 2008  5886    12  -0.6356500000E+01  0.2341231852E+01 
 2008  5892    12  -0.6725166667E+01  0.2406522070E+01 
 2008  5898    12  -0.6988500000E+01  0.2404223003E+01 
 2008  5904    12  -0.7207583333E+01  0.2449225403E+01 
 2008  5910    12  -0.7022000000E+01  0.2409355931E+01 
 2008  5916    12  -0.6230000000E+01  0.2358807114E+01 
 2008  5922    12  -0.5502866667E+01  0.2349867676E+01 
 2008  5928    12  -0.5259783333E+01  0.2228981460E+01 
 2008  5934    12  -0.5218000000E+01  0.2145425676E+01 
 2008  5940    12  -0.4818266667E+01  0.2174216360E+01 
 2008  5946    12  -0.4474150000E+01  0.2187289612E+01 
 2008  5952    12  -0.4478066667E+01  0.2102245636E+01 
 2008  5958    12  -0.4539441667E+01  0.2087406280E+01 
 2008  5964    12  -0.4237250000E+01  0.2050183615E+01 
 2008  5970    12  -0.3853062500E+01  0.2076859829E+01 
 2008  5976    12  -0.4013775000E+01  0.2058764279E+01 
 2008  5982    12  -0.4277258333E+01  0.2001939185E+01 
 2008  5988    12  -0.3921766667E+01  0.2033522149E+01 
 2008  5994    12  -0.3204225000E+01  0.1982731880E+01 
 2008  6000    12  -0.2689641667E+01  0.1917608190E+01 
 2008  6006    12  -0.2322200000E+01  0.1923347691E+01 
 2008  6012    12  -0.1559708333E+01  0.1873117440E+01 
 2008  6018    12  -0.9195916667E+00  0.1888862235E+01 
 2008  6024    12  -0.6657166667E+00  0.1866087524E+01 
 2008  6030    12  -0.6307166667E+00  0.1854801282E+01 
 2008  6036    12  -0.4977750000E+00  0.1864318488E+01 
 2008  6042    12  -0.5786500000E+00  0.1855153194E+01 
 2008  6048    12  -0.1079009167E+01  0.1798215122E+01 
 2008  6054    12  -0.1585933333E+01  0.1857427348E+01 
 2008  6060    12  -0.1901200833E+01  0.1799136354E+01 
 2008  6066    12  -0.2166875000E+01  0.1779843448E+01 
 2008  6072    12  -0.2464175000E+01  0.1720324338E+01 
 2008  6078    12  -0.2806375000E+01  0.1778079803E+01 
 2008  6084    12  -0.2963158333E+01  0.1901887679E+01 
 2008  6090    12  -0.2567575000E+01  0.1818221053E+01 
 2008  6096    12  -0.2500800000E+01  0.1744685778E+01 
 2008  6102    12  -0.2357533333E+01  0.1854589316E+01 
 2008  6108    12  -0.2197988333E+01  0.1909106326E+01 
 2008  6114    12  -0.1936758333E+01  0.1878894702E+01 
 2008  6120    12  -0.2374358333E+01  0.1910860766E+01 
 2008  6126    12  -0.3018841667E+01  0.1926883727E+01 
 2008  6132    12  -0.3198366667E+01  0.1890773055E+01 
 2008  6138    12  -0.2634250000E+01  0.1750763904E+01 
 2008  6144    12  -0.1887770833E+01  0.1805551147E+01 
 2008  6150    12  -0.1277650000E+01  0.1883889503E+01 
 2008  6156    12  -0.1272291667E+01  0.1876209098E+01 
 2008  6162    12  -0.2246893333E+01  0.1873510041E+01 
 2008  6168    12  -0.3234266667E+01  0.1624634630E+01 
 2008  6174    12  -0.3283066667E+01  0.1910827666E+01 
 2008  6180    12  -0.3222241667E+01  0.1912447766E+01 
 2008  6186    12  -0.2247627500E+01  0.1740260666E+01 
 2008  6192    12  -0.2194291667E+01  0.1840322687E+01 
 2008  6198    12  -0.3026641667E+01  0.1999389758E+01 
 2008  6204    12  -0.3680895833E+01  0.2037621662E+01 
 2008  6210    12  -0.4249175000E+01  0.2087207394E+01 
 2008  6216    12  -0.4492775000E+01  0.2159462288E+01 
 2008  6222    12  -0.4175308333E+01  0.2260026104E+01 
 2008  6228    12  -0.3984916667E+01  0.1912168815E+01 
 2008  6234    12  -0.2659480000E+01  0.1871136188E+01 
 2008  6240    12  -0.2079510000E+01  0.1932058228E+01 
 2008  6246    12  -0.1807333333E+01  0.1877858422E+01 
 2008  6252    12  -0.2112350000E+01  0.1846558286E+01 
 2008  6258    12  -0.1842391667E+01  0.1977650100E+01 
 2008  6264    12  -0.2541983333E+01  0.1827249941E+01 
 2008  6270    12  -0.3322308333E+01  0.1700808882E+01 
 2008  6276    12  -0.4050583333E+01  0.1707366074E+01 
 2008  6282    12  -0.3570041667E+01  0.1574800126E+01 
 2008  6288    12  -0.3262933333E+01  0.1405003161E+01 
 2008  6294    12  -0.3294175000E+01  0.1363244134E+01 
 2008  6300    12  -0.4214833333E+01  0.1479546486E+01 
 2008  6306    12  -0.4469750000E+01  0.1819820006E+01 
 2008  6312    12  -0.5101500000E+01  0.1842681900E+01 
 2008  6318    12  -0.6147416667E+01  0.1933478879E+01 
 2008  6324    12  -0.6391916667E+01  0.2082808619E+01 
 2008  6330    12  -0.6339083333E+01  0.2143552637E+01 
 2008  6336    12  -0.6760583333E+01  0.2121417901E+01 
 2008  6342    12  -0.6944750000E+01  0.2084425545E+01 
 2008  6348    12  -0.6951916667E+01  0.2158128682E+01 
 2008  6354    12  -0.6181583333E+01  0.2044097456E+01 
 2008  6360    12  -0.5082250000E+01  0.1906833900E+01 
 2008  6366    12  -0.4099416667E+01  0.1836291120E+01 
 2008  6372    12  -0.3651583333E+01  0.1769030500E+01 
 2008  6378    12  -0.3010433333E+01  0.1762224970E+01 
 2008  6384    12  -0.3307850000E+01  0.1880622473E+01 
 2008  6390    12  -0.4024833333E+01  0.1906687740E+01 
 2008  6396    12  -0.4331833333E+01  0.1922990892E+01 
 2008  6402    12  -0.3872200000E+01  0.1888499441E+01 
 2008  6408    12  -0.3426141667E+01  0.1927295438E+01 
 2008  6414    12  -0.3205708333E+01  0.1906496157E+01 
 2008  6420    12  -0.3231916667E+01  0.1859004414E+01 
 2008  6426    12  -0.3397066667E+01  0.1918589837E+01 
 2008  6432    12  -0.4196433333E+01  0.2019610003E+01 
 2008  6438    12  -0.5050166667E+01  0.2021631925E+01 
 2008  6444    12  -0.5713916667E+01  0.2098262275E+01 
 2008  6450    12  -0.5812083333E+01  0.2174804721E+01 
 2008  6456    12  -0.5889250000E+01  0.2192535637E+01 
 2008  6462    12  -0.5847833333E+01  0.2315926950E+01 
 2008  6468    12  -0.5601333333E+01  0.2379960235E+01 
 2008  6474    12  -0.4719472500E+01  0.2482101537E+01 
 2008  6480    12  -0.4783433333E+01  0.2248587979E+01 
 2008  6486    12  -0.5518733333E+01  0.2314908432E+01 
 2008  6492    12  -0.6460500000E+01  0.2239604671E+01 
 2008  6498    12  -0.6362333333E+01  0.2487513663E+01 
 2008  6504    12  -0.6306325000E+01  0.2567559632E+01 
 2008  6510    12  -0.5946991667E+01  0.2490099379E+01 
 2008  6516    12  -0.5457916667E+01  0.2523415690E+01 
 2008  6522    12  -0.5500583333E+01  0.2455410877E+01 
 2008  6528    12  -0.6206583333E+01  0.2417443224E+01 
 2008  6534    12  -0.6771333333E+01  0.2445032220E+01 
 2008  6540    12  -0.7366916667E+01  0.2495805229E+01 
 2008  6546    12  -0.7080916667E+01  0.2499507567E+01 
 2008  6552    12  -0.6930000000E+01  0.2395779901E+01 
 2008  6558    12  -0.6465166667E+01  0.2324257115E+01 
 2008  6564    12  -0.5490083333E+01  0.2274108963E+01 
 2008  6570    12  -0.3936225000E+01  0.2129925669E+01 
 2008  6576    12  -0.3395675000E+01  0.2123995291E+01 
 2008  6582    12  -0.3234691667E+01  0.2160669173E+01 
 2008  6588    12  -0.3674165833E+01  0.2240545129E+01 
 2008  6594    12  -0.3965033333E+01  0.2216451020E+01 
 2008  6600    12  -0.4477366667E+01  0.2265485469E+01 
 2008  6606    12  -0.4472208333E+01  0.2231346151E+01 
 2008  6612    12  -0.4399941667E+01  0.2231950497E+01 
 2008  6618    12  -0.4319950000E+01  0.2270458895E+01 
 2008  6624    12  -0.4817725000E+01  0.2353944491E+01 
 2008  6630    12  -0.5322083333E+01  0.2278111625E+01 
 2008  6636    12  -0.5765250000E+01  0.2355113201E+01 
 2008  6642    12  -0.5797416667E+01  0.2323031262E+01 
 2008  6648    12  -0.5676583333E+01  0.2268904451E+01 
 2008  6654    12  -0.5214083333E+01  0.2151846938E+01 
 2008  6660    12  -0.4553250000E+01  0.2085497588E+01 
 2008  6666    12  -0.3429783333E+01  0.2036702566E+01 
 2008  6672    12  -0.2814665833E+01  0.2037788500E+01 
 2008  6678    12  -0.2320200000E+01  0.2053735873E+01 
 2008  6684    12  -0.2258266667E+01  0.2097132538E+01 
 2008  6690    12  -0.1900125000E+01  0.2223160682E+01 
 2008  6696    12  -0.1782783333E+01  0.2130141455E+01 
 2008  6702    12  -0.2055608333E+01  0.1794497256E+01 
 2008  6708    12  -0.2787200000E+01  0.1633881538E+01 
 2008  6714    12  -0.3291408333E+01  0.1679666450E+01 
 2008  6720    12  -0.4124500000E+01  0.1742128033E+01 
 2008  6726    12  -0.4490000000E+01  0.1829412747E+01 
 2008  6732    12  -0.4436166667E+01  0.1879052591E+01 
 2008  6738    12  -0.3815766667E+01  0.1888062816E+01 
 2008  6744    12  -0.3685516667E+01  0.1771943331E+01 
 2008  6750    12  -0.3985125000E+01  0.1845837097E+01 
 2008  6756    12  -0.3712325000E+01  0.1994711118E+01 
 2008  6762    12  -0.3391241667E+01  0.1990854881E+01 
 2008  6768    12  -0.3228625000E+01  0.2075719821E+01 
 2008  6774    12  -0.3343625000E+01  0.2040991784E+01 
 2008  6780    12  -0.3450575000E+01  0.2068925709E+01 
 2008  6786    12  -0.3406925000E+01  0.2081237503E+01 
 2008  6792    12  -0.4083600000E+01  0.2155049194E+01 
 2008  6798    12  -0.5170491667E+01  0.2335898088E+01 
 2008  6804    12  -0.6134741667E+01  0.2494899387E+01 
 2008  6810    12  -0.7174166667E+01  0.2654162826E+01 
 2008  6816    12  -0.8496166667E+01  0.2780887413E+01 
 2008  6822    12  -0.9495416667E+01  0.2900909210E+01 
 2008  6828    12  -0.1047033333E+02  0.3025203198E+01 
 2008  6834    12  -0.1112050000E+02  0.3132504203E+01 
 2008  6840    12  -0.1149450000E+02  0.3178639030E+01 
 2008  6846    12  -0.1151933333E+02  0.3250033137E+01 
 2008  6852    12  -0.1092366667E+02  0.3201425707E+01 
 2008  6858    12  -0.1015808333E+02  0.3019233552E+01 
 2008  6864    12  -0.9632750000E+01  0.2923199278E+01 
 2008  6870    12  -0.9147750000E+01  0.2807121691E+01 
 2008  6876    12  -0.8401916667E+01  0.2680534320E+01 
 2008  6882    12  -0.7410416667E+01  0.2604495999E+01 
 2008  6888    12  -0.6514250000E+01  0.2490669091E+01 
 2008  6894    12  -0.5553191667E+01  0.2359756019E+01 
 2008  6900    12  -0.5229866667E+01  0.2327179257E+01 
 2008  6906    12  -0.5426941667E+01  0.2338166077E+01 
 2008  6912    12  -0.6130000000E+01  0.2426090202E+01 
 2008  6918    12  -0.6941666667E+01  0.2386393525E+01 
 2008  6924    12  -0.7219750000E+01  0.2420350495E+01 
 2008  6930    12  -0.6869833333E+01  0.2317134359E+01 
 2008  6936    12  -0.6224916667E+01  0.2249978572E+01 
 2008  6942    12  -0.4976000000E+01  0.2190167497E+01 
 2008  6948    12  -0.3873183333E+01  0.2145612495E+01 
 2008  6954    12  -0.2958706667E+01  0.2141162209E+01 
 2008  6960    12  -0.2820625000E+01  0.2180726632E+01 
 2008  6966    12  -0.3291289167E+01  0.2164099983E+01 
 2008  6972    12  -0.3882591667E+01  0.2215322641E+01 
 2008  6978    12  -0.4385833333E+01  0.2202327323E+01 
 2008  6984    12  -0.4464250000E+01  0.2116422616E+01 
 2008  6990    12  -0.4112166667E+01  0.1781502308E+01 
 2008  6996    12  -0.2800050000E+01  0.2308848745E+01 
 2008  7002    12  -0.1516082500E+01  0.1916732488E+01 
 2008  7008    12  -0.8429166667E+00  0.2149660463E+01 
 2008  7014    12  -0.1921824167E+01  0.2126687709E+01 
 2008  7020    12  -0.3318275000E+01  0.2321556636E+01 
 2008  7026    12  -0.5180141667E+01  0.2591056925E+01 
 2008  7032    12  -0.7028416667E+01  0.2481088016E+01 
 2008  7038    12  -0.7450000000E+01  0.2515106293E+01 
 2008  7044    12  -0.7150333333E+01  0.2519757572E+01 
 2008  7050    12  -0.6849583333E+01  0.2447882298E+01 
 2008  7056    12  -0.6551333333E+01  0.2485667427E+01 
 2008  7062    12  -0.6508500000E+01  0.2524811231E+01 
 2008  7068    12  -0.6312083333E+01  0.2545394713E+01 
 2008  7074    12  -0.6127166667E+01  0.2529735257E+01 
 2008  7080    12  -0.6358166667E+01  0.2483170112E+01 
 2008  7086    12  -0.6374416667E+01  0.2468052250E+01 
 2008  7092    12  -0.6362333333E+01  0.2480355564E+01 
 2008  7098    12  -0.6169416667E+01  0.2461930322E+01 
 2008  7104    12  -0.6437333333E+01  0.2456414166E+01 
 2008  7110    12  -0.6372500000E+01  0.2411015018E+01 
 2008  7116    12  -0.6023750000E+01  0.2370061572E+01 
 2008  7122    12  -0.5786750000E+01  0.2320525125E+01 
 2008  7128    12  -0.5912833333E+01  0.2314125243E+01 
 2008  7134    12  -0.5663083333E+01  0.2327799371E+01 
 2008  7140    12  -0.5883916667E+01  0.2378902459E+01 
 2008  7146    12  -0.6206750000E+01  0.2505273808E+01 
 2008  7152    12  -0.7124416667E+01  0.2506495876E+01 
 2008  7158    12  -0.7964083333E+01  0.2591352622E+01 
 2008  7164    12  -0.8522166667E+01  0.2530405726E+01 
 2008  7170    12  -0.8583333333E+01  0.2669329577E+01 
 2008  7176    12  -0.8722583333E+01  0.2637673579E+01 
 2008  7182    12  -0.8811750000E+01  0.2804129013E+01 
 2008  7188    12  -0.9167166667E+01  0.2869899500E+01 
 2008  7194    12  -0.9280333333E+01  0.3003734740E+01 
 2008  7200    12  -0.9688833333E+01  0.2866915498E+01 
 2008  7206    12  -0.9678500000E+01  0.2840773354E+01 
 2008  7212    12  -0.9964500000E+01  0.2830954830E+01 
 2008  7218    12  -0.9555083333E+01  0.2812157667E+01 
 2008  7224    12  -0.8983750000E+01  0.2690686595E+01 
 2008  7230    12  -0.8157916667E+01  0.2635287602E+01 
 2008  7236    12  -0.6842000000E+01  0.2493526185E+01 
 2008  7242    12  -0.5390925000E+01  0.2428714923E+01 
 2008  7248    12  -0.4554266667E+01  0.2338593776E+01 
 2008  7254    12  -0.3691025000E+01  0.2249738160E+01 
 2008  7260    12  -0.3108008333E+01  0.2188778534E+01 
 2008  7266    12  -0.2706738333E+01  0.2158824742E+01 
 2008  7272    12  -0.2591808333E+01  0.2175923903E+01 
 2008  7278    12  -0.2576066667E+01  0.2196128843E+01 
 2008  7284    12  -0.2787591667E+01  0.2242222400E+01 
 2008  7290    12  -0.2948700000E+01  0.2296930060E+01 
 2008  7296    12  -0.3597666667E+01  0.2364143050E+01 
 2008  7302    12  -0.4067550000E+01  0.2341004951E+01 
 2008  7308    12  -0.4002941667E+01  0.2395192660E+01 
 2008  7314    12  -0.3688950000E+01  0.2336693831E+01 
 2008  7320    12  -0.3188005833E+01  0.2361159711E+01 
 2008  7326    12  -0.2978350583E+01  0.2226085047E+01 
 2008  7332    12  -0.3051500000E+01  0.2262267540E+01 
 2008  7338    12  -0.3197891667E+01  0.2300191095E+01 
 2008  7344    12  -0.3610891667E+01  0.2223867426E+01 
 2008  7350    12  -0.3755705833E+01  0.2236973453E+01 
 2008  7356    12  -0.3989091667E+01  0.2284940071E+01 
 2008  7362    12  -0.4336050000E+01  0.2340224482E+01 
 2008  7368    12  -0.4942125000E+01  0.2399151414E+01 
 2008  7374    12  -0.5109191667E+01  0.2314688331E+01 
 2008  7380    12  -0.4649416667E+01  0.2323703096E+01 
 2008  7386    12  -0.4262250833E+01  0.2316735873E+01 
 2008  7392    12  -0.4177766667E+01  0.2333592038E+01 
 2008  7398    12  -0.3964358333E+01  0.2289589620E+01 
 2008  7404    12  -0.3783841667E+01  0.2264893823E+01 
 2008  7410    12  -0.4020116667E+01  0.2357008192E+01 
 2008  7416    12  -0.4508616667E+01  0.2370632711E+01 
 2008  7422    12  -0.4600340000E+01  0.2345414630E+01 
 2008  7428    12  -0.4851658333E+01  0.2435671684E+01 
 2008  7434    12  -0.5025950000E+01  0.2408961919E+01 
 2008  7440    12  -0.5207566667E+01  0.2399560703E+01 
 2008  7446    12  -0.5345350000E+01  0.2364826494E+01 
 2008  7452    12  -0.5504333333E+01  0.2381165518E+01 
 2008  7458    12  -0.5445916667E+01  0.2346548510E+01 
 2008  7464    12  -0.4945600000E+01  0.2244011481E+01 
 2008  7470    12  -0.4160458333E+01  0.2365460962E+01 
 2008  7476    12  -0.4054241667E+01  0.2533090163E+01 
 2008  7482    12  -0.3678858333E+01  0.2581842792E+01 
 2008  7488    12  -0.4208266667E+01  0.2563319231E+01 
 2008  7494    12  -0.5033208333E+01  0.2528339536E+01 
 2008  7500    12  -0.5446868333E+01  0.2686750291E+01 
 2008  7506    12  -0.5645333333E+01  0.2695455259E+01 
 2008  7512    12  -0.5969791667E+01  0.2796998328E+01 
 2008  7518    12  -0.6152333333E+01  0.2785145219E+01 
 2008  7524    12  -0.6290641667E+01  0.2773481410E+01 
 2008  7530    12  -0.6640850000E+01  0.2827931219E+01 
 2008  7536    12  -0.7490083333E+01  0.2922316446E+01 
 2008  7542    12  -0.8185250000E+01  0.3061770787E+01 
 2008  7548    12  -0.8591583333E+01  0.3074141952E+01 
 2008  7554    12  -0.8943833333E+01  0.3002835683E+01 
 2008  7560    12  -0.9242916667E+01  0.3035335853E+01 
 2008  7566    12  -0.9097750000E+01  0.2938399199E+01 
 2008  7572    12  -0.8901500000E+01  0.2755481522E+01 
 2008  7578    12  -0.8429500000E+01  0.2834696853E+01 
 2008  7584    12  -0.8214833333E+01  0.2728793868E+01 
 2008  7590    12  -0.7397500000E+01  0.2627387470E+01 
 2008  7596    12  -0.6891250000E+01  0.2473694913E+01 
 2008  7602    12  -0.6244500000E+01  0.2472243903E+01 
 2008  7608    12  -0.6005500000E+01  0.2410389232E+01 
 2008  7614    12  -0.5783416667E+01  0.2338925161E+01 
 2008  7620    12  -0.5410000000E+01  0.2325290950E+01 
 2008  7626    12  -0.5061891667E+01  0.2330898699E+01 
 2008  7632    12  -0.5051741667E+01  0.2286452092E+01 
 2008  7638    12  -0.4873058333E+01  0.2345229741E+01 
 2008  7644    12  -0.4963133333E+01  0.2374686652E+01 
 2008  7650    12  -0.5113966667E+01  0.2403244164E+01 
 2008  7656    12  -0.5387950000E+01  0.2465350981E+01 
 2008  7662    12  -0.5682583333E+01  0.2547286905E+01 
 2008  7668    12  -0.5848716667E+01  0.2505535249E+01 
 2008  7674    12  -0.5647791667E+01  0.2492263308E+01 
 2008  7680    12  -0.5757333333E+01  0.2575344777E+01 
 2008  7686    12  -0.5733858333E+01  0.2579721013E+01 
 2008  7692    12  -0.6037000000E+01  0.2575181320E+01 
 2008  7698    12  -0.6411583333E+01  0.2503233358E+01 
 2008  7704    12  -0.6709833333E+01  0.2531321059E+01 
 2008  7710    12  -0.7209083333E+01  0.2401536538E+01 
 2008  7716    12  -0.7458500000E+01  0.2340534715E+01 
 2008  7722    12  -0.7319166667E+01  0.2161609849E+01 
 2008  7728    12  -0.6266916667E+01  0.2258239966E+01 
 2008  7734    12  -0.4781950000E+01  0.2370374386E+01 
 2008  7740    12  -0.4224241667E+01  0.2469085355E+01 
 2008  7746    12  -0.4433641667E+01  0.2538141537E+01 
 2008  7752    12  -0.4757541667E+01  0.2660675662E+01 
 2008  7758    12  -0.4928083333E+01  0.2694314089E+01 
 2008  7764    12  -0.5475000000E+01  0.2441023078E+01 
 2008  7770    12  -0.5740333333E+01  0.2487334930E+01 
 2008  7776    12  -0.5361583333E+01  0.2521143506E+01 
 2008  7782    12  -0.4333558333E+01  0.2279298886E+01 
 2008  7788    12  -0.2691842417E+01  0.2209778124E+01 
 2008  7794    12  -0.2055731667E+01  0.2158576467E+01 
 2008  7800    12  -0.2449750000E+01  0.2058465361E+01 
 2008  7806    12  -0.2910758333E+01  0.1974636803E+01 
 2008  7812    12  -0.3105602083E+01  0.2143437357E+01 
 2008  7818    12  -0.3076425833E+01  0.2098971209E+01 
 2008  7824    12  -0.3253491667E+01  0.2158968636E+01 
 2008  7830    12  -0.3589375000E+01  0.2220168560E+01 
 2008  7836    12  -0.3244524167E+01  0.2408289685E+01 
 2008  7842    12  -0.2776625000E+01  0.2472300454E+01 
 2008  7848    12  -0.1161366667E+01  0.2229079694E+01 
 2008  7854    12  0.2332541667E+01  0.2315187928E+01 
 2008  7860    12  0.5393933333E+01  0.2181192957E+01 
 2008  7866    12  0.7868750000E+01  0.2263554547E+01 
 2008  7872    12  0.6707083333E+01  0.2113524326E+01 
 2008  7878    12  0.4957725000E+01  0.2137296099E+01 
 2008  7884    12  0.2664875000E+01  0.2087489163E+01 
 2008  7890    12  0.6676333333E+00  0.2175067464E+01 
 2008  7896    12  -0.1332164167E+01  0.2426481342E+01 
 2008  7902    12  -0.3779563333E+01  0.2434981800E+01 
 2008  7908    12  -0.5159833333E+01  0.2328935051E+01 
 2008  7914    12  -0.4600166667E+01  0.2217150455E+01 
 2008  7920    12  -0.3526575000E+01  0.2256424991E+01 
 2008  7926    12  -0.1895699167E+01  0.2009225374E+01 
 2008  7932    12  -0.7394833333E+00  0.1859752168E+01 
 2008  7938    12  0.7864083333E+00  0.1846468303E+01 
 2008  7944    12  0.1521708333E+01  0.2074241839E+01 
 2008  7950    12  0.1081875000E+01  0.2001618164E+01 
 2008  7956    12  -0.2800500000E-01  0.2096581664E+01 
 2008  7962    12  -0.1388316667E+01  0.2237326835E+01 
 2008  7968    12  -0.3118333333E+01  0.2315487254E+01 
 2008  7974    12  -0.4102575000E+01  0.2491523240E+01 
 2008  7980    12  -0.5312825000E+01  0.2612048418E+01 
 2008  7986    12  -0.6251900000E+01  0.2775500239E+01 
 2008  7992    12  -0.7092000000E+01  0.2807589268E+01 
 2008  7998    12  -0.7571333333E+01  0.2772449469E+01 
 2008  8004    12  -0.7161500000E+01  0.2795319496E+01 
 2008  8010    12  -0.5655333333E+01  0.2503279460E+01 
 2008  8016    12  -0.3489002500E+01  0.2395412150E+01 
 2008  8022    12  -0.9257833333E+00  0.2171734809E+01 
 2008  8028    12  0.6908708333E+00  0.2178405941E+01 
 2008  8034    12  0.1404208333E+01  0.2064483896E+01 
 2008  8040    12  0.9644000000E+00  0.2131075169E+01 
 2008  8046    12  0.5750000000E-01  0.2227305449E+01 
 2008  8052    12  -0.1506158333E+01  0.2260157512E+01 
 2008  8058    12  -0.2435334167E+01  0.2231476692E+01 
 2008  8064    12  -0.3313759167E+01  0.2463579753E+01 
 2008  8070    12  -0.3795775000E+01  0.2386793523E+01 
 2008  8076    12  -0.3636325000E+01  0.2305251143E+01 
 2008  8082    12  -0.3084299750E+01  0.2240090945E+01 
 2008  8088    12  -0.2908083333E+01  0.2313931421E+01 
 2008  8094    12  -0.2855883333E+01  0.2360907903E+01 
 2008  8100    12  -0.2874358333E+01  0.2380818608E+01 
 2008  8106    12  -0.3339075000E+01  0.2518467544E+01 
 2008  8112    12  -0.3655833333E+01  0.2602700341E+01 
 2008  8118    12  -0.3553666667E+01  0.2446027128E+01 
 2008  8124    12  -0.3028250000E+01  0.2478430462E+01 
 2008  8130    12  -0.2450600000E+01  0.2503660617E+01 
 2008  8136    12  -0.1523555833E+01  0.2527299288E+01 
 2008  8142    12  0.7971666667E-01  0.2322740350E+01 
 2008  8148    12  0.1612078333E+01  0.2465146589E+01 
 2008  8154    12  0.2304575000E+01  0.2024199378E+01 
 2008  8160    12  0.2092322417E+01  0.2319139824E+01 
 2008  8166    12  0.7870275000E+00  0.2258225470E+01 
 2008  8172    12  -0.7615916667E+00  0.2351828289E+01 
 2008  8178    12  -0.2341191667E+01  0.2288894460E+01 
 2008  8184    12  -0.3442591667E+01  0.2350252208E+01 
 2008  8190    12  -0.4399833333E+01  0.2482644686E+01 
 2008  8196    12  -0.4894916667E+01  0.2265286018E+01 
 2008  8202    12  -0.4334000000E+01  0.2242555722E+01 
 2008  8208    12  -0.2738250000E+01  0.2212653790E+01 
 2008  8214    12  -0.1123958333E+01  0.2076962643E+01 
 2008  8220    12  -0.3609666667E+00  0.2010667046E+01 
 2008  8226    12  -0.3690333333E+00  0.1943364174E+01 
 2008  8232    12  -0.3760350000E+00  0.2060797223E+01 
 2008  8238    12  -0.7641333333E+00  0.2031071681E+01 
 2008  8244    12  -0.1563866667E+01  0.2027552014E+01 
 2008  8250    12  -0.2087258333E+01  0.2144182366E+01 
 2008  8256    12  -0.2696358333E+01  0.2168546797E+01 
 2008  8262    12  -0.2600441667E+01  0.2265233049E+01 
 2008  8268    12  -0.2730247500E+01  0.2177234875E+01 
 2008  8274    12  -0.2811575000E+01  0.2256810203E+01 
 2008  8280    12  -0.3758500000E+01  0.2388785512E+01 
 2008  8286    12  -0.4656625000E+01  0.2396964531E+01 
 2008  8292    12  -0.5397750000E+01  0.2524501176E+01 
 2008  8298    12  -0.5797283333E+01  0.2601439252E+01 
 2008  8304    12  -0.6537250000E+01  0.2808571734E+01 
 2008  8310    12  -0.6851333333E+01  0.2876708140E+01 
 2008  8316    12  -0.6565750000E+01  0.2872574604E+01 
 2008  8322    12  -0.5536741667E+01  0.2707145557E+01 
 2008  8328    12  -0.4632508333E+01  0.2835793247E+01 
 2008  8334    12  -0.3788700000E+01  0.2639110814E+01 
 2008  8340    12  -0.2988854167E+01  0.2541922508E+01 
 2008  8346    12  -0.2341261667E+01  0.2575135627E+01 
 2008  8352    12  -0.2422485833E+01  0.2539681090E+01 
 2008  8358    12  -0.2676925000E+01  0.2492108315E+01 
 2008  8364    12  -0.3428233333E+01  0.2530618377E+01 
 2008  8370    12  -0.3513341667E+01  0.2598538525E+01 
 2008  8376    12  -0.3824316667E+01  0.2584580686E+01 
 2008  8382    12  -0.3877975000E+01  0.2548198837E+01 
 2008  8388    12  -0.3738608333E+01  0.2570544917E+01 
 2008  8394    12  -0.3369425000E+01  0.2583426585E+01 
 2008  8400    12  -0.3590400000E+01  0.2492530333E+01 
 2008  8406    12  -0.3760083333E+01  0.2518385014E+01 
 2008  8412    12  -0.4501408333E+01  0.2586917844E+01 
 2008  8418    12  -0.5282466667E+01  0.2622819792E+01 
 2008  8424    12  -0.6241416667E+01  0.2666887464E+01 
 2008  8430    12  -0.6757083333E+01  0.2709917387E+01 
 2008  8436    12  -0.6585750000E+01  0.2693338515E+01 
 2008  8442    12  -0.6417916667E+01  0.2624296650E+01 
 2008  8448    12  -0.6246666667E+01  0.2721669504E+01 
 2008  8454    12  -0.5924000000E+01  0.2609400602E+01 
 2008  8460    12  -0.5369100000E+01  0.2687157924E+01 
 2008  8466    12  -0.4597258333E+01  0.2601060521E+01 
 2008  8472    12  -0.3922880833E+01  0.2602829268E+01 
 2008  8478    12  -0.3401916667E+01  0.2420979444E+01 
 2008  8484    12  -0.3048920000E+01  0.2320538552E+01 
 2008  8490    12  -0.2516330000E+01  0.2304890357E+01 
 2008  8496    12  -0.3148305833E+01  0.2345701315E+01 
 2008  8502    12  -0.3837108333E+01  0.2283363114E+01 
 2008  8508    12  -0.4810416667E+01  0.2394025183E+01 
 2008  8514    12  -0.5760416667E+01  0.2540720549E+01 
 2008  8520    12  -0.6507500000E+01  0.2594414401E+01 
 2008  8526    12  -0.7055000000E+01  0.2520708498E+01 
 2008  8532    12  -0.6938833333E+01  0.2447596571E+01 
 2008  8538    12  -0.6178333333E+01  0.2510289868E+01 
 2008  8544    12  -0.5771500000E+01  0.2473541944E+01 
 2008  8550    12  -0.5663416667E+01  0.2625895068E+01 
 2008  8556    12  -0.6103000000E+01  0.2672488603E+01 
 2008  8562    12  -0.7664750000E+01  0.2855550622E+01 
 2008  8568    12  -0.9338583333E+01  0.2738112807E+01 
 2008  8574    12  -0.9944750000E+01  0.2650756405E+01 
 2008  8580    12  -0.9188250000E+01  0.2457752195E+01 
 2008  8586    12  -0.7689416667E+01  0.2315096487E+01 
 2008  8592    12  -0.6657916667E+01  0.2197173050E+01 
 2008  8598    12  -0.6453083333E+01  0.2136927056E+01 
 2008  8604    12  -0.6701583333E+01  0.2322274584E+01 
 2008  8610    12  -0.7346333333E+01  0.2429819998E+01 
 2008  8616    12  -0.7769166667E+01  0.2253730827E+01 
 2008  8622    12  -0.7124666667E+01  0.2234027728E+01 
 2008  8628    12  -0.4911750000E+01  0.2011327635E+01 
 2008  8634    12  -0.3737000000E+01  0.2083098613E+01 
 2008  8640    12  -0.4242991667E+01  0.2102300700E+01 
 2008  8646    12  -0.5478750000E+01  0.2194545250E+01 
 2008  8652    12  -0.6836666667E+01  0.2440920808E+01 
 2008  8658    12  -0.7899416667E+01  0.2531496838E+01 
 2008  8664    12  -0.8688666667E+01  0.2696026438E+01 
 2008  8670    12  -0.8867916667E+01  0.2762266686E+01 
 2008  8676    12  -0.8405833333E+01  0.2826400179E+01 
 2008  8682    12  -0.7665083333E+01  0.2866497295E+01 
 2008  8688    12  -0.7419000000E+01  0.2933861477E+01 
 2008  8694    12  -0.7964250000E+01  0.3110737054E+01 
 2008  8700    12  -0.9117166667E+01  0.3180198967E+01 
 2008  8706    12  -0.1038225000E+02  0.3150422620E+01 
 2008  8712    12  -0.1125641667E+02  0.3133167339E+01 
 2008  8718    12  -0.1118475000E+02  0.3163091687E+01 
 2008  8724    12  -0.1054100000E+02  0.3014194834E+01 
 2008  8730    12  -0.9248833333E+01  0.2926151193E+01 
 2008  8736    12  -0.7929083333E+01  0.2920750716E+01 
 2008  8742    12  -0.7706083333E+01  0.2946961216E+01 
 2008  8748    12  -0.8469916667E+01  0.2898171707E+01 
 2008  8754    12  -0.9776583333E+01  0.3043374894E+01 
 2008  8760    12  -0.1073283333E+02  0.3178813034E+01 
 2008  8766    12  -0.1084533333E+02  0.3279899804E+01 
 2008  8772    12  -0.1044966667E+02  0.3145081354E+01 
 2008  8778    12  -0.1028975000E+02  0.3066175390E+01 
 2008  8784    12  -0.1002725000E+02  0.3058234189E+01 
