 2008  0006    8  0.4920375000E+01  0.5602068675E+00 
 2008  0012    8  0.4471375000E+01  0.6487279741E+00 
 2008  0018    8  0.4391375000E+01  0.7247766790E+00 
 2008  0024    8  0.3629875000E+01  0.7792575693E+00 
 2008  0030    8  0.2689625000E+01  0.7559932105E+00 
 2008  0036    8  0.1106716375E+01  0.7814054896E+00 
 2008  0042    8  -0.1678750000E-01  0.7699207677E+00 
 2008  0048    8  -0.5107575000E+00  0.6771171429E+00 
 2008  0054    8  -0.7907600000E+00  0.7038656656E+00 
 2008  0060    8  -0.1039775000E+01  0.8620688208E+00 
 2008  0066    8  -0.1903900000E+01  0.1002486050E+01 
 2008  0072    8  -0.3215375000E+01  0.1272925659E+01 
 2008  0078    8  -0.4559375000E+01  0.1203688284E+01 
 2008  0084    8  -0.4227375000E+01  0.1084467835E+01 
 2008  0090    8  -0.5343750000E+01  0.1593405610E+01 
 2008  0096    8  -0.9141375000E+01  0.1733048466E+01 
 2008  0102    8  -0.9713875000E+01  0.1879789578E+01 
 2008  0108    8  -0.9261500000E+01  0.1827122191E+01 
 2008  0114    8  -0.7305500000E+01  0.1405329766E+01 
 2008  0120    8  -0.5727375000E+01  0.1120480470E+01 
 2008  0126    8  -0.4809125000E+01  0.1021641013E+01 
 2008  0132    8  -0.5331125000E+01  0.8636304820E+00 
 2008  0138    8  -0.4782375000E+01  0.6885669789E+00 
 2008  0144    8  -0.3987375000E+01  0.8018386586E+00 
 2008  0150    8  -0.3565750000E+01  0.9161003971E+00 
 2008  0156    8  -0.3864750000E+01  0.9738331158E+00 
 2008  0162    8  -0.3561125000E+01  0.5368606517E+00 
 2008  0168    8  -0.2115500000E+01  0.3896585043E+00 
 2008  0174    8  -0.5823125000E+00  0.5510526210E+00 
 2008  0180    8  -0.8745375000E+00  0.9904313050E+00 
 2008  0186    8  -0.2572250000E+01  0.1135683577E+01 
 2008  0192    8  -0.3877875000E+01  0.1064513438E+01 
 2008  0198    8  -0.4034375000E+01  0.9479211383E+00 
 2008  0204    8  -0.3790000000E+01  0.5913082952E+00 
 2008  0210    8  -0.1386250000E+01  0.2833530263E+00 
 2008  0216    8  0.6458375000E+00  0.3128840118E+00 
 2008  0222    8  0.1059187500E+01  0.6214266438E+00 
 2008  0228    8  -0.6512625000E+00  0.1038273691E+01 
 2008  0234    8  -0.1906625000E+01  0.9861366979E+00 
 2008  0240    8  -0.2038625000E+01  0.7884299172E+00 
 2008  0246    8  -0.1511312500E+01  0.6017851308E+00 
 2008  0252    8  -0.1162462500E+01  0.6983027369E+00 
 2008  0258    8  -0.4220000000E+00  0.4612028594E+00 
 2008  0264    8  0.3595663750E+00  0.4464823253E+00 
 2008  0270    8  0.1096937500E+01  0.3117618239E+00 
 2008  0276    8  0.1368412500E+01  0.4405149159E+00 
 2008  0282    8  0.1029387500E+01  0.6168648443E+00 
 2008  0288    8  0.4748000000E+00  0.5289922140E+00 
 2008  0294    8  0.1470000000E+01  0.2847121353E+00 
 2008  0300    8  0.2651500000E+01  0.2480897015E+00 
 2008  0306    8  0.3366875000E+01  0.3490520869E+00 
 2008  0312    8  0.3484750000E+01  0.5179359878E+00 
 2008  0318    8  0.3380000000E+01  0.5256878827E+00 
 2008  0324    8  0.3010875000E+01  0.5058350614E+00 
 2008  0330    8  0.2658500000E+01  0.6024973029E+00 
 2008  0336    8  0.1323625000E+01  0.6779563274E+00 
 2008  0342    8  -0.1071165000E+01  0.9838212503E+00 
 2008  0348    8  0.1079037500E+00  0.2498247513E+00 
 2008  0354    8  0.2871750000E+01  0.4262211134E+00 
 2008  0360    8  0.4305500000E+01  0.4882893609E+00 
 2008  0366    8  0.4673000000E+01  0.5959110672E+00 
 2008  0372    8  0.4629625000E+01  0.5915876811E+00 
 2008  0378    8  0.5265250000E+01  0.6625044811E+00 
 2008  0384    8  0.5270875000E+01  0.5617500417E+00 
 2008  0390    8  0.4690750000E+01  0.4829634432E+00 
 2008  0396    8  0.3935625000E+01  0.4343612947E+00 
 2008  0402    8  0.2956375000E+01  0.4526598992E+00 
 2008  0408    8  0.2532125000E+01  0.3828248416E+00 
 2008  0414    8  0.2522000000E+01  0.3977835467E+00 
 2008  0420    8  0.2698500000E+01  0.4104494488E+00 
 2008  0426    8  0.3230875000E+01  0.4011350887E+00 
 2008  0432    8  0.3694750000E+01  0.4850406555E+00 
 2008  0438    8  0.3293750000E+01  0.4079919576E+00 
 2008  0444    8  0.2043875000E+01  0.3012280853E+00 
 2008  0450    8  0.1066875000E+01  0.2522837329E+00 
 2008  0456    8  -0.4088400000E+00  0.3834319695E+00 
 2008  0462    8  -0.1775125000E+01  0.2928043022E+00 
 2008  0468    8  -0.2613125000E+01  0.2496544800E+00 
 2008  0474    8  -0.2569125000E+01  0.3227802803E+00 
 2008  0480    8  -0.2215625000E+01  0.6013944083E+00 
 2008  0486    8  -0.1333912500E+01  0.7805128145E+00 
 2008  0492    8  -0.5719300000E+00  0.8729523439E+00 
 2008  0498    8  0.3764863750E+00  0.9350098520E+00 
 2008  0504    8  0.1795425000E+01  0.9203032744E+00 
 2008  0510    8  0.2803875000E+01  0.8481703009E+00 
 2008  0516    8  0.3508000000E+01  0.7574008186E+00 
 2008  0522    8  0.4058875000E+01  0.7104684084E+00 
 2008  0528    8  0.4063750000E+01  0.6703856633E+00 
 2008  0534    8  0.3687125000E+01  0.6697763503E+00 
 2008  0540    8  0.3827125000E+01  0.6186995308E+00 
 2008  0546    8  0.3682625000E+01  0.6679079161E+00 
 2008  0552    8  0.3216250000E+01  0.6725993886E+00 
 2008  0558    8  0.1991962500E+01  0.7494369786E+00 
 2008  0564    8  0.3567075000E+00  0.7758228508E+00 
 2008  0570    8  -0.1160831250E+01  0.8842561058E+00 
 2008  0576    8  -0.2126850000E+01  0.8321330768E+00 
 2008  0582    8  -0.2244250000E+01  0.7059985393E+00 
 2008  0588    8  -0.1260875000E+01  0.6051734271E+00 
 2008  0594    8  0.3158375000E+00  0.5715104831E+00 
 2008  0600    8  0.1066350000E+01  0.5907489082E+00 
 2008  0606    8  0.1126925000E+01  0.5860685471E+00 
 2008  0612    8  0.7440125000E+00  0.6226031389E+00 
 2008  0618    8  0.1932837500E+00  0.6834902571E+00 
 2008  0624    8  -0.9045212500E+00  0.7596496756E+00 
 2008  0630    8  -0.2541250000E+01  0.9696612488E+00 
 2008  0636    8  -0.3772875000E+01  0.8698688748E+00 
 2008  0642    8  -0.4868125000E+01  0.8267321872E+00 
 2008  0648    8  -0.7220625000E+01  0.7392994890E+00 
 2008  0654    8  -0.7811875000E+01  0.5645512460E+00 
 2008  0660    8  -0.7631125000E+01  0.6341351271E+00 
 2008  0666    8  -0.6045125000E+01  0.5686012305E+00 
 2008  0672    8  -0.3941375000E+01  0.5584135872E+00 
 2008  0678    8  -0.2239000000E+01  0.6129938825E+00 
 2008  0684    8  -0.1972250000E+01  0.6717504652E+00 
 2008  0690    8  -0.2527750000E+01  0.1092312884E+01 
 2008  0696    8  -0.4494625000E+01  0.1061465842E+01 
 2008  0702    8  -0.3843625000E+01  0.7111061696E+00 
 2008  0708    8  -0.3261875000E+01  0.6163670655E+00 
 2008  0714    8  -0.1752125000E+01  0.4811199012E+00 
 2008  0720    8  -0.8948125000E+00  0.5026785888E+00 
 2008  0726    8  -0.3367300000E+00  0.6577683934E+00 
 2008  0732    8  -0.1958750000E+01  0.1089343438E+01 
 2008  0738    8  -0.3855000000E+01  0.1063725176E+01 
 2008  0744    8  -0.4656875000E+01  0.9018653499E+00 
 2008  0750    8  -0.4055125000E+01  0.7331859310E+00 
 2008  0756    8  -0.3396125000E+01  0.8369740793E+00 
 2008  0762    8  -0.2519125000E+01  0.5697901889E+00 
 2008  0768    8  -0.1708250000E+01  0.5116846563E+00 
 2008  0774    8  -0.9896287500E+00  0.5659844815E+00 
 2008  0780    8  -0.1088375000E+01  0.5002121918E+00 
 2008  0786    8  -0.1615487500E+01  0.6739521041E+00 
 2008  0792    8  -0.3331750000E+01  0.1137860355E+01 
 2008  0798    8  -0.5428375000E+01  0.1172370455E+01 
 2008  0804    8  -0.7054125000E+01  0.9171103311E+00 
 2008  0810    8  -0.6821000000E+01  0.6144324617E+00 
 2008  0816    8  -0.5103125000E+01  0.4930442266E+00 
 2008  0822    8  -0.3032875000E+01  0.4163023053E+00 
 2008  0828    8  -0.1635875000E+01  0.3565751805E+00 
 2008  0834    8  -0.2692375000E+00  0.2923810396E+00 
 2008  0840    8  0.1170300000E+01  0.3504016588E+00 
 2008  0846    8  0.1850125000E+01  0.4015315795E+00 
 2008  0852    8  0.2014750000E+01  0.3570450777E+00 
 2008  0858    8  0.2141000000E+01  0.4645037675E+00 
 2008  0864    8  0.1159812500E+01  0.7998897900E+00 
 2008  0870    8  -0.6131950000E+00  0.7544638147E+00 
 2008  0876    8  -0.1943675000E+00  0.4098227466E+00 
 2008  0882    8  0.7613625000E+00  0.3321461837E+00 
 2008  0888    8  0.1430800000E+01  0.3221984326E+00 
 2008  0894    8  0.1575137500E+01  0.6145385727E+00 
 2008  0900    8  -0.6711536250E+00  0.1028267357E+01 
 2008  0906    8  -0.3092625000E+01  0.9216681802E+00 
 2008  0912    8  -0.1469162500E+01  0.4768558323E+00 
 2008  0918    8  0.2267625000E-01  0.3662237274E+00 
 2008  0924    8  0.6521862500E+00  0.3803862012E+00 
 2008  0930    8  0.4696500000E+00  0.4079691961E+00 
 2008  0936    8  0.1270875000E+00  0.4124087367E+00 
 2008  0942    8  0.4914987500E+00  0.3992514496E+00 
 2008  0948    8  0.3405250000E+00  0.3487987305E+00 
 2008  0954    8  0.1029012500E+01  0.3036285578E+00 
 2008  0960    8  0.1486200000E+01  0.3302615327E+00 
 2008  0966    8  0.9617125000E+00  0.4856207508E+00 
 2008  0972    8  -0.6453750000E-01  0.4296885178E+00 
 2008  0978    8  -0.3368200000E+00  0.3820286610E+00 
 2008  0984    8  -0.3933285000E+00  0.4085945173E+00 
 2008  0990    8  -0.1627800000E+00  0.3309681286E+00 
 2008  0996    8  0.1052962500E+01  0.2040252615E+00 
 2008  1002    8  0.1982375000E+01  0.2043770642E+00 
 2008  1008    8  0.2693750000E+01  0.2168788544E+00 
 2008  1014    8  0.2498625000E+01  0.2000018359E+00 
 2008  1020    8  0.1936000000E+01  0.1978111473E+00 
 2008  1026    8  0.2078750000E+01  0.3695929349E+00 
 2008  1032    8  0.1005637500E+01  0.4441717121E+00 
 2008  1038    8  -0.9915250000E+00  0.3940705005E+00 
 2008  1044    8  -0.9851875000E+00  0.2614456465E+00 
 2008  1050    8  -0.4965625000E+00  0.2100979827E+00 
 2008  1056    8  0.2188950000E+00  0.3367077556E+00 
 2008  1062    8  0.6652887500E+00  0.3307438675E+00 
 2008  1068    8  0.1692575000E+01  0.3704625681E+00 
 2008  1074    8  0.2295500000E+01  0.4271050807E+00 
 2008  1080    8  0.2385000000E+01  0.3591820569E+00 
 2008  1086    8  0.2261375000E+01  0.3666056933E+00 
 2008  1092    8  0.2248500000E+01  0.3448477925E+00 
 2008  1098    8  0.2324500000E+01  0.3952594085E+00 
 2008  1104    8  0.2303000000E+01  0.3703285703E+00 
 2008  1110    8  0.8937875000E+00  0.3696303472E+00 
 2008  1116    8  0.4546250000E+00  0.1871733271E+00 
 2008  1122    8  0.1769250000E+01  0.1982288766E+00 
 2008  1128    8  0.2061125000E+01  0.2801854018E+00 
 2008  1134    8  0.1999000000E+01  0.3586788257E+00 
 2008  1140    8  0.2460000000E+01  0.3814885319E+00 
 2008  1146    8  0.3346250000E+01  0.4606958731E+00 
 2008  1152    8  0.3815125000E+01  0.4898985705E+00 
 2008  1158    8  0.3591500000E+01  0.5067294643E+00 
 2008  1164    8  0.3216500000E+01  0.4806414984E+00 
 2008  1170    8  0.3206875000E+01  0.5493167205E+00 
 2008  1176    8  0.2739750000E+01  0.5488170802E+00 
 2008  1182    8  0.1824925000E+01  0.5652085804E+00 
 2008  1188    8  0.1035850000E+01  0.5413201132E+00 
 2008  1194    8  0.3074250000E+00  0.5615352410E+00 
 2008  1200    8  0.2940125000E+00  0.5076602886E+00 
 2008  1206    8  -0.2898000000E+00  0.4166714803E+00 
 2008  1212    8  -0.3725375000E+00  0.3427513054E+00 
 2008  1218    8  -0.3781375000E+00  0.4288575024E+00 
 2008  1224    8  -0.1604325000E+00  0.4771168278E+00 
 2008  1230    8  -0.5465000000E+00  0.5312693738E+00 
 2008  1236    8  -0.9394525000E+00  0.5826540962E+00 
 2008  1242    8  -0.1107050000E+01  0.6143484028E+00 
 2008  1248    8  -0.1370600000E+01  0.7031521813E+00 
 2008  1254    8  -0.2183250000E+01  0.7746510101E+00 
 2008  1260    8  -0.2382625000E+01  0.7725525771E+00 
 2008  1266    8  -0.2237625000E+01  0.7734484368E+00 
 2008  1272    8  -0.2146125000E+01  0.7077502097E+00 
 2008  1278    8  -0.1874375000E+01  0.5965050162E+00 
 2008  1284    8  -0.1017150000E+01  0.3944798062E+00 
 2008  1290    8  -0.1562250000E+00  0.3973088369E+00 
 2008  1296    8  -0.3074250000E-01  0.6469516083E+00 
 2008  1302    8  -0.9308750000E+00  0.8727183248E+00 
 2008  1308    8  -0.2576750000E+01  0.9373787588E+00 
 2008  1314    8  -0.3786000000E+01  0.7728175723E+00 
 2008  1320    8  -0.3415875000E+01  0.5803633425E+00 
 2008  1326    8  -0.2812625000E+01  0.6297882457E+00 
 2008  1332    8  -0.1764037500E+01  0.5111281491E+00 
 2008  1338    8  -0.5125000000E-04  0.3204793143E+00 
 2008  1344    8  0.1843375000E+01  0.3585491380E+00 
 2008  1350    8  0.2901625000E+01  0.4530833084E+00 
 2008  1356    8  0.3152125000E+01  0.4557969497E+00 
 2008  1362    8  0.3192750000E+01  0.5487580865E+00 
 2008  1368    8  0.3139625000E+01  0.5279322725E+00 
 2008  1374    8  0.2733500000E+01  0.4717464891E+00 
 2008  1380    8  0.2312250000E+01  0.3978488249E+00 
 2008  1386    8  0.1620125000E+01  0.4687583166E+00 
 2008  1392    8  0.1274562500E+01  0.2497493040E+00 
 2008  1398    8  0.1391375000E+01  0.3229446305E+00 
 2008  1404    8  0.1518625000E+01  0.2692628537E+00 
 2008  1410    8  0.1529000000E+01  0.2140642427E+00 
 2008  1416    8  0.1358250000E+01  0.3353340685E+00 
 2008  1422    8  0.9890375000E+00  0.5791899104E+00 
 2008  1428    8  0.3647750000E+00  0.5883143181E+00 
 2008  1434    8  -0.6070602500E+00  0.7080424027E+00 
 2008  1440    8  -0.1745562500E+01  0.7055649083E+00 
 2008  1446    8  -0.3014750000E+01  0.7624589743E+00 
 2008  1452    8  -0.2600500000E+01  0.4140274749E+00 
 2008  1458    8  -0.1638250000E+01  0.3432942433E+00 
 2008  1464    8  -0.3279650000E+00  0.2719922987E+00 
 2008  1470    8  0.8434250000E+00  0.2368412483E+00 
 2008  1476    8  0.2396000000E+01  0.3372202544E+00 
 2008  1482    8  0.3634500000E+01  0.3768431371E+00 
 2008  1488    8  0.4562375000E+01  0.4146428998E+00 
 2008  1494    8  0.4293750000E+01  0.4188886338E+00 
 2008  1500    8  0.3493375000E+01  0.3580121986E+00 
 2008  1506    8  0.2177125000E+01  0.4106931450E+00 
 2008  1512    8  0.4787912500E+00  0.5479287974E+00 
 2008  1518    8  -0.6887500000E+00  0.3824892744E+00 
 2008  1524    8  -0.3946875000E+00  0.2620659766E+00 
 2008  1530    8  0.1594275000E+00  0.2334953132E+00 
 2008  1536    8  0.9499250000E+00  0.2684803380E+00 
 2008  1542    8  0.1599250000E+01  0.2864514575E+00 
 2008  1548    8  0.2066375000E+01  0.2847994634E+00 
 2008  1554    8  0.2471875000E+01  0.3267718767E+00 
 2008  1560    8  0.2757500000E+01  0.3932619992E+00 
 2008  1566    8  0.2471625000E+01  0.3984218673E+00 
 2008  1572    8  0.2364250000E+01  0.4305626406E+00 
 2008  1578    8  0.2394875000E+01  0.4811666649E+00 
 2008  1584    8  0.2386625000E+01  0.4356368721E+00 
 2008  1590    8  0.2149000000E+01  0.4100990734E+00 
 2008  1596    8  0.1937375000E+01  0.2249410687E+00 
 2008  1602    8  0.1924125000E+01  0.1915538028E+00 
 2008  1608    8  0.1609375000E+01  0.3543617281E+00 
 2008  1614    8  0.1166812500E+01  0.4932629127E+00 
 2008  1620    8  0.5470550000E+00  0.3979180307E+00 
 2008  1626    8  0.9094750000E+00  0.3082251724E+00 
 2008  1632    8  0.1742625000E+01  0.2766120648E+00 
 2008  1638    8  0.1944625000E+01  0.3831053829E+00 
 2008  1644    8  0.1866500000E+01  0.4370486243E+00 
 2008  1650    8  0.2141125000E+01  0.5774215179E+00 
 2008  1656    8  0.2178000000E+01  0.5297029828E+00 
 2008  1662    8  0.2065125000E+01  0.5827423182E+00 
 2008  1668    8  0.1885000000E+01  0.5081424505E+00 
 2008  1674    8  0.1383087500E+01  0.5926091660E+00 
 2008  1680    8  0.1188425000E+01  0.5591523266E+00 
 2008  1686    8  0.8705237500E+00  0.5941897426E+00 
 2008  1692    8  0.7553587500E+00  0.4371192431E+00 
 2008  1698    8  0.1486525000E+01  0.3435592807E+00 
 2008  1704    8  0.2348125000E+01  0.3172268264E+00 
 2008  1710    8  0.2460625000E+01  0.2623084718E+00 
 2008  1716    8  0.2364625000E+01  0.2531891277E+00 
 2008  1722    8  0.1496212500E+01  0.5215791082E+00 
 2008  1728    8  0.6392175000E+00  0.6174722444E+00 
 2008  1734    8  0.5417500000E-01  0.5430737752E+00 
 2008  1740    8  -0.1222400000E+01  0.4924277688E+00 
 2008  1746    8  -0.2234000000E+01  0.6488262479E+00 
 2008  1752    8  -0.2635000000E+01  0.6175655836E+00 
 2008  1758    8  -0.2297125000E+01  0.5302488655E+00 
 2008  1764    8  -0.2326625000E+01  0.5817177016E+00 
 2008  1770    8  -0.2720125000E+01  0.7907062409E+00 
 2008  1776    8  -0.3107375000E+01  0.7770973133E+00 
 2008  1782    8  -0.3222250000E+01  0.6252267089E+00 
 2008  1788    8  -0.3184125000E+01  0.5152607198E+00 
 2008  1794    8  -0.2911625000E+01  0.4759028098E+00 
 2008  1800    8  -0.2366375000E+01  0.3946998662E+00 
 2008  1806    8  -0.1935125000E+01  0.3034742318E+00 
 2008  1812    8  -0.1210375000E+01  0.2481302972E+00 
 2008  1818    8  -0.4153625000E+00  0.2730377398E+00 
 2008  1824    8  0.6660350000E+00  0.3594674520E+00 
 2008  1830    8  0.1290312500E+01  0.3367086034E+00 
 2008  1836    8  0.1249737500E+01  0.2773672337E+00 
 2008  1842    8  0.8539375000E+00  0.3264900379E+00 
 2008  1848    8  0.6836775000E+00  0.3964268086E+00 
 2008  1854    8  0.6831375000E-01  0.3707776930E+00 
 2008  1860    8  0.5265500000E-01  0.2656352747E+00 
 2008  1866    8  -0.9186257500E-01  0.3835271802E+00 
 2008  1872    8  -0.5701375000E+00  0.4927573742E+00 
 2008  1878    8  -0.4279250000E+00  0.1745328748E+00 
 2008  1884    8  0.6376625000E+00  0.2350921252E+00 
 2008  1890    8  0.4251250000E+00  0.4638885393E+00 
 2008  1896    8  -0.5473162500E+00  0.4225288332E+00 
 2008  1902    8  -0.1175887500E+01  0.3556297845E+00 
 2008  1908    8  -0.8685500000E+00  0.3448902942E+00 
 2008  1914    8  -0.3979362500E+00  0.3820102878E+00 
 2008  1920    8  -0.3048875000E+00  0.5023659509E+00 
 2008  1926    8  -0.3066875000E+00  0.5640611080E+00 
 2008  1932    8  -0.6357375000E+00  0.4488429178E+00 
 2008  1938    8  0.8212875000E+00  0.1978284764E+00 
 2008  1944    8  0.2469375000E+01  0.2534235277E+00 
 2008  1950    8  0.3271125000E+01  0.3703155538E+00 
 2008  1956    8  0.3463750000E+01  0.4090699054E+00 
 2008  1962    8  0.3528625000E+01  0.5334955336E+00 
 2008  1968    8  0.3479125000E+01  0.5982573521E+00 
 2008  1974    8  0.2552000000E+01  0.6225170680E+00 
 2008  1980    8  0.1140937500E+01  0.5500032930E+00 
 2008  1986    8  0.2398750000E+00  0.4919233725E+00 
 2008  1992    8  -0.2531125000E+00  0.8141170623E+00 
 2008  1998    8  -0.8290937500E+00  0.6461067097E+00 
 2008  2004    8  0.3486375000E+00  0.2770842107E+00 
 2008  2010    8  0.9867125000E+00  0.3885761426E+00 
 2008  2016    8  0.1472987500E+01  0.5001143880E+00 
 2008  2022    8  0.1006812500E+01  0.5968676956E+00 
 2008  2028    8  0.5732875000E+00  0.4782675361E+00 
 2008  2034    8  0.4778775000E+00  0.4922412450E+00 
 2008  2040    8  0.4661312500E+00  0.5454212184E+00 
 2008  2046    8  -0.1208100000E+00  0.5418583936E+00 
 2008  2052    8  -0.1117000000E+01  0.5313341110E+00 
 2008  2058    8  -0.1856550000E+01  0.6037644967E+00 
 2008  2064    8  -0.1699500000E+01  0.4874443558E+00 
 2008  2070    8  -0.2134500000E+01  0.4858842455E+00 
 2008  2076    8  -0.1557000000E+01  0.2399869788E+00 
 2008  2082    8  0.3635912500E+00  0.2300472512E+00 
 2008  2088    8  0.1632875000E+01  0.2781071904E+00 
 2008  2094    8  0.1470837500E+01  0.4490400704E+00 
 2008  2100    8  0.3378937500E+00  0.5843427207E+00 
 2008  2106    8  -0.1579637500E+01  0.8856158224E+00 
 2008  2112    8  -0.3776250000E+01  0.8499771688E+00 
 2008  2118    8  -0.4356375000E+01  0.4258981502E+00 
 2008  2124    8  -0.3447375000E+01  0.4190077378E+00 
 2008  2130    8  -0.2157875000E+01  0.3296329161E+00 
 2008  2136    8  -0.7758750000E+00  0.3041982813E+00 
 2008  2142    8  -0.3992500000E+00  0.4288918395E+00 
 2008  2148    8  -0.8895500000E+00  0.3794432962E+00 
 2008  2154    8  -0.1166725000E+01  0.3728631108E+00 
 2008  2160    8  -0.1099362500E+01  0.4429280583E+00 
 2008  2166    8  -0.6224175000E+00  0.4011202596E+00 
 2008  2172    8  0.9503750000E-01  0.3023847381E+00 
 2008  2178    8  0.9173125000E+00  0.2551461857E+00 
 2008  2184    8  0.1599500000E+01  0.2867350694E+00 
 2008  2190    8  0.1151450000E+01  0.3401224265E+00 
 2008  2196    8  0.1155962500E+01  0.3271311585E+00 
 2008  2202    8  0.1142162500E+01  0.4271776502E+00 
 2008  2208    8  0.1314450000E+01  0.4908781774E+00 
 2008  2214    8  0.5526125000E+00  0.4629148908E+00 
 2008  2220    8  0.7315000000E-01  0.4268855174E+00 
 2008  2226    8  0.4713250000E-01  0.4362628490E+00 
 2008  2232    8  0.6291462500E+00  0.4594056614E+00 
 2008  2238    8  0.7761500000E+00  0.4414169599E+00 
 2008  2244    8  0.9596000000E+00  0.3475112696E+00 
 2008  2250    8  0.1221275000E+01  0.3549093995E+00 
 2008  2256    8  0.1200125000E+01  0.3880804032E+00 
 2008  2262    8  0.6166125000E+00  0.3435888729E+00 
 2008  2268    8  -0.3826625000E+00  0.3759774625E+00 
 2008  2274    8  -0.1640500000E+01  0.4262038831E+00 
 2008  2280    8  -0.2434250000E+01  0.3620340972E+00 
 2008  2286    8  -0.2029625000E+01  0.3209115678E+00 
 2008  2292    8  -0.1554000000E+01  0.2732677259E+00 
 2008  2298    8  -0.1565500000E+01  0.3249661521E+00 
 2008  2304    8  -0.1158462500E+01  0.5255294710E+00 
 2008  2310    8  -0.1618987500E+01  0.6304658247E+00 
 2008  2316    8  -0.2004250000E+01  0.5946532078E+00 
 2008  2322    8  -0.2194125000E+01  0.7353499911E+00 
 2008  2328    8  -0.1933375000E+01  0.5391050309E+00 
 2008  2334    8  -0.1730875000E+01  0.4488375089E+00 
 2008  2340    8  -0.1273362500E+01  0.3039348530E+00 
 2008  2346    8  -0.6085000000E+00  0.3622458661E+00 
 2008  2352    8  -0.2412000000E+00  0.4253778879E+00 
 2008  2358    8  -0.3742375000E+00  0.3442125940E+00 
 2008  2364    8  -0.4439112500E+00  0.2985973026E+00 
 2008  2370    8  -0.8994000000E+00  0.4153494643E+00 
 2008  2376    8  -0.1233850000E+01  0.4305412959E+00 
 2008  2382    8  -0.1651750000E+01  0.3561003194E+00 
 2008  2388    8  -0.1639000000E+01  0.2930486308E+00 
 2008  2394    8  -0.1437350000E+01  0.3097714601E+00 
 2008  2400    8  -0.8265625000E+00  0.3516291795E+00 
 2008  2406    8  -0.7847375000E+00  0.3524730484E+00 
 2008  2412    8  -0.1141650000E+00  0.2102787925E+00 
 2008  2418    8  0.4997250000E+00  0.2148595573E+00 
 2008  2424    8  0.1908000000E+01  0.2515849757E+00 
 2008  2430    8  0.2106375000E+01  0.2233550635E+00 
 2008  2436    8  0.2788250000E+01  0.1907640886E+00 
 2008  2442    8  0.3539875000E+01  0.2742158992E+00 
 2008  2448    8  0.3871000000E+01  0.3562365787E+00 
 2008  2454    8  0.3725625000E+01  0.3137988757E+00 
 2008  2460    8  0.3226500000E+01  0.3364743675E+00 
 2008  2466    8  0.3236125000E+01  0.4757432179E+00 
 2008  2472    8  0.2718750000E+01  0.5277226426E+00 
 2008  2478    8  0.1778750000E+01  0.5082427447E+00 
 2008  2484    8  0.1052637500E+01  0.4250477236E+00 
 2008  2490    8  0.6774661250E+00  0.4614630778E+00 
 2008  2496    8  -0.8219750000E-01  0.5036645327E+00 
 2008  2502    8  -0.1487525000E+01  0.5035507218E+00 
 2008  2508    8  -0.2349250000E+01  0.2469836786E+00 
 2008  2514    8  -0.2019000000E+01  0.2565194924E+00 
 2008  2520    8  -0.1825875000E+01  0.3433312677E+00 
 2008  2526    8  -0.2145250000E+01  0.4047495368E+00 
 2008  2532    8  -0.1609125000E+01  0.2653363137E+00 
 2008  2538    8  -0.4946125000E+00  0.2385191944E+00 
 2008  2544    8  0.2451737500E+00  0.2483306502E+00 
 2008  2550    8  0.6863000000E+00  0.2291130725E+00 
 2008  2556    8  0.1396000000E+01  0.1808175876E+00 
 2008  2562    8  0.2268750000E+01  0.2518664080E+00 
 2008  2568    8  0.2990125000E+01  0.2915031893E+00 
 2008  2574    8  0.2781250000E+01  0.2822745782E+00 
 2008  2580    8  0.2256375000E+01  0.2494042589E+00 
 2008  2586    8  0.1783125000E+01  0.2641218646E+00 
 2008  2592    8  0.1033112500E+01  0.2845132881E+00 
 2008  2598    8  -0.3825725000E-01  0.2161454897E+00 
 2008  2604    8  -0.8070125000E+00  0.1961130952E+00 
 2008  2610    8  -0.1493625000E+01  0.2229444648E+00 
 2008  2616    8  -0.1832750000E+01  0.2982036846E+00 
 2008  2622    8  -0.2354375000E+01  0.3548707291E+00 
 2008  2628    8  -0.2683500000E+01  0.3670296310E+00 
 2008  2634    8  -0.3071250000E+01  0.5295023017E+00 
 2008  2640    8  -0.3432250000E+01  0.5952939925E+00 
 2008  2646    8  -0.3332750000E+01  0.4483151096E+00 
 2008  2652    8  -0.3325875000E+01  0.3446920501E+00 
 2008  2658    8  -0.2815500000E+01  0.3613395218E+00 
 2008  2664    8  -0.2392000000E+01  0.4250411745E+00 
 2008  2670    8  -0.1578737500E+01  0.4063479203E+00 
 2008  2676    8  -0.1260787500E+01  0.3873333979E+00 
 2008  2682    8  -0.1195687500E+01  0.4342324764E+00 
 2008  2688    8  -0.1119825000E+01  0.4998307857E+00 
 2008  2694    8  -0.1043187500E+01  0.4850784072E+00 
 2008  2700    8  -0.1015850000E+01  0.4146528247E+00 
 2008  2706    8  -0.9270187500E+00  0.5907932495E+00 
 2008  2712    8  -0.1297087500E+01  0.7456062490E+00 
 2008  2718    8  -0.2246750000E+01  0.6032936163E+00 
 2008  2724    8  -0.3476750000E+01  0.4355441281E+00 
 2008  2730    8  -0.3443500000E+01  0.3983148880E+00 
 2008  2736    8  -0.2969875000E+01  0.4793108171E+00 
 2008  2742    8  -0.2396250000E+01  0.5009662539E+00 
 2008  2748    8  -0.1602500000E+01  0.3591938891E+00 
 2008  2754    8  -0.1604162500E+00  0.2585668489E+00 
 2008  2760    8  0.1119837500E+01  0.2608230144E+00 
 2008  2766    8  0.1379500000E+01  0.2181083446E+00 
 2008  2772    8  0.1429625000E+01  0.1973042939E+00 
 2008  2778    8  0.1482000000E+01  0.2211487056E+00 
 2008  2784    8  0.2122875000E+01  0.2927675859E+00 
 2008  2790    8  0.2419125000E+01  0.2658295683E+00 
 2008  2796    8  0.2878750000E+01  0.2639260076E+00 
 2008  2802    8  0.3442125000E+01  0.4051683099E+00 
 2008  2808    8  0.3890375000E+01  0.4527131922E+00 
 2008  2814    8  0.3330375000E+01  0.4136722548E+00 
 2008  2820    8  0.2574000000E+01  0.3677862831E+00 
 2008  2826    8  0.2148500000E+01  0.4041234341E+00 
 2008  2832    8  0.1348200000E+01  0.4026379857E+00 
 2008  2838    8  0.4219625000E+00  0.2776663733E+00 
 2008  2844    8  -0.2592937500E+00  0.2054760090E+00 
 2008  2850    8  -0.6381750000E+00  0.3654957994E+00 
 2008  2856    8  -0.1095400000E+01  0.4195478042E+00 
 2008  2862    8  -0.2119375000E+01  0.3920867052E+00 
 2008  2868    8  -0.2244750000E+01  0.4089201481E+00 
 2008  2874    8  -0.2655875000E+01  0.3753283354E+00 
 2008  2880    8  -0.2548125000E+01  0.4369263203E+00 
 2008  2886    8  -0.2352500000E+01  0.2850649049E+00 
 2008  2892    8  -0.1803250000E+01  0.1936128547E+00 
 2008  2898    8  -0.9961750000E+00  0.2034719130E+00 
 2008  2904    8  -0.7000875000E+00  0.2299241747E+00 
 2008  2910    8  -0.2589162500E+00  0.1804312649E+00 
 2008  2916    8  0.2840480000E+00  0.1777031503E+00 
 2008  2922    8  0.1106362500E+01  0.2176089953E+00 
 2008  2928    8  0.1654000000E+01  0.3302184883E+00 
 2008  2934    8  0.1285225000E+01  0.3849277034E+00 
 2008  2940    8  0.9822625000E+00  0.3763809205E+00 
 2008  2946    8  0.9640375000E+00  0.5171430144E+00 
 2008  2952    8  0.6550750000E+00  0.3758331836E+00 
 2008  2958    8  0.2041375000E+00  0.2226513891E+00 
 2008  2964    8  -0.3058987500E+00  0.2171178770E+00 
 2008  2970    8  -0.4944462500E+00  0.2182110440E+00 
 2008  2976    8  -0.3412350000E+00  0.1912744261E+00 
 2008  2982    8  -0.3935056250E+00  0.1735401091E+00 
 2008  2988    8  -0.1755487500E+00  0.1806514604E+00 
 2008  2994    8  0.3360850000E+00  0.2343019763E+00 
 2008  3000    8  0.6550250000E+00  0.2455153445E+00 
 2008  3006    8  0.1676075000E+00  0.1482342028E+00 
 2008  3012    8  -0.1942375000E-01  0.2351701144E+00 
 2008  3018    8  -0.4533500000E+00  0.3018930398E+00 
 2008  3024    8  -0.8130625000E+00  0.2435931646E+00 
 2008  3030    8  -0.1307775000E+01  0.2148860265E+00 
 2008  3036    8  -0.1192000000E+01  0.2071376354E+00 
 2008  3042    8  -0.1057125000E+01  0.1424654936E+00 
 2008  3048    8  -0.1086700000E+01  0.1883157720E+00 
 2008  3054    8  -0.1204525000E+01  0.2050572588E+00 
 2008  3060    8  -0.1345212500E+01  0.1866996012E+00 
 2008  3066    8  -0.1152900000E+01  0.2004960598E+00 
 2008  3072    8  -0.5970375000E+00  0.2312393508E+00 
 2008  3078    8  -0.7139187500E+00  0.3329676466E+00 
 2008  3084    8  -0.2162912500E+00  0.2615847300E+00 
 2008  3090    8  -0.5955500000E-01  0.1555531839E+00 
 2008  3096    8  -0.1813087500E+00  0.1920858012E+00 
 2008  3102    8  -0.8372375000E+00  0.2247092229E+00 
 2008  3108    8  -0.9454500000E+00  0.2109870849E+00 
 2008  3114    8  -0.5857750000E+00  0.2554852772E+00 
 2008  3120    8  -0.6275000000E-02  0.2896156235E+00 
 2008  3126    8  0.7277500000E-01  0.3548480640E+00 
 2008  3132    8  0.1128487500E+00  0.4577808327E+00 
 2008  3138    8  -0.2241587500E+00  0.4856144810E+00 
 2008  3144    8  -0.6835250000E+00  0.4728621093E+00 
 2008  3150    8  -0.1387550000E+01  0.5178413439E+00 
 2008  3156    8  -0.1765750000E+01  0.3096969285E+00 
 2008  3162    8  -0.1022375000E+01  0.2358922251E+00 
 2008  3168    8  -0.5952250000E+00  0.1821721421E+00 
 2008  3174    8  -0.4799625000E+00  0.2237757077E+00 
 2008  3180    8  -0.1865512500E+00  0.2340288297E+00 
 2008  3186    8  0.4246325000E+00  0.1775423904E+00 
 2008  3192    8  0.1043100000E+01  0.2739501734E+00 
 2008  3198    8  0.1176525000E+01  0.3358126515E+00 
 2008  3204    8  0.9609750000E+00  0.3540185332E+00 
 2008  3210    8  0.8362125000E+00  0.3709488726E+00 
 2008  3216    8  0.2342662500E+00  0.2750052913E+00 
 2008  3222    8  0.8158375000E+00  0.3335688720E+00 
 2008  3228    8  0.1221912500E+01  0.2398164373E+00 
 2008  3234    8  0.1827250000E+01  0.1947323484E+00 
 2008  3240    8  0.2794000000E+01  0.1950865193E+00 
 2008  3246    8  0.3265250000E+01  0.2775503333E+00 
 2008  3252    8  0.3507000000E+01  0.2529308206E+00 
 2008  3258    8  0.3919625000E+01  0.1826403142E+00 
 2008  3264    8  0.3877625000E+01  0.1771390256E+00 
 2008  3270    8  0.2848750000E+01  0.1900031250E+00 
 2008  3276    8  0.2399000000E+01  0.2210101808E+00 
 2008  3282    8  0.2247125000E+01  0.3347780748E+00 
 2008  3288    8  0.2139875000E+01  0.3349647136E+00 
 2008  3294    8  0.1374925000E+01  0.4165947754E+00 
 2008  3300    8  0.1014387500E+01  0.3712316037E+00 
 2008  3306    8  0.1112425000E+01  0.3417783812E+00 
 2008  3312    8  0.8793750000E+00  0.3428770215E+00 
 2008  3318    8  0.6054087500E-01  0.4230509414E+00 
 2008  3324    8  -0.3980387500E+00  0.4298673999E+00 
 2008  3330    8  -0.2452043750E+00  0.4274955180E+00 
 2008  3336    8  -0.2464900000E+00  0.3050791954E+00 
 2008  3342    8  -0.4337050000E+00  0.3135032044E+00 
 2008  3348    8  -0.7457125000E+00  0.3142127163E+00 
 2008  3354    8  -0.4665087500E+00  0.4072291498E+00 
 2008  3360    8  -0.3939321250E+00  0.3895825102E+00 
 2008  3366    8  -0.9282625000E+00  0.4288403810E+00 
 2008  3372    8  -0.1421575000E+01  0.3931102446E+00 
 2008  3378    8  -0.2444625000E+01  0.2800106862E+00 
 2008  3384    8  -0.2305500000E+01  0.2676195994E+00 
 2008  3390    8  -0.1538250000E+01  0.4009983635E+00 
 2008  3396    8  -0.8407250000E+00  0.2571837463E+00 
 2008  3402    8  -0.5380250000E+00  0.2115122559E+00 
 2008  3408    8  -0.8170000000E+00  0.2239422526E+00 
 2008  3414    8  -0.1170100000E+01  0.2588263317E+00 
 2008  3420    8  -0.1317062500E+01  0.2815333503E+00 
 2008  3426    8  -0.1630875000E+01  0.2898449747E+00 
 2008  3432    8  -0.2460125000E+01  0.2476082781E+00 
 2008  3438    8  -0.3774750000E+01  0.1816554087E+00 
 2008  3444    8  -0.4906625000E+01  0.1852862228E+00 
 2008  3450    8  -0.5321500000E+01  0.2268892902E+00 
 2008  3456    8  -0.5547375000E+01  0.1755818452E+00 
 2008  3462    8  -0.4898875000E+01  0.2292610071E+00 
 2008  3468    8  -0.4302125000E+01  0.2604733372E+00 
 2008  3474    8  -0.3881750000E+01  0.3410827429E+00 
 2008  3480    8  -0.3429375000E+01  0.2676475936E+00 
 2008  3486    8  -0.3128375000E+01  0.3905979191E+00 
 2008  3492    8  -0.2381375000E+01  0.2825172285E+00 
 2008  3498    8  -0.1969125000E+01  0.1747544259E+00 
 2008  3504    8  -0.1681250000E+01  0.1896284195E+00 
 2008  3510    8  -0.1998625000E+01  0.1587812469E+00 
 2008  3516    8  -0.2528500000E+01  0.2334871517E+00 
 2008  3522    8  -0.2910375000E+01  0.2443434762E+00 
 2008  3528    8  -0.2919375000E+01  0.2268760331E+00 
 2008  3534    8  -0.2747250000E+01  0.2008474234E+00 
 2008  3540    8  -0.2142375000E+01  0.1724042760E+00 
 2008  3546    8  -0.1591875000E+01  0.2088111812E+00 
 2008  3552    8  -0.1173700000E+01  0.2337462941E+00 
 2008  3558    8  -0.1680625000E+01  0.2622164838E+00 
 2008  3564    8  -0.2247750000E+01  0.2777605759E+00 
 2008  3570    8  -0.2425875000E+01  0.3072472284E+00 
 2008  3576    8  -0.2412125000E+01  0.2722023317E+00 
 2008  3582    8  -0.2348500000E+01  0.2273373045E+00 
 2008  3588    8  -0.2070375000E+01  0.2078141823E+00 
 2008  3594    8  -0.1777625000E+01  0.2106400588E+00 
 2008  3600    8  -0.1247887500E+01  0.2133841339E+00 
 2008  3606    8  -0.7387500000E+00  0.3467284925E+00 
 2008  3612    8  -0.3017412500E+00  0.2815811551E+00 
 2008  3618    8  0.1062057500E+00  0.2481995454E+00 
 2008  3624    8  0.5080500000E+00  0.2959248469E+00 
 2008  3630    8  0.2992516250E+00  0.3512272910E+00 
 2008  3636    8  0.1133500000E-01  0.3660790039E+00 
 2008  3642    8  -0.1068000000E+00  0.3703615126E+00 
 2008  3648    8  -0.2146425000E+00  0.2749522007E+00 
 2008  3654    8  -0.5743625000E+00  0.1825152250E+00 
 2008  3660    8  -0.3988900000E+00  0.2551217625E+00 
 2008  3666    8  -0.3107375000E+00  0.2489045195E+00 
 2008  3672    8  -0.1141500000E+00  0.2699853048E+00 
 2008  3678    8  -0.5369000000E+00  0.2610176239E+00 
 2008  3684    8  -0.8933675000E-01  0.2462564761E+00 
 2008  3690    8  -0.4179125000E-01  0.2168022878E+00 
 2008  3696    8  -0.2249325000E-01  0.2372588681E+00 
 2008  3702    8  -0.3784500000E+00  0.3669664835E+00 
 2008  3708    8  -0.7688500000E+00  0.3635685321E+00 
 2008  3714    8  -0.1685412500E+01  0.6144465934E+00 
 2008  3720    8  -0.2054375000E+01  0.5269625076E+00 
 2008  3726    8  -0.1952750000E+01  0.4159815951E+00 
 2008  3732    8  -0.2019125000E+01  0.3385474256E+00 
 2008  3738    8  -0.1364250000E+01  0.2716241659E+00 
 2008  3744    8  -0.6405000000E+00  0.2519982242E+00 
 2008  3750    8  -0.4300780000E+00  0.2478368132E+00 
 2008  3756    8  -0.5197925000E+00  0.2882561125E+00 
 2008  3762    8  -0.1017500000E+01  0.4306622342E+00 
 2008  3768    8  -0.1832125000E+01  0.5083904596E+00 
 2008  3774    8  -0.1963500000E+01  0.4572231403E+00 
 2008  3780    8  -0.2171750000E+01  0.4535498181E+00 
 2008  3786    8  -0.1832625000E+01  0.4396185669E+00 
 2008  3792    8  -0.1397262500E+01  0.4619330929E+00 
 2008  3798    8  -0.7214625000E+00  0.4457448259E+00 
 2008  3804    8  -0.3647275000E+00  0.3077006490E+00 
 2008  3810    8  -0.1452750000E+00  0.2085689370E+00 
 2008  3816    8  0.2530400000E+00  0.2009718600E+00 
 2008  3822    8  0.3974350000E+00  0.2693356142E+00 
 2008  3828    8  0.7331875000E+00  0.1876439210E+00 
 2008  3834    8  0.9656500000E+00  0.1509005550E+00 
 2008  3840    8  0.1165325000E+01  0.2868841524E+00 
 2008  3846    8  0.4917125000E+00  0.3870104018E+00 
 2008  3852    8  -0.3842100000E+00  0.3625682470E+00 
 2008  3858    8  -0.1088350000E+01  0.3767010685E+00 
 2008  3864    8  -0.1780125000E+01  0.4859445538E+00 
 2008  3870    8  -0.2535625000E+01  0.5129695258E+00 
 2008  3876    8  -0.2684500000E+01  0.4141491277E+00 
 2008  3882    8  -0.2119875000E+01  0.6514853102E+00 
 2008  3888    8  -0.1450000000E+01  0.2684501816E+00 
 2008  3894    8  -0.4235950000E-01  0.2363090362E+00 
 2008  3900    8  0.2155650000E+00  0.2577604877E+00 
 2008  3906    8  -0.2369825000E+00  0.3174924138E+00 
 2008  3912    8  0.3640250000E-01  0.2565947419E+00 
 2008  3918    8  0.1330800000E+00  0.2713714821E+00 
 2008  3924    8  0.2032125000E+00  0.2439343222E+00 
 2008  3930    8  0.8698125000E+00  0.1440497869E+00 
 2008  3936    8  0.1398250000E+01  0.2029216290E+00 
 2008  3942    8  0.1169037500E+01  0.3012046312E+00 
 2008  3948    8  0.5181987500E+00  0.3073376625E+00 
 2008  3954    8  0.6926125000E-01  0.2586504466E+00 
 2008  3960    8  -0.3805437500E-01  0.2382767659E+00 
 2008  3966    8  -0.4432625000E+00  0.2467278102E+00 
 2008  3972    8  -0.1013273750E+00  0.2102949070E+00 
 2008  3978    8  0.3722875000E+00  0.1472723959E+00 
 2008  3984    8  0.4424625000E+00  0.2391104344E+00 
 2008  3990    8  0.1909421250E+00  0.2131493347E+00 
 2008  3996    8  -0.8576750000E-01  0.2435854057E+00 
 2008  4002    8  -0.1527050000E+00  0.1918524333E+00 
 2008  4008    8  -0.8312000000E-01  0.2221794324E+00 
 2008  4014    8  -0.2514500000E+00  0.1781963033E+00 
 2008  4020    8  -0.6582375000E+00  0.2324773426E+00 
 2008  4026    8  -0.7678375000E+00  0.2277021351E+00 
 2008  4032    8  -0.7219500000E+00  0.2547107624E+00 
 2008  4038    8  -0.1218312500E+01  0.2179594196E+00 
 2008  4044    8  -0.1153475000E+01  0.2877186810E+00 
 2008  4050    8  -0.4431987500E+00  0.2234782383E+00 
 2008  4056    8  0.1020812500E+00  0.1587072451E+00 
 2008  4062    8  0.5158750000E+00  0.2139788935E+00 
 2008  4068    8  0.8963250000E+00  0.1846353552E+00 
 2008  4074    8  0.8543750000E+00  0.1839276403E+00 
 2008  4080    8  0.9077125000E+00  0.2145644684E+00 
 2008  4086    8  0.7744125000E+00  0.1710099590E+00 
 2008  4092    8  0.9461000000E+00  0.1976721212E+00 
 2008  4098    8  0.8976375000E+00  0.2768930522E+00 
 2008  4104    8  0.9824375000E+00  0.3330239328E+00 
 2008  4110    8  0.7281000000E+00  0.3676803707E+00 
 2008  4116    8  0.2297275000E+00  0.3408068333E+00 
 2008  4122    8  0.1818125000E-01  0.4562573369E+00 
 2008  4128    8  -0.2139800000E+00  0.3594359530E+00 
 2008  4134    8  -0.6937125000E+00  0.3277315915E+00 
 2008  4140    8  -0.8630750000E+00  0.3132539734E+00 
 2008  4146    8  -0.7543000000E+00  0.4830012707E+00 
 2008  4152    8  -0.1308150000E+01  0.5811466596E+00 
 2008  4158    8  -0.1310487500E+01  0.3886365122E+00 
 2008  4164    8  -0.9107125000E+00  0.4728489147E+00 
 2008  4170    8  -0.1157875000E+00  0.2876740981E+00 
 2008  4176    8  0.2044500000E+00  0.1481009439E+00 
 2008  4182    8  0.1563425000E+00  0.1641875309E+00 
 2008  4188    8  0.2885500000E-01  0.1737164160E+00 
 2008  4194    8  0.9859250000E-01  0.1964069195E+00 
 2008  4200    8  -0.2277875000E-01  0.2420456737E+00 
 2008  4206    8  -0.2530425000E+00  0.1773809802E+00 
 2008  4212    8  -0.2903812500E-01  0.2351066987E+00 
 2008  4218    8  0.4647875000E+00  0.1465281836E+00 
 2008  4224    8  0.7698125000E+00  0.2138177462E+00 
 2008  4230    8  0.1409752500E+00  0.2149913992E+00 
 2008  4236    8  -0.2745562500E+00  0.2340554521E+00 
 2008  4242    8  -0.3505625000E+00  0.2191282384E+00 
 2008  4248    8  -0.4270385000E+00  0.1972238144E+00 
 2008  4254    8  -0.9756000000E+00  0.1737345317E+00 
 2008  4260    8  -0.7281375000E+00  0.2554446708E+00 
 2008  4266    8  -0.1581905000E+00  0.2077964076E+00 
 2008  4272    8  0.2922525000E+00  0.2079851624E+00 
 2008  4278    8  0.4268700000E+00  0.2848195678E+00 
 2008  4284    8  0.4801875000E+00  0.2035382853E+00 
 2008  4290    8  0.8150375000E+00  0.1471795412E+00 
 2008  4296    8  0.1145987500E+01  0.1995004789E+00 
 2008  4302    8  0.6829375000E+00  0.2677648499E+00 
 2008  4308    8  0.3264625000E+00  0.2860443407E+00 
 2008  4314    8  0.5966875000E+00  0.2823717295E+00 
 2008  4320    8  0.4005212500E+00  0.2327936037E+00 
 2008  4326    8  -0.4183137500E+00  0.3372619032E+00 
 2008  4332    8  -0.1014087500E+01  0.3477076769E+00 
 2008  4338    8  -0.7561625000E+00  0.3421096642E+00 
 2008  4344    8  -0.8683375000E+00  0.3770832499E+00 
 2008  4350    8  -0.1573625000E+01  0.3721726540E+00 
 2008  4356    8  -0.1478225000E+01  0.4064498793E+00 
 2008  4362    8  -0.1381950000E+01  0.4792939130E+00 
 2008  4368    8  -0.1573900000E+01  0.4299421705E+00 
 2008  4374    8  -0.1965500000E+01  0.5254928639E+00 
 2008  4380    8  -0.1690687500E+01  0.5249581494E+00 
 2008  4386    8  -0.1260987500E+01  0.4030425611E+00 
 2008  4392    8  -0.1226700000E+01  0.3510303121E+00 
 2008  4398    8  -0.1275375000E+01  0.3866906152E+00 
 2008  4404    8  -0.1613850000E+01  0.4396974613E+00 
 2008  4410    8  -0.1256825000E+01  0.3989327724E+00 
 2008  4416    8  -0.1256537500E+01  0.4315289067E+00 
 2008  4422    8  -0.2079250000E+01  0.5255819988E+00 
 2008  4428    8  -0.2549875000E+01  0.4038664499E+00 
 2008  4434    8  -0.2691000000E+01  0.3614107774E+00 
 2008  4440    8  -0.2836500000E+01  0.3749556640E+00 
 2008  4446    8  -0.3430375000E+01  0.3918050974E+00 
 2008  4452    8  -0.2739125000E+01  0.3532539588E+00 
 2008  4458    8  -0.2344125000E+01  0.3021975502E+00 
 2008  4464    8  -0.1789875000E+01  0.2862710418E+00 
 2008  4470    8  -0.1575125000E+01  0.2874184395E+00 
 2008  4476    8  -0.1172212500E+01  0.3517229820E+00 
 2008  4482    8  -0.7044000000E+00  0.4549006100E+00 
 2008  4488    8  -0.5863050000E+00  0.4173793109E+00 
 2008  4494    8  -0.6413250000E+00  0.3299281011E+00 
 2008  4500    8  -0.5851500000E+00  0.2780370794E+00 
 2008  4506    8  -0.2848537500E+00  0.2336804800E+00 
 2008  4512    8  -0.1727812500E+00  0.1759690845E+00 
 2008  4518    8  -0.4737375000E+00  0.1701002420E+00 
 2008  4524    8  -0.4648500000E+00  0.1762130883E+00 
 2008  4530    8  0.3242900000E-01  0.1490268565E+00 
 2008  4536    8  0.2326862500E+00  0.1755611149E+00 
 2008  4542    8  0.3361137500E-01  0.2100382574E+00 
 2008  4548    8  0.1795637500E+00  0.1917458520E+00 
 2008  4554    8  0.9896750000E+00  0.1001178774E+00 
 2008  4560    8  0.1278000000E+01  0.1253425307E+00 
 2008  4566    8  0.7052750000E+00  0.2002061797E+00 
 2008  4572    8  0.2780337500E+00  0.2609058621E+00 
 2008  4578    8  0.1272962500E+00  0.2624555760E+00 
 2008  4584    8  -0.4142725000E-01  0.2616399372E+00 
 2008  4590    8  -0.7916750000E+00  0.3130259604E+00 
 2008  4596    8  -0.1235762500E+01  0.3486092366E+00 
 2008  4602    8  -0.9979875000E+00  0.2956144509E+00 
 2008  4608    8  -0.1229162500E+01  0.2915678478E+00 
 2008  4614    8  -0.7850662500E+00  0.3556747766E+00 
 2008  4620    8  0.8194500000E+00  0.1463624013E+00 
 2008  4626    8  0.1765750000E+01  0.2512497512E+00 
 2008  4632    8  0.2129625000E+01  0.3193747554E+00 
 2008  4638    8  0.1559750000E+01  0.2945499745E+00 
 2008  4644    8  0.1307125000E+01  0.2888253960E+00 
 2008  4650    8  0.1288425000E+01  0.3310343666E+00 
 2008  4656    8  0.1429750000E+01  0.2596905611E+00 
 2008  4662    8  0.7365875000E+00  0.1901265923E+00 
 2008  4668    8  0.5158725000E+00  0.2449078231E+00 
 2008  4674    8  0.6411375000E+00  0.2388695247E+00 
 2008  4680    8  0.6122300000E+00  0.2784233347E+00 
 2008  4686    8  -0.3436737500E+00  0.3326951304E+00 
 2008  4692    8  -0.7192500000E+00  0.3725428096E+00 
 2008  4698    8  -0.5451912500E+00  0.3417268515E+00 
 2008  4704    8  -0.4698110000E+00  0.3570921514E+00 
 2008  4710    8  -0.1085512500E+01  0.3645675158E+00 
 2008  4716    8  -0.1409037500E+01  0.3012088310E+00 
 2008  4722    8  -0.1251237500E+01  0.2811120059E+00 
 2008  4728    8  -0.1071650000E+01  0.2755523680E+00 
 2008  4734    8  -0.1407225000E+01  0.2981323605E+00 
 2008  4740    8  -0.1352375000E+01  0.2422384866E+00 
 2008  4746    8  -0.8651500000E+00  0.2096961790E+00 
 2008  4752    8  -0.4864875000E+00  0.1751706414E+00 
 2008  4758    8  -0.5593375000E+00  0.2214980245E+00 
 2008  4764    8  -0.5089750000E+00  0.2585287641E+00 
 2008  4770    8  -0.5209500000E+00  0.2504935678E+00 
 2008  4776    8  -0.4403225000E+00  0.2352016731E+00 
 2008  4782    8  -0.1091550000E+01  0.2233370435E+00 
 2008  4788    8  -0.1001237500E+01  0.2751497998E+00 
 2008  4794    8  -0.8682625000E+00  0.2329509280E+00 
 2008  4800    8  -0.6625875000E+00  0.1891110285E+00 
 2008  4806    8  -0.7904250000E+00  0.2771720348E+00 
 2008  4812    8  -0.7259000000E+00  0.2734586486E+00 
 2008  4818    8  -0.5883000000E+00  0.2649496131E+00 
 2008  4824    8  -0.4200987500E+00  0.2939196795E+00 
 2008  4830    8  -0.1243225000E+01  0.3083895659E+00 
 2008  4836    8  -0.1618000000E+01  0.3017304260E+00 
 2008  4842    8  -0.1468750000E+01  0.2931551424E+00 
 2008  4848    8  -0.1266825000E+01  0.2704741473E+00 
 2008  4854    8  -0.1600625000E+01  0.3122867022E+00 
 2008  4860    8  -0.1519312500E+01  0.4012054444E+00 
 2008  4866    8  -0.1309637500E+01  0.3584265264E+00 
 2008  4872    8  -0.1279237500E+01  0.3729065833E+00 
 2008  4878    8  -0.1921750000E+01  0.4423222100E+00 
 2008  4884    8  -0.2199625000E+01  0.3782650980E+00 
 2008  4890    8  -0.2072000000E+01  0.3887627811E+00 
 2008  4896    8  -0.1587650000E+01  0.4558157056E+00 
 2008  4902    8  -0.1486125000E+01  0.5254807507E+00 
 2008  4908    8  -0.1250512500E+01  0.3719712235E+00 
 2008  4914    8  -0.7569250000E+00  0.2749808527E+00 
 2008  4920    8  -0.5185062500E+00  0.2697882091E+00 
 2008  4926    8  -0.5586875000E+00  0.2305358347E+00 
 2008  4932    8  -0.2987455000E+00  0.2139050088E+00 
 2008  4938    8  0.1259175000E+00  0.2686697289E+00 
 2008  4944    8  0.1516225000E+00  0.2843699628E+00 
 2008  4950    8  -0.5377643750E+00  0.2886741797E+00 
 2008  4956    8  -0.1003675000E+01  0.2845661072E+00 
 2008  4962    8  -0.1115262500E+01  0.2479745095E+00 
 2008  4968    8  -0.1350750000E+01  0.1803300793E+00 
 2008  4974    8  -0.1889750000E+01  0.2332207913E+00 
 2008  4980    8  -0.1464250000E+01  0.3253431842E+00 
 2008  4986    8  -0.1212437500E+01  0.3079687563E+00 
 2008  4992    8  -0.1274587500E+01  0.2901225019E+00 
 2008  4998    8  -0.1588375000E+01  0.2455778581E+00 
 2008  5004    8  -0.1493500000E+01  0.3246686773E+00 
 2008  5010    8  -0.1127600000E+01  0.3219235662E+00 
 2008  5016    8  -0.9769375000E+00  0.2871872731E+00 
 2008  5022    8  -0.1202237500E+01  0.2104526546E+00 
 2008  5028    8  -0.7235625000E+00  0.2762440449E+00 
 2008  5034    8  -0.2499150000E+00  0.3194403697E+00 
 2008  5040    8  -0.4076887500E+00  0.4116439219E+00 
 2008  5046    8  -0.1154662500E+01  0.4141775795E+00 
 2008  5052    8  -0.1433787500E+01  0.3601986828E+00 
 2008  5058    8  -0.1336050000E+01  0.3904509796E+00 
 2008  5064    8  -0.1316525000E+01  0.4011853055E+00 
 2008  5070    8  -0.1268025000E+01  0.2916894828E+00 
 2008  5076    8  -0.1094112500E+01  0.3731616119E+00 
 2008  5082    8  -0.5483500000E+00  0.3059009153E+00 
 2008  5088    8  -0.9593250000E-02  0.2323919728E+00 
 2008  5094    8  -0.2004697500E+00  0.2404655938E+00 
 2008  5100    8  -0.6015037500E+00  0.4181856410E+00 
 2008  5106    8  -0.8191125000E+00  0.4721036842E+00 
 2008  5112    8  -0.1147475000E+01  0.4350057033E+00 
 2008  5118    8  -0.2129375000E+01  0.4998742186E+00 
 2008  5124    8  -0.1977875000E+01  0.4444315013E+00 
 2008  5130    8  -0.1048875000E+01  0.4909719105E+00 
 2008  5136    8  -0.7651750000E+00  0.3573386480E+00 
 2008  5142    8  -0.9760750000E+00  0.2209956829E+00 
 2008  5148    8  -0.5113875000E+00  0.2879743367E+00 
 2008  5154    8  -0.3631587500E+00  0.2300515755E+00 
 2008  5160    8  -0.5614750000E+00  0.2188056829E+00 
 2008  5166    8  -0.8983750000E+00  0.2578162609E+00 
 2008  5172    8  -0.9876750000E+00  0.2341558495E+00 
 2008  5178    8  -0.9107000000E+00  0.2513948438E+00 
 2008  5184    8  -0.7863875000E+00  0.2930027280E+00 
 2008  5190    8  -0.1099387500E+01  0.2241690012E+00 
 2008  5196    8  -0.9573625000E+00  0.3168679297E+00 
 2008  5202    8  -0.7038125000E+00  0.3150644991E+00 
 2008  5208    8  -0.3693750000E+00  0.2722105010E+00 
 2008  5214    8  -0.9045000000E+00  0.3047076919E+00 
 2008  5220    8  -0.1187300000E+01  0.2989635304E+00 
 2008  5226    8  -0.8610625000E+00  0.2953228866E+00 
 2008  5232    8  -0.6363000000E+00  0.2916209097E+00 
 2008  5238    8  -0.1210512500E+01  0.3823796459E+00 
 2008  5244    8  -0.1368050000E+01  0.3099932177E+00 
 2008  5250    8  -0.1282962500E+01  0.2813834214E+00 
 2008  5256    8  -0.1311750000E+01  0.2189393466E+00 
 2008  5262    8  -0.1492375000E+01  0.2413135603E+00 
 2008  5268    8  -0.1564625000E+01  0.3734544609E+00 
 2008  5274    8  -0.1709125000E+01  0.4287588009E+00 
 2008  5280    8  -0.1703875000E+01  0.4776189479E+00 
 2008  5286    8  -0.2325125000E+01  0.5637345203E+00 
 2008  5292    8  -0.2644375000E+01  0.5953513537E+00 
 2008  5298    8  -0.2594625000E+01  0.5143935598E+00 
 2008  5304    8  -0.2312500000E+01  0.4976273706E+00 
 2008  5310    8  -0.2893250000E+01  0.3630040461E+00 
 2008  5316    8  -0.2082250000E+01  0.3276891629E+00 
 2008  5322    8  -0.1760000000E+01  0.3195782377E+00 
 2008  5328    8  -0.1183200000E+01  0.2378573259E+00 
 2008  5334    8  -0.9218500000E+00  0.1877745057E+00 
 2008  5340    8  0.1876612500E+00  0.2040896494E+00 
 2008  5346    8  0.5399525000E+00  0.2727522618E+00 
 2008  5352    8  0.5810500000E+00  0.2300035108E+00 
 2008  5358    8  0.4332875000E+00  0.1952334912E+00 
 2008  5364    8  0.4666750000E+00  0.2197459826E+00 
 2008  5370    8  0.5627250000E+00  0.2617990678E+00 
 2008  5376    8  0.7042125000E+00  0.3048755789E+00 
 2008  5382    8  0.5476375000E-01  0.3519888485E+00 
 2008  5388    8  -0.3323550000E+00  0.3893994308E+00 
 2008  5394    8  -0.3457398750E+00  0.4564091157E+00 
 2008  5400    8  -0.2802161250E+00  0.3662768385E+00 
 2008  5406    8  -0.7375750000E+00  0.2658667747E+00 
 2008  5412    8  -0.4958250000E+00  0.2640191553E+00 
 2008  5418    8  -0.2551625000E-01  0.2163249789E+00 
 2008  5424    8  0.2466600000E+00  0.2461783240E+00 
 2008  5430    8  -0.9923625000E-01  0.1982943450E+00 
 2008  5436    8  0.9398625000E-01  0.2523732877E+00 
 2008  5442    8  0.3280337500E+00  0.2399718462E+00 
 2008  5448    8  0.3678648375E+00  0.2541514939E+00 
 2008  5454    8  -0.2025575000E+00  0.2346252608E+00 
 2008  5460    8  -0.4327425000E+00  0.2646616569E+00 
 2008  5466    8  -0.2307450000E+00  0.3175627276E+00 
 2008  5472    8  -0.3822587500E+00  0.2956347872E+00 
 2008  5478    8  -0.1085687500E+01  0.2721068606E+00 
 2008  5484    8  -0.1404175000E+01  0.3858434454E+00 
 2008  5490    8  -0.1056112500E+01  0.4504707661E+00 
 2008  5496    8  -0.1031237500E+01  0.4638986903E+00 
 2008  5502    8  -0.1803750000E+01  0.5333902769E+00 
 2008  5508    8  -0.2183750000E+01  0.6134049947E+00 
 2008  5514    8  -0.2177500000E+01  0.6529504193E+00 
 2008  5520    8  -0.2166875000E+01  0.6226117244E+00 
 2008  5526    8  -0.3145750000E+01  0.5791547181E+00 
 2008  5532    8  -0.3225875000E+01  0.4854032956E+00 
 2008  5538    8  -0.3114750000E+01  0.4474694822E+00 
 2008  5544    8  -0.2839250000E+01  0.3346441207E+00 
 2008  5550    8  -0.2688500000E+01  0.3430936461E+00 
 2008  5556    8  -0.2115000000E+01  0.4627493922E+00 
 2008  5562    8  -0.2054750000E+01  0.3843864429E+00 
 2008  5568    8  -0.1782125000E+01  0.4897995604E+00 
 2008  5574    8  -0.2107750000E+01  0.6263407120E+00 
 2008  5580    8  -0.2200750000E+01  0.7123755593E+00 
 2008  5586    8  -0.2755125000E+01  0.8032159482E+00 
 2008  5592    8  -0.2884625000E+01  0.8280947919E+00 
 2008  5598    8  -0.3123125000E+01  0.8598315878E+00 
 2008  5604    8  -0.3039250000E+01  0.6798324702E+00 
 2008  5610    8  -0.2875875000E+01  0.5747467785E+00 
 2008  5616    8  -0.1895375000E+01  0.3866070154E+00 
 2008  5622    8  -0.5877000000E+00  0.2846911836E+00 
 2008  5628    8  0.3152175000E+00  0.2809363365E+00 
 2008  5634    8  0.7144187500E+00  0.5358144688E+00 
 2008  5640    8  0.7852875000E+00  0.4664449229E+00 
 2008  5646    8  0.2043200000E+00  0.3807955584E+00 
 2008  5652    8  -0.2501875000E-01  0.2884231158E+00 
 2008  5658    8  -0.9857500000E-02  0.3385264833E+00 
 2008  5664    8  -0.2408575000E-01  0.3525832687E+00 
 2008  5670    8  -0.7659750000E+00  0.3981745275E+00 
 2008  5676    8  -0.9829750000E+00  0.4063214699E+00 
 2008  5682    8  -0.1177525000E+01  0.4524930352E+00 
 2008  5688    8  -0.1210575000E+01  0.4727406946E+00 
 2008  5694    8  -0.1972250000E+01  0.3572302304E+00 
 2008  5700    8  -0.1601375000E+01  0.3048921684E+00 
 2008  5706    8  -0.1690375000E+01  0.4460479059E+00 
 2008  5712    8  -0.1709375000E+01  0.3864957754E+00 
 2008  5718    8  -0.1127437500E+01  0.3830948640E+00 
 2008  5724    8  -0.4447736250E+00  0.2974277085E+00 
 2008  5730    8  0.8963500000E+00  0.2643374075E+00 
 2008  5736    8  0.1411100000E+01  0.3941265279E+00 
 2008  5742    8  0.5455125000E+00  0.4464297437E+00 
 2008  5748    8  -0.5790212500E+00  0.4804222257E+00 
 2008  5754    8  -0.7539875000E+00  0.5370002291E+00 
 2008  5760    8  0.2088375000E-01  0.4350011401E+00 
 2008  5766    8  0.9231375000E+00  0.2778374882E+00 
 2008  5772    8  0.1475500000E+01  0.2562732916E+00 
 2008  5778    8  0.1496700000E+01  0.3439728623E+00 
 2008  5784    8  0.1680250000E+01  0.3484608120E+00 
 2008  5790    8  0.1115237500E+01  0.3536249353E+00 
 2008  5796    8  0.3361875000E+00  0.3804317792E+00 
 2008  5802    8  -0.8401125000E-01  0.4809526253E+00 
 2008  5808    8  -0.8810000000E+00  0.5117001026E+00 
 2008  5814    8  -0.2181375000E+01  0.4927867027E+00 
 2008  5820    8  -0.2253875000E+01  0.3648929423E+00 
 2008  5826    8  -0.2115250000E+01  0.2773606632E+00 
 2008  5832    8  -0.1985125000E+01  0.2251696236E+00 
 2008  5838    8  -0.2218875000E+01  0.2316643248E+00 
 2008  5844    8  -0.2166875000E+01  0.2055616924E+00 
 2008  5850    8  -0.1959125000E+01  0.2065468697E+00 
 2008  5856    8  -0.1842500000E+01  0.2394196107E+00 
 2008  5862    8  -0.1746875000E+01  0.1875056249E+00 
 2008  5868    8  -0.8395375000E+00  0.2571808262E+00 
 2008  5874    8  -0.7470037500E-01  0.2290224466E+00 
 2008  5880    8  0.7993250000E+00  0.1610974065E+00 
 2008  5886    8  0.8318375000E+00  0.2110703078E+00 
 2008  5892    8  0.1216400000E+01  0.2448426689E+00 
 2008  5898    8  0.1112600000E+01  0.3593224214E+00 
 2008  5904    8  0.1027450000E+01  0.3955351249E+00 
 2008  5910    8  0.1587462500E+00  0.2681583912E+00 
 2008  5916    8  0.7886000000E-01  0.1561038182E+00 
 2008  5922    8  0.3504250000E+00  0.1671514489E+00 
 2008  5928    8  0.6599500000E+00  0.1771785611E+00 
 2008  5934    8  0.2425412500E+00  0.1724462428E+00 
 2008  5940    8  0.1844562500E+00  0.1502254092E+00 
 2008  5946    8  0.2743250000E+00  0.1678508843E+00 
 2008  5952    8  0.7723750000E+00  0.2225453816E+00 
 2008  5958    8  0.7407250000E+00  0.2066036045E+00 
 2008  5964    8  0.5973625000E+00  0.2191839692E+00 
 2008  5970    8  0.3665962500E+00  0.2523197666E+00 
 2008  5976    8  0.9062125000E-01  0.2216546078E+00 
 2008  5982    8  -0.1867612500E+00  0.1854143257E+00 
 2008  5988    8  0.1949362500E+00  0.1423780508E+00 
 2008  5994    8  0.6350375000E+00  0.1631317944E+00 
 2008  6000    8  0.3809425000E+00  0.2555999533E+00 
 2008  6006    8  -0.4686125000E+00  0.3035478358E+00 
 2008  6012    8  -0.2705455000E+00  0.2440709374E+00 
 2008  6018    8  0.1727325000E+00  0.2578015344E+00 
 2008  6024    8  0.6388125000E+00  0.2972505485E+00 
 2008  6030    8  0.3325963750E+00  0.2847857834E+00 
 2008  6036    8  0.3062933750E+00  0.2702139215E+00 
 2008  6042    8  0.2144712500E+00  0.3114396814E+00 
 2008  6048    8  -0.2693750000E+00  0.3002616390E+00 
 2008  6054    8  -0.1583250000E+01  0.3532593771E+00 
 2008  6060    8  -0.2286500000E+01  0.3436360720E+00 
 2008  6066    8  -0.2291500000E+01  0.3324244275E+00 
 2008  6072    8  -0.2421375000E+01  0.3673778496E+00 
 2008  6078    8  -0.3079000000E+01  0.3067217795E+00 
 2008  6084    8  -0.2121000000E+01  0.1195888791E+00 
 2008  6090    8  -0.8375625000E+00  0.1991661802E+00 
 2008  6096    8  0.1651323000E+00  0.2456318597E+00 
 2008  6102    8  0.1934300000E+00  0.2269174026E+00 
 2008  6108    8  0.5814875000E+00  0.2631928449E+00 
 2008  6114    8  0.8957625000E+00  0.3118879323E+00 
 2008  6120    8  0.8171125000E+00  0.3343271954E+00 
 2008  6126    8  -0.1983862500E+00  0.3784187290E+00 
 2008  6132    8  -0.9018000000E+00  0.4131760763E+00 
 2008  6138    8  -0.1093450000E+01  0.4147273653E+00 
 2008  6144    8  -0.1289750000E+01  0.3655709439E+00 
 2008  6150    8  -0.1954875000E+01  0.3005871078E+00 
 2008  6156    8  -0.1017487500E+01  0.1682809142E+00 
 2008  6162    8  -0.1139512500E+00  0.1537258081E+00 
 2008  6168    8  0.7096500000E+00  0.2333321184E+00 
 2008  6174    8  0.2890695000E+00  0.2556248102E+00 
 2008  6180    8  0.6682500000E+00  0.2174497011E+00 
 2008  6186    8  0.1087337500E+01  0.2667311331E+00 
 2008  6192    8  0.1341875000E+01  0.2886227804E+00 
 2008  6198    8  0.8734250000E+00  0.2949894818E+00 
 2008  6204    8  0.1047825000E+01  0.2629367403E+00 
 2008  6210    8  0.1186925000E+01  0.2911072257E+00 
 2008  6216    8  0.1100462500E+01  0.2936782803E+00 
 2008  6222    8  0.3996250000E-02  0.3594555002E+00 
 2008  6228    8  -0.2699462500E+00  0.3823310211E+00 
 2008  6234    8  -0.2276775000E+00  0.4414810463E+00 
 2008  6240    8  -0.3916750000E+00  0.4322316471E+00 
 2008  6246    8  -0.1076875000E+01  0.5155272853E+00 
 2008  6252    8  -0.1245875000E+01  0.3810814176E+00 
 2008  6258    8  -0.1333350000E+01  0.4027254120E+00 
 2008  6264    8  -0.1042350000E+01  0.3810094684E+00 
 2008  6270    8  -0.1954125000E+01  0.4046274328E+00 
 2008  6276    8  -0.1808750000E+01  0.3353206488E+00 
 2008  6282    8  -0.1478237500E+01  0.3544457573E+00 
 2008  6288    8  -0.1259037500E+01  0.3767072933E+00 
 2008  6294    8  -0.1692125000E+01  0.4299001156E+00 
 2008  6300    8  -0.1833500000E+01  0.3697769598E+00 
 2008  6306    8  -0.1629500000E+01  0.3901416409E+00 
 2008  6312    8  -0.1586412500E+01  0.3499158343E+00 
 2008  6318    8  -0.2249125000E+01  0.2471039445E+00 
 2008  6324    8  -0.2083625000E+01  0.2727374825E+00 
 2008  6330    8  -0.2059500000E+01  0.2188378395E+00 
 2008  6336    8  -0.1967000000E+01  0.1982706484E+00 
 2008  6342    8  -0.1769250000E+01  0.2832175621E+00 
 2008  6348    8  -0.1610000000E+01  0.3850512953E+00 
 2008  6354    8  -0.1472125000E+01  0.3563675902E+00 
 2008  6360    8  -0.1513125000E+01  0.3436118586E+00 
 2008  6366    8  -0.1244187500E+01  0.2986182699E+00 
 2008  6372    8  -0.1017437500E+01  0.2889752020E+00 
 2008  6378    8  -0.4425000000E+00  0.3399941911E+00 
 2008  6384    8  -0.2056250000E+00  0.2521392785E+00 
 2008  6390    8  0.3407800000E+00  0.1952277473E+00 
 2008  6396    8  0.1087212500E+01  0.1368698875E+00 
 2008  6402    8  0.1581375000E+01  0.3728923898E+00 
 2008  6408    8  0.1374062500E+01  0.4882489246E+00 
 2008  6414    8  0.5232625000E+00  0.5086698387E+00 
 2008  6420    8  -0.1177937500E+00  0.5087230659E+00 
 2008  6426    8  -0.7655750000E+00  0.5326774182E+00 
 2008  6432    8  -0.1400512500E+01  0.5340434847E+00 
 2008  6438    8  -0.1692312500E+01  0.5301211499E+00 
 2008  6444    8  -0.1719000000E+01  0.4873817805E+00 
 2008  6450    8  -0.1519475000E+01  0.4784119348E+00 
 2008  6456    8  -0.1156075000E+01  0.4019894363E+00 
 2008  6462    8  -0.5710125000E+00  0.2551446523E+00 
 2008  6468    8  0.4972962500E+00  0.2721750541E+00 
 2008  6474    8  0.5463050000E+00  0.4586949838E+00 
 2008  6480    8  0.2844962500E+00  0.4802420058E+00 
 2008  6486    8  -0.6164600000E+00  0.3788549303E+00 
 2008  6492    8  -0.3019950000E+00  0.1958554076E+00 
 2008  6498    8  0.1070025000E+00  0.2021489511E+00 
 2008  6504    8  0.6689125000E+00  0.2313286863E+00 
 2008  6510    8  0.4938125000E+00  0.2600713241E+00 
 2008  6516    8  0.7794250000E+00  0.2895910122E+00 
 2008  6522    8  0.1429875000E+01  0.3220529605E+00 
 2008  6528    8  0.1842750000E+01  0.3553782316E+00 
 2008  6534    8  0.1283750000E+01  0.3773439379E+00 
 2008  6540    8  0.1300775000E+01  0.2846656229E+00 
 2008  6546    8  0.1359600000E+01  0.2967235582E+00 
 2008  6552    8  0.1048925000E+01  0.3327205763E+00 
 2008  6558    8  0.2121125000E+00  0.3949101494E+00 
 2008  6564    8  -0.7889750000E-01  0.3253984553E+00 
 2008  6570    8  0.2630500000E+00  0.3444642398E+00 
 2008  6576    8  0.5252578750E+00  0.2921690307E+00 
 2008  6582    8  0.6140375000E-02  0.3700152404E+00 
 2008  6588    8  -0.1494857500E+00  0.3423711379E+00 
 2008  6594    8  -0.2563428750E+00  0.4847327535E+00 
 2008  6600    8  -0.3130050000E+00  0.4520609612E+00 
 2008  6606    8  -0.1137750000E+01  0.5042127329E+00 
 2008  6612    8  -0.2047000000E+01  0.4999012402E+00 
 2008  6618    8  -0.2527250000E+01  0.4930810659E+00 
 2008  6624    8  -0.2253125000E+01  0.5935540071E+00 
 2008  6630    8  -0.2284000000E+01  0.4859796806E+00 
 2008  6636    8  -0.2051000000E+01  0.4144707469E+00 
 2008  6642    8  -0.2063625000E+01  0.5486259968E+00 
 2008  6648    8  -0.3084000000E+01  0.7851568315E+00 
 2008  6654    8  -0.4297750000E+01  0.7912398104E+00 
 2008  6660    8  -0.5511000000E+01  0.1061570299E+01 
 2008  6666    8  -0.6009625000E+01  0.1202376494E+01 
 2008  6672    8  -0.5318375000E+01  0.9599031120E+00 
 2008  6678    8  -0.3695125000E+01  0.6104916948E+00 
 2008  6684    8  -0.2279125000E+01  0.5219953155E+00 
 2008  6690    8  -0.1459850000E+01  0.5434120237E+00 
 2008  6696    8  -0.8733250000E+00  0.4350169013E+00 
 2008  6702    8  -0.2353125000E+00  0.4234102338E+00 
 2008  6708    8  0.1763737500E+00  0.4714343592E+00 
 2008  6714    8  0.6289400000E+00  0.5573776199E+00 
 2008  6720    8  0.8530750000E+00  0.5617650927E+00 
 2008  6726    8  0.2491087500E+00  0.5993242238E+00 
 2008  6732    8  -0.3162887500E+00  0.6733314163E+00 
 2008  6738    8  0.5142375000E-01  0.4135603090E+00 
 2008  6744    8  0.1690875000E+01  0.2429220232E+00 
 2008  6750    8  0.2629125000E+01  0.2459001004E+00 
 2008  6756    8  0.3055125000E+01  0.2334916687E+00 
 2008  6762    8  0.3290250000E+01  0.2390934702E+00 
 2008  6768    8  0.3153250000E+01  0.3109315640E+00 
 2008  6774    8  0.1921500000E+01  0.4007942115E+00 
 2008  6780    8  0.9156500000E+00  0.3816975570E+00 
 2008  6786    8  0.1056525000E+00  0.3554684908E+00 
 2008  6792    8  -0.1297000000E+00  0.3259544871E+00 
 2008  6798    8  -0.1735125000E+00  0.2415528277E+00 
 2008  6804    8  -0.4114100000E+00  0.2628550802E+00 
 2008  6810    8  -0.7325525000E-01  0.4320370731E+00 
 2008  6816    8  0.3720875000E+00  0.7491936039E+00 
 2008  6822    8  0.8983350000E+00  0.7402391290E+00 
 2008  6828    8  0.1118450000E+01  0.7424615663E+00 
 2008  6834    8  0.1202000000E+01  0.8211402849E+00 
 2008  6840    8  0.1207100000E+01  0.9244489386E+00 
 2008  6846    8  0.7653687500E+00  0.6368184675E+00 
 2008  6852    8  0.8898375000E+00  0.5875974322E+00 
 2008  6858    8  0.1098863750E+01  0.4855675771E+00 
 2008  6864    8  0.1807912500E+01  0.4498826276E+00 
 2008  6870    8  0.2170000000E+01  0.2663043372E+00 
 2008  6876    8  0.2695500000E+01  0.2699884257E+00 
 2008  6882    8  0.2969625000E+01  0.3663949159E+00 
 2008  6888    8  0.3330125000E+01  0.3550938036E+00 
 2008  6894    8  0.2716250000E+01  0.3777921882E+00 
 2008  6900    8  0.2358875000E+01  0.3078946401E+00 
 2008  6906    8  0.2873750000E+01  0.1620676942E+00 
 2008  6912    8  0.3233875000E+01  0.2523442279E+00 
 2008  6918    8  0.2760375000E+01  0.2994298488E+00 
 2008  6924    8  0.2234125000E+01  0.3382859137E+00 
 2008  6930    8  0.1724750000E+01  0.3824388023E+00 
 2008  6936    8  0.1867000000E+01  0.3836459957E+00 
 2008  6942    8  0.1497875000E+01  0.3464521747E+00 
 2008  6948    8  0.1289225000E+01  0.3277509792E+00 
 2008  6954    8  0.1071925000E+01  0.3476330564E+00 
 2008  6960    8  0.1669625000E+01  0.3544752944E+00 
 2008  6966    8  0.1959625000E+01  0.3656548706E+00 
 2008  6972    8  0.1784375000E+01  0.3235107948E+00 
 2008  6978    8  0.1489687500E+01  0.4447092405E+00 
 2008  6984    8  0.9819375000E+00  0.4071324629E+00 
 2008  6990    8  0.5618750000E-01  0.4440160032E+00 
 2008  6996    8  -0.4604787500E+00  0.3488365895E+00 
 2008  7002    8  -0.3283450000E+00  0.3034099688E+00 
 2008  7008    8  -0.3330000000E-01  0.3210298857E+00 
 2008  7014    8  0.3897750000E-01  0.3279812249E+00 
 2008  7020    8  0.5240500000E+00  0.2763620090E+00 
 2008  7026    8  0.9162125000E+00  0.3425492353E+00 
 2008  7032    8  0.1219825000E+01  0.3999551280E+00 
 2008  7038    8  0.5019237500E+00  0.3771919941E+00 
 2008  7044    8  -0.1616000000E+00  0.3161884090E+00 
 2008  7050    8  -0.9156625000E+00  0.3235560305E+00 
 2008  7056    8  -0.7773375000E+00  0.3597174097E+00 
 2008  7062    8  0.2949312500E+00  0.2510029294E+00 
 2008  7068    8  0.1487625000E+01  0.2804005784E+00 
 2008  7074    8  0.3346250000E+01  0.2482104702E+00 
 2008  7080    8  0.4751000000E+01  0.3360543111E+00 
 2008  7086    8  0.5087625000E+01  0.4559909367E+00 
 2008  7092    8  0.5214625000E+01  0.5012643857E+00 
 2008  7098    8  0.5419125000E+01  0.5275953557E+00 
 2008  7104    8  0.4999375000E+01  0.4911152964E+00 
 2008  7110    8  0.3554500000E+01  0.5436418858E+00 
 2008  7116    8  0.2214625000E+01  0.4494946989E+00 
 2008  7122    8  0.1061012500E+01  0.5386803005E+00 
 2008  7128    8  0.1595125000E+01  0.2874936684E+00 
 2008  7134    8  0.1917750000E+01  0.2806455727E+00 
 2008  7140    8  0.2399750000E+01  0.3115340070E+00 
 2008  7146    8  0.2925125000E+01  0.3831424140E+00 
 2008  7152    8  0.2951375000E+01  0.3211564796E+00 
 2008  7158    8  0.2511375000E+01  0.2806803954E+00 
 2008  7164    8  0.2414750000E+01  0.2356595797E+00 
 2008  7170    8  0.2666750000E+01  0.2143891030E+00 
 2008  7176    8  0.3409875000E+01  0.3052009328E+00 
 2008  7182    8  0.3887250000E+01  0.4011264607E+00 
 2008  7188    8  0.4156250000E+01  0.5274826419E+00 
 2008  7194    8  0.4599000000E+01  0.5743002264E+00 
 2008  7200    8  0.4382500000E+01  0.5648090385E+00 
 2008  7206    8  0.3249875000E+01  0.4285602167E+00 
 2008  7212    8  0.2601625000E+01  0.3211743831E+00 
 2008  7218    8  0.2684750000E+01  0.3578954980E+00 
 2008  7224    8  0.2717500000E+01  0.3492831946E+00 
 2008  7230    8  0.2157000000E+01  0.3051909238E+00 
 2008  7236    8  0.2041125000E+01  0.2536747117E+00 
 2008  7242    8  0.2233875000E+01  0.3675382421E+00 
 2008  7248    8  0.2172250000E+01  0.2849569046E+00 
 2008  7254    8  0.1720875000E+01  0.2378441914E+00 
 2008  7260    8  0.1315675000E+01  0.2297610484E+00 
 2008  7266    8  0.1120625000E+01  0.3499983491E+00 
 2008  7272    8  0.7296625000E+00  0.3524029403E+00 
 2008  7278    8  -0.5246250000E-01  0.4054229086E+00 
 2008  7284    8  -0.6735850000E+00  0.5175626272E+00 
 2008  7290    8  -0.1014933750E+01  0.7143073587E+00 
 2008  7296    8  -0.5942550000E+00  0.6108907130E+00 
 2008  7302    8  -0.2448900000E+00  0.6916795643E+00 
 2008  7308    8  -0.1134375000E+01  0.5639033467E+00 
 2008  7314    8  -0.1971500000E+01  0.3995932307E+00 
 2008  7320    8  -0.1027912500E+01  0.3560150469E+00 
 2008  7326    8  0.1692175000E+00  0.3168040430E+00 
 2008  7332    8  0.8817500000E-02  0.5270838094E+00 
 2008  7338    8  -0.6585250000E+00  0.8204235838E+00 
 2008  7344    8  -0.1611062500E+01  0.8941947732E+00 
 2008  7350    8  -0.2423750000E+01  0.8820925051E+00 
 2008  7356    8  -0.3085250000E+01  0.6398290299E+00 
 2008  7362    8  -0.2972250000E+01  0.6499747591E+00 
 2008  7368    8  -0.2485125000E+01  0.6648333320E+00 
 2008  7374    8  -0.1574975000E+01  0.5333819498E+00 
 2008  7380    8  -0.5393875000E+00  0.5236534432E+00 
 2008  7386    8  -0.5518100000E+00  0.6042340910E+00 
 2008  7392    8  -0.1598837500E+01  0.6849690539E+00 
 2008  7398    8  -0.3429125000E+01  0.8849150295E+00 
 2008  7404    8  -0.5750000000E+01  0.1067548125E+01 
 2008  7410    8  -0.6234500000E+01  0.6564099329E+00 
 2008  7416    8  -0.4283375000E+01  0.4537917853E+00 
 2008  7422    8  -0.2007125000E+01  0.4734219676E+00 
 2008  7428    8  -0.6486000000E+00  0.3370732710E+00 
 2008  7434    8  0.7760200000E+00  0.3759806003E+00 
 2008  7440    8  0.1404312500E+01  0.5044275801E+00 
 2008  7446    8  0.1552812500E+01  0.5948287452E+00 
 2008  7452    8  0.1589812500E+01  0.6654920969E+00 
 2008  7458    8  0.2126125000E+01  0.6742466977E+00 
 2008  7464    8  0.2622375000E+01  0.6181797751E+00 
 2008  7470    8  0.2593750000E+01  0.5131373476E+00 
 2008  7476    8  0.2526500000E+01  0.4130226991E+00 
 2008  7482    8  0.2638625000E+01  0.3921683113E+00 
 2008  7488    8  0.2442500000E+01  0.3769333495E+00 
 2008  7494    8  0.1566800000E+01  0.4871867814E+00 
 2008  7500    8  0.6155487500E+00  0.5087088840E+00 
 2008  7506    8  -0.5194000000E+00  0.6138251705E+00 
 2008  7512    8  -0.1452387500E+01  0.7467995722E+00 
 2008  7518    8  -0.2244875000E+01  0.6183571859E+00 
 2008  7524    8  -0.2277625000E+01  0.4234391744E+00 
 2008  7530    8  -0.1914500000E+01  0.3157071428E+00 
 2008  7536    8  -0.1786875000E+01  0.3964373965E+00 
 2008  7542    8  -0.1538212500E+01  0.4368159064E+00 
 2008  7548    8  -0.1316225000E+01  0.4080763585E+00 
 2008  7554    8  -0.8224375000E+00  0.3170528818E+00 
 2008  7560    8  -0.4235312500E+00  0.2474649701E+00 
 2008  7566    8  0.3620437500E+00  0.2465914124E+00 
 2008  7572    8  0.3146862500E+00  0.3741285906E+00 
 2008  7578    8  0.1349375000E+00  0.6397624641E+00 
 2008  7584    8  -0.8079375000E+00  0.7864580868E+00 
 2008  7590    8  -0.4571000000E+00  0.5902791014E+00 
 2008  7596    8  -0.2407500000E+00  0.7417454651E+00 
 2008  7602    8  -0.7450537500E+00  0.8967971418E+00 
 2008  7608    8  -0.5189087500E+00  0.7596452741E+00 
 2008  7614    8  -0.9227600000E+00  0.6358562017E+00 
 2008  7620    8  -0.8310875000E+00  0.3070395595E+00 
 2008  7626    8  0.5596375000E+00  0.2286951789E+00 
 2008  7632    8  0.1787500000E+01  0.2191643219E+00 
 2008  7638    8  0.3326125000E+01  0.3516647685E+00 
 2008  7644    8  0.4504125000E+01  0.3576906616E+00 
 2008  7650    8  0.5191375000E+01  0.4697107987E+00 
 2008  7656    8  0.5584125000E+01  0.4886262471E+00 
 2008  7662    8  0.5621125000E+01  0.4201265992E+00 
 2008  7668    8  0.5078500000E+01  0.3146168304E+00 
 2008  7674    8  0.4725500000E+01  0.2334764442E+00 
 2008  7680    8  0.3801250000E+01  0.3337310856E+00 
 2008  7686    8  0.2743750000E+01  0.3570363252E+00 
 2008  7692    8  0.1960250000E+01  0.2992539682E+00 
 2008  7698    8  0.1823125000E+01  0.3903009856E+00 
 2008  7704    8  0.1638625000E+01  0.3213860364E+00 
 2008  7710    8  0.1670000000E+01  0.3019188633E+00 
 2008  7716    8  0.1435325000E+01  0.2987293748E+00 
 2008  7722    8  0.1387975000E+01  0.3850275631E+00 
 2008  7728    8  0.1083937500E+01  0.3826302162E+00 
 2008  7734    8  0.6205975000E+00  0.3942652103E+00 
 2008  7740    8  0.3970275000E+00  0.4241580876E+00 
 2008  7746    8  0.3264825000E+00  0.4798516657E+00 
 2008  7752    8  0.6235250000E+00  0.3472920268E+00 
 2008  7758    8  0.7850875000E+00  0.3545333286E+00 
 2008  7764    8  0.9972625000E+00  0.3654016521E+00 
 2008  7770    8  0.1616250000E+01  0.4190410929E+00 
 2008  7776    8  0.1663000000E+01  0.4833231321E+00 
 2008  7782    8  0.1480975000E+01  0.4829357145E+00 
 2008  7788    8  0.5410937500E+00  0.4975163040E+00 
 2008  7794    8  -0.9047000000E+00  0.4922791180E+00 
 2008  7800    8  -0.2206375000E+01  0.2644413628E+00 
 2008  7806    8  -0.8575875000E+00  0.3966926217E+00 
 2008  7812    8  0.9761250000E+00  0.2952774871E+00 
 2008  7818    8  0.2473750000E+01  0.1908099513E+00 
 2008  7824    8  0.2288500000E+01  0.5613857854E+00 
 2008  7830    8  0.7329375000E+00  0.8139408853E+00 
 2008  7836    8  -0.4699225000E+00  0.6397754302E+00 
 2008  7842    8  -0.1907328750E+00  0.3591178082E+00 
 2008  7848    8  0.6617125000E+00  0.2683290398E+00 
 2008  7854    8  0.1298625000E+01  0.2862149269E+00 
 2008  7860    8  0.2191250000E+01  0.3608302059E+00 
 2008  7866    8  0.2959000000E+01  0.4828017191E+00 
 2008  7872    8  0.3066000000E+01  0.6935666875E+00 
 2008  7878    8  0.2543625000E+01  0.6454949530E+00 
 2008  7884    8  0.2306625000E+01  0.5068530205E+00 
 2008  7890    8  0.2664500000E+01  0.5408629679E+00 
 2008  7896    8  0.2456000000E+01  0.5175719757E+00 
 2008  7902    8  0.1755187500E+01  0.5576986158E+00 
 2008  7908    8  0.1707062500E+01  0.4969721092E+00 
 2008  7914    8  0.1740000000E+01  0.4770521460E+00 
 2008  7920    8  0.1611375000E+01  0.3733945425E+00 
 2008  7926    8  0.1526625000E+01  0.3138622060E+00 
 2008  7932    8  0.1505125000E+01  0.3293567357E+00 
 2008  7938    8  0.2059125000E+01  0.4441991213E+00 
 2008  7944    8  0.2486750000E+01  0.5815682999E+00 
 2008  7950    8  0.2421125000E+01  0.6535197850E+00 
 2008  7956    8  0.1310712500E+01  0.5570358773E+00 
 2008  7962    8  0.9204750000E+00  0.5542371305E+00 
 2008  7968    8  0.7461625000E+00  0.4546744081E+00 
 2008  7974    8  0.1027075000E+01  0.3822005584E+00 
 2008  7980    8  0.1935750000E+01  0.3825629850E+00 
 2008  7986    8  0.2825250000E+01  0.4027905008E+00 
 2008  7992    8  0.3512875000E+01  0.4281934252E+00 
 2008  7998    8  0.3547500000E+01  0.3634343132E+00 
 2008  8004    8  0.3519875000E+01  0.3000301808E+00 
 2008  8010    8  0.3642750000E+01  0.2697905438E+00 
 2008  8016    8  0.3724375000E+01  0.2799937220E+00 
 2008  8022    8  0.3779625000E+01  0.2591259045E+00 
 2008  8028    8  0.3917500000E+01  0.2133852150E+00 
 2008  8034    8  0.4318125000E+01  0.2796893087E+00 
 2008  8040    8  0.3870000000E+01  0.4099926829E+00 
 2008  8046    8  0.3276875000E+01  0.5154084394E+00 
 2008  8052    8  0.2141500000E+01  0.4367934294E+00 
 2008  8058    8  0.1408587500E+01  0.4219835614E+00 
 2008  8064    8  0.1951562500E+00  0.5863126489E+00 
 2008  8070    8  -0.6804162500E+00  0.5998566607E+00 
 2008  8076    8  -0.1741250000E+01  0.5884207147E+00 
 2008  8082    8  -0.1649875000E+01  0.3366323802E+00 
 2008  8088    8  0.5186375000E-01  0.2259286738E+00 
 2008  8094    8  0.1382375000E+01  0.3460653614E+00 
 2008  8100    8  0.2081750000E+01  0.3841964829E+00 
 2008  8106    8  0.2290125000E+01  0.4333703490E+00 
 2008  8112    8  0.2592000000E+01  0.5053558152E+00 
 2008  8118    8  0.2436250000E+01  0.5887450106E+00 
 2008  8124    8  0.2724875000E+01  0.6111725283E+00 
 2008  8130    8  0.3839750000E+01  0.7331007349E+00 
 2008  8136    8  0.4662250000E+01  0.7994020812E+00 
 2008  8142    8  0.4308125000E+01  0.7372815672E+00 
 2008  8148    8  0.4169125000E+01  0.6223460528E+00 
 2008  8154    8  0.3536125000E+01  0.5288923420E+00 
 2008  8160    8  0.3157750000E+01  0.3895429213E+00 
 2008  8166    8  0.2507250000E+01  0.4217679309E+00 
 2008  8172    8  0.2312875000E+01  0.3622994057E+00 
 2008  8178    8  0.2184000000E+01  0.2914549708E+00 
 2008  8184    8  0.1735250000E+01  0.2757266536E+00 
 2008  8190    8  0.1243987500E+01  0.3733256368E+00 
 2008  8196    8  0.7366375000E+00  0.3039443820E+00 
 2008  8202    8  0.4792662500E+00  0.2964355288E+00 
 2008  8208    8  -0.3311250000E+00  0.3106858291E+00 
 2008  8214    8  -0.1002875000E+01  0.2508295624E+00 
 2008  8220    8  -0.1061825000E+01  0.2096071668E+00 
 2008  8226    8  -0.2083475000E+00  0.3068822590E+00 
 2008  8232    8  0.1028225000E+01  0.3399836237E+00 
 2008  8238    8  0.1726250000E+01  0.3497105053E+00 
 2008  8244    8  0.2626750000E+01  0.3419644536E+00 
 2008  8250    8  0.3189750000E+01  0.3852011650E+00 
 2008  8256    8  0.3216375000E+01  0.3521430595E+00 
 2008  8262    8  0.3237500000E+01  0.4230803706E+00 
 2008  8268    8  0.3360500000E+01  0.3296020328E+00 
 2008  8274    8  0.4137500000E+01  0.3801486551E+00 
 2008  8280    8  0.4157375000E+01  0.2463285091E+00 
 2008  8286    8  0.3842375000E+01  0.2940794695E+00 
 2008  8292    8  0.3694500000E+01  0.3577230074E+00 
 2008  8298    8  0.4037625000E+01  0.4547336961E+00 
 2008  8304    8  0.4028750000E+01  0.4889104596E+00 
 2008  8310    8  0.3315625000E+01  0.5050643369E+00 
 2008  8316    8  0.2474750000E+01  0.3531542687E+00 
 2008  8322    8  0.5435687500E+00  0.4276665048E+00 
 2008  8328    8  -0.3154750000E+01  0.8722082249E+00 
 2008  8334    8  -0.6972750000E+01  0.1251807169E+01 
 2008  8340    8  -0.7957375000E+01  0.9357328595E+00 
 2008  8346    8  -0.7554625000E+01  0.8835744079E+00 
 2008  8352    8  -0.7160250000E+01  0.7499822915E+00 
 2008  8358    8  -0.6102125000E+01  0.7173941451E+00 
 2008  8364    8  -0.4968375000E+01  0.8056559342E+00 
 2008  8370    8  -0.3084375000E+01  0.8856236415E+00 
 2008  8376    8  -0.2447400000E+01  0.1009370556E+01 
 2008  8382    8  -0.1812350000E+01  0.1016029938E+01 
 2008  8388    8  -0.1930175000E+01  0.9622582836E+00 
 2008  8394    8  -0.1669287500E+01  0.9472105104E+00 
 2008  8400    8  -0.1483362500E+01  0.9343179062E+00 
 2008  8406    8  -0.5703962500E+00  0.8230213604E+00 
 2008  8412    8  -0.1187500000E-02  0.8369010193E+00 
 2008  8418    8  0.7353250000E+00  0.7764272193E+00 
 2008  8424    8  0.1484737500E+01  0.8182366756E+00 
 2008  8430    8  0.1774162500E+01  0.8359680376E+00 
 2008  8436    8  0.3183475000E+00  0.5829148791E+00 
 2008  8442    8  -0.5169000000E+00  0.5062238882E+00 
 2008  8448    8  -0.1548850000E+01  0.7837013175E+00 
 2008  8454    8  -0.3166625000E+01  0.1037712983E+01 
 2008  8460    8  -0.4340125000E+01  0.9812984303E+00 
 2008  8466    8  -0.4774875000E+01  0.8633002718E+00 
 2008  8472    8  -0.5292625000E+01  0.8428509562E+00 
 2008  8478    8  -0.4801625000E+01  0.6759489510E+00 
 2008  8484    8  -0.3725875000E+01  0.5754066904E+00 
 2008  8490    8  -0.2094750000E+01  0.5166845629E+00 
 2008  8496    8  -0.9135387500E+00  0.5936079677E+00 
 2008  8502    8  0.4309175000E+00  0.5962361261E+00 
 2008  8508    8  0.1061937500E+01  0.6507753394E+00 
 2008  8514    8  0.2106562500E+01  0.8049766083E+00 
 2008  8520    8  0.3300000000E+01  0.9605287606E+00 
 2008  8526    8  0.3226875000E+01  0.1051162742E+01 
 2008  8532    8  0.1616775000E+01  0.1061270296E+01 
 2008  8538    8  0.8910750000E-01  0.8914713520E+00 
 2008  8544    8  -0.1324912500E+01  0.9514434185E+00 
 2008  8550    8  -0.3120000000E+01  0.8862832504E+00 
 2008  8556    8  -0.4311875000E+01  0.6828869668E+00 
 2008  8562    8  -0.3906875000E+01  0.7125535835E+00 
 2008  8568    8  -0.3751500000E+01  0.8100791628E+00 
 2008  8574    8  -0.3144875000E+01  0.7323087528E+00 
 2008  8580    8  -0.2046725000E+01  0.6531383692E+00 
 2008  8586    8  -0.8894237500E+00  0.6601722987E+00 
 2008  8592    8  -0.4261700000E+00  0.7206346778E+00 
 2008  8598    8  -0.1623000000E+00  0.7980021601E+00 
 2008  8604    8  -0.5180250000E+00  0.7220288459E+00 
 2008  8610    8  -0.1241812500E+01  0.7944463991E+00 
 2008  8616    8  -0.3045875000E+01  0.1053987006E+01 
 2008  8622    8  -0.5007875000E+01  0.1138300645E+01 
 2008  8628    8  -0.7093000000E+01  0.9847412097E+00 
 2008  8634    8  -0.6773750000E+01  0.6509938076E+00 
 2008  8640    8  -0.5501500000E+01  0.6652811436E+00 
 2008  8646    8  -0.4122000000E+01  0.5957558225E+00 
 2008  8652    8  -0.2596875000E+01  0.4074467565E+00 
 2008  8658    8  -0.6982312500E+00  0.4658459690E+00 
 2008  8664    8  0.7928875000E+00  0.5238137657E+00 
 2008  8670    8  0.1232900000E+01  0.5648339291E+00 
 2008  8676    8  0.2423750000E+00  0.7314326229E+00 
 2008  8682    8  -0.1035617325E+01  0.8932961916E+00 
 2008  8688    8  -0.1631400000E+01  0.8700769377E+00 
 2008  8694    8  -0.1252750000E+01  0.7210090637E+00 
 2008  8700    8  -0.1446150000E+01  0.8166822929E+00 
 2008  8706    8  -0.2588625000E+01  0.8964446354E+00 
 2008  8712    8  -0.1865125000E+01  0.5163597190E+00 
 2008  8718    8  0.1193562500E+00  0.4105582173E+00 
 2008  8724    8  -0.2178412500E+00  0.6433175617E+00 
 2008  8730    8  -0.1877475000E+01  0.6995544149E+00 
 2008  8736    8  -0.4639125000E+01  0.5715256857E+00 
 2008  8742    8  -0.9153125000E+00  0.3410704635E+00 
 2008  8748    8  0.1505812500E+01  0.3013390882E+00 
 2008  8754    8  0.2454375000E+01  0.3195379232E+00 
 2008  8760    8  0.2351875000E+01  0.5027167288E+00 
 2008  8766    8  0.1360025000E+01  0.7020237990E+00 
 2008  8772    8  -0.4247375000E+00  0.6742446309E+00 
 2008  8778    8  -0.2142250000E+01  0.7568552950E+00 
 2008  8784    8  -0.1166362500E+01  0.4727915554E+00 
