 2008  0006    4  -0.3434250000E+00  0.1093515518E+00 
 2008  0012    4  -0.2399150000E+00  0.1012512848E+00 
 2008  0018    4  -0.7159250000E+00  0.9373796923E-01 
 2008  0024    4  -0.7712250000E+00  0.1059550465E+00 
 2008  0030    4  -0.4387250000E+00  0.5367314855E-01 
 2008  0036    4  -0.2993450000E+00  0.1371417554E+00 
 2008  0042    4  -0.4481250000E+00  0.1020720181E+00 
 2008  0048    4  -0.3483750000E+00  0.1738634432E+00 
 2008  0054    4  -0.1816025000E+00  0.1556290992E+00 
 2008  0060    4  -0.3614200000E+00  0.1859358120E+00 
 2008  0066    4  -0.6999750000E+00  0.1351781302E+00 
 2008  0072    4  -0.6613750000E+00  0.1469873358E+00 
 2008  0078    4  -0.4549250000E+00  0.2028007196E+00 
 2008  0084    4  -0.2738125000E+00  0.1973407091E+00 
 2008  0090    4  -0.8754250000E+00  0.2294337418E+00 
 2008  0096    4  -0.3388650000E+00  0.1903459684E+00 
 2008  0102    4  -0.4444500000E+00  0.2086624846E+00 
 2008  0108    4  -0.3541750000E+00  0.1089507544E+00 
 2008  0114    4  -0.6728750000E+00  0.1663431299E+00 
 2008  0120    4  -0.5466000000E+00  0.1750091855E+00 
 2008  0126    4  -0.2444675000E+00  0.1778364520E+00 
 2008  0132    4  -0.4948500000E+00  0.1163395999E+00 
 2008  0138    4  -0.6959750000E+00  0.2193436958E+00 
 2008  0144    4  -0.3772500000E+00  0.1187821641E+00 
 2008  0150    4  -0.2363525000E+00  0.1518487447E+00 
 2008  0156    4  -0.9018975000E-01  0.5391234070E-01 
 2008  0162    4  -0.7600250000E+00  0.1178390932E+00 
 2008  0168    4  -0.8020250000E+00  0.1803421938E+00 
 2008  0174    4  -0.8403000000E+00  0.1422767901E+00 
 2008  0180    4  -0.7195000000E+00  0.1386377654E+00 
 2008  0186    4  -0.7052500000E+00  0.1184175768E+00 
 2008  0192    4  -0.5728250000E+00  0.1524797753E+00 
 2008  0198    4  -0.4659250000E+00  0.1932278885E+00 
 2008  0204    4  -0.4639500000E+00  0.1200537484E+00 
 2008  0210    4  -0.2750650000E+00  0.1168147836E+00 
 2008  0216    4  -0.6363250000E+00  0.6474574793E-01 
 2008  0222    4  -0.8287500000E+00  0.1509419342E+00 
 2008  0228    4  -0.3070500000E+00  0.8722512539E-01 
 2008  0234    4  -0.7795000000E+00  0.1080773566E+00 
 2008  0240    4  -0.6509500000E+00  0.6243814940E-01 
 2008  0246    4  -0.2816425000E+00  0.1565186248E+00 
 2008  0252    4  -0.3060050000E+00  0.1205739900E+00 
 2008  0258    4  -0.5293750000E+00  0.1509805182E+00 
 2008  0264    4  -0.8062000000E+00  0.1193319530E+00 
 2008  0270    4  -0.2838000000E+00  0.9048405937E-01 
 2008  0276    4  -0.3131750000E+00  0.7188652082E-01 
 2008  0282    4  -0.2908750000E+00  0.9721366609E-01 
 2008  0288    4  -0.4379250000E+00  0.1140211905E+00 
 2008  0294    4  -0.1814400000E+00  0.1118886446E+00 
 2008  0300    4  0.1089800000E+00  0.4903614126E-01 
 2008  0306    4  0.8289250000E-02  0.6256678146E-01 
 2008  0312    4  -0.2661750000E+00  0.9113106976E-01 
 2008  0318    4  0.1955050000E+00  0.8559002906E-01 
 2008  0324    4  0.2409500000E+00  0.7557186977E-01 
 2008  0330    4  0.4502250000E-02  0.7078994403E-01 
 2008  0336    4  -0.6408750000E+00  0.8038259684E-01 
 2008  0342    4  -0.5263500000E-01  0.6409402566E-01 
 2008  0348    4  -0.1565850000E+00  0.7894984911E-01 
 2008  0354    4  -0.3913750000E+00  0.7667125847E-01 
 2008  0360    4  -0.5335250000E+00  0.8234586738E-01 
 2008  0366    4  -0.1367275000E+00  0.7674002716E-01 
 2008  0372    4  0.3380750000E-01  0.1012185083E+00 
 2008  0378    4  -0.5341500000E+00  0.9860964709E-01 
 2008  0384    4  -0.5745500000E+00  0.8241318159E-01 
 2008  0390    4  0.1563000000E+00  0.1350783291E+00 
 2008  0396    4  0.2244500000E+00  0.8320488267E-01 
 2008  0402    4  -0.2300075000E+00  0.9969984538E-01 
 2008  0408    4  -0.2778750000E+00  0.9549980039E-01 
 2008  0414    4  -0.2177575000E+00  0.1227551401E+00 
 2008  0420    4  -0.7130755000E-01  0.8055219180E-01 
 2008  0426    4  -0.4633000000E+00  0.8084995362E-01 
 2008  0432    4  -0.6866500000E+00  0.1167431690E+00 
 2008  0438    4  -0.6847500000E+00  0.9223699095E-01 
 2008  0444    4  -0.5681250000E+00  0.7732235689E-01 
 2008  0450    4  -0.8933500000E+00  0.1071322897E+00 
 2008  0456    4  -0.7901250000E+00  0.1303848031E+00 
 2008  0462    4  -0.8606000000E-01  0.7614020390E-01 
 2008  0468    4  -0.4278250000E+00  0.6554721104E-01 
 2008  0474    4  -0.9270250000E+00  0.8622970413E-01 
 2008  0480    4  -0.9517500000E+00  0.1124596928E+00 
 2008  0486    4  -0.8005750000E+00  0.7119067267E-01 
 2008  0492    4  -0.7351000000E+00  0.4939924088E-01 
 2008  0498    4  -0.7338500000E+00  0.7146109081E-01 
 2008  0504    4  -0.9763500000E+00  0.1036317881E+00 
 2008  0510    4  -0.3762750000E+00  0.1202993636E+00 
 2008  0516    4  -0.6508250000E+00  0.6205136481E-01 
 2008  0522    4  -0.1220500000E+01  0.8005154589E-01 
 2008  0528    4  -0.8940750000E+00  0.9764648931E-01 
 2008  0534    4  -0.1004775000E+01  0.7760226720E-01 
 2008  0540    4  -0.7657000000E+00  0.1044787538E+00 
 2008  0546    4  -0.8619000000E+00  0.1117844801E+00 
 2008  0552    4  -0.1320750000E+01  0.6726208070E-01 
 2008  0558    4  -0.6460750000E+00  0.1327280749E+00 
 2008  0564    4  -0.6040000000E+00  0.1187098774E+00 
 2008  0570    4  -0.1010425000E+01  0.1452988020E+00 
 2008  0576    4  -0.1083375000E+01  0.1420296514E+00 
 2008  0582    4  -0.6270000000E+00  0.1401788144E+00 
 2008  0588    4  -0.6104500000E+00  0.7615006566E-01 
 2008  0594    4  -0.9622750000E+00  0.1957367029E+00 
 2008  0600    4  -0.1062350000E+01  0.1082052101E+00 
 2008  0606    4  -0.7452500000E+00  0.1161940080E+00 
 2008  0612    4  -0.8678750000E+00  0.1223100849E+00 
 2008  0618    4  -0.1179275000E+01  0.1536221887E+00 
 2008  0624    4  -0.1156450000E+01  0.1492990539E+00 
 2008  0630    4  -0.8415250000E+00  0.9108409233E-01 
 2008  0636    4  -0.1002950000E+01  0.1058427253E+00 
 2008  0642    4  -0.1394250000E+01  0.1520269302E+00 
 2008  0648    4  -0.1216850000E+01  0.1431382810E+00 
 2008  0654    4  -0.1273500000E+01  0.1413391312E+00 
 2008  0660    4  -0.1025650000E+01  0.1369955018E+00 
 2008  0666    4  -0.1093475000E+01  0.1750976210E+00 
 2008  0672    4  -0.9436250000E+00  0.1961989854E+00 
 2008  0678    4  -0.5914250000E+00  0.1799438298E+00 
 2008  0684    4  -0.3114125000E+00  0.1758451889E+00 
 2008  0690    4  -0.4549500000E+00  0.1714255888E+00 
 2008  0696    4  -0.9639500000E+00  0.1708297618E+00 
 2008  0702    4  -0.7375750000E+00  0.1195269086E+00 
 2008  0708    4  -0.5648500000E+00  0.1495006104E+00 
 2008  0714    4  -0.8794500000E+00  0.1916539133E+00 
 2008  0720    4  -0.1005400000E+01  0.1220031967E+00 
 2008  0726    4  -0.4076000000E+00  0.9843647698E-01 
 2008  0732    4  -0.3503750000E+00  0.1213012031E+00 
 2008  0738    4  -0.7205250000E+00  0.1251346750E+00 
 2008  0744    4  -0.7491500000E+00  0.1171388599E+00 
 2008  0750    4  -0.3779250000E+00  0.1373554763E+00 
 2008  0756    4  -0.8630000000E+00  0.6857678179E-01 
 2008  0762    4  -0.1031725000E+01  0.8357288361E-01 
 2008  0768    4  -0.1030325000E+01  0.9446193347E-01 
 2008  0774    4  -0.9165750000E+00  0.1072038566E+00 
 2008  0780    4  -0.8277750000E+00  0.9040982731E-01 
 2008  0786    4  -0.1101000000E+01  0.9958162481E-01 
 2008  0792    4  -0.1002100000E+01  0.8162468989E-01 
 2008  0798    4  -0.7138500000E+00  0.9453455717E-01 
 2008  0804    4  -0.2472750000E+00  0.8177983783E-01 
 2008  0810    4  -0.4808500000E+00  0.1125656808E+00 
 2008  0816    4  -0.5670000000E+00  0.8952131031E-01 
 2008  0822    4  -0.2778250000E+00  0.7848351340E-01 
 2008  0828    4  -0.1446875000E+00  0.6505490350E-01 
 2008  0834    4  -0.4570500000E+00  0.1897697355E+00 
 2008  0840    4  -0.2548800000E+00  0.1133120876E+00 
 2008  0846    4  -0.8566250000E-01  0.9645743527E-01 
 2008  0852    4  0.1293250000E+00  0.6781970123E-01 
 2008  0858    4  -0.5430750000E-01  0.1071488972E+00 
 2008  0864    4  -0.2668750000E+00  0.9523776496E-01 
 2008  0870    4  0.2888500000E+00  0.8411187490E-01 
 2008  0876    4  0.3244250000E+00  0.1066221453E+00 
 2008  0882    4  -0.4394250000E+00  0.9017647628E-01 
 2008  0888    4  -0.4758500000E+00  0.1635365632E+00 
 2008  0894    4  -0.1968025000E+00  0.9068629455E-01 
 2008  0900    4  -0.2946750000E+00  0.1023430109E+00 
 2008  0906    4  -0.5548250000E+00  0.1136975676E+00 
 2008  0912    4  -0.8847250000E+00  0.1174641302E+00 
 2008  0918    4  -0.3190075000E+00  0.1309471369E+00 
 2008  0924    4  0.3140000000E-02  0.7121403373E-01 
 2008  0930    4  -0.6008000000E+00  0.1421344786E+00 
 2008  0936    4  -0.5782250000E+00  0.1646661832E+00 
 2008  0942    4  -0.1607000000E-01  0.1031579728E+00 
 2008  0948    4  0.1012700000E+00  0.7828253126E-01 
 2008  0954    4  -0.4228500000E+00  0.1158172159E+00 
 2008  0960    4  -0.4626000000E+00  0.9763598210E-01 
 2008  0966    4  0.8395500000E-02  0.6723288273E-01 
 2008  0972    4  0.3500750000E+00  0.5973785965E-01 
 2008  0978    4  0.1291150000E+00  0.7433839301E-01 
 2008  0984    4  -0.4800750000E-01  0.1295213086E+00 
 2008  0990    4  0.2184725000E+00  0.9542927365E-01 
 2008  0996    4  0.1782550000E+00  0.7905118010E-01 
 2008  1002    4  -0.1443175000E+00  0.1118052656E+00 
 2008  1008    4  -0.9979500000E-01  0.1237046653E+00 
 2008  1014    4  0.3533500000E+00  0.5453744127E-01 
 2008  1020    4  0.4554500000E+00  0.8770363447E-01 
 2008  1026    4  0.1737175000E+00  0.1527286110E+00 
 2008  1032    4  -0.3068500000E-01  0.8998281878E-01 
 2008  1038    4  -0.9467250000E-01  0.1262434623E+00 
 2008  1044    4  0.6315500000E-01  0.9198960634E-01 
 2008  1050    4  0.1584675000E+00  0.1190323934E+00 
 2008  1056    4  -0.3052500000E+00  0.1033572808E+00 
 2008  1062    4  -0.1582000000E+00  0.1030986663E+00 
 2008  1068    4  -0.5520000000E-02  0.7899835030E-01 
 2008  1074    4  -0.5601500000E-01  0.6224625390E-01 
 2008  1080    4  -0.4247000000E+00  0.6430349913E-01 
 2008  1086    4  0.3227250000E-02  0.7522723345E-01 
 2008  1092    4  -0.2896250000E+00  0.9368757588E-01 
 2008  1098    4  -0.7550500000E+00  0.4497168554E-01 
 2008  1104    4  -0.9471000000E+00  0.5770905475E-01 
 2008  1110    4  -0.2464375000E+00  0.1000820999E+00 
 2008  1116    4  0.2133000000E-01  0.6897450181E-01 
 2008  1122    4  -0.4703000000E+00  0.7431705726E-01 
 2008  1128    4  -0.6981250000E+00  0.8472226316E-01 
 2008  1134    4  -0.5083000000E+00  0.1161201533E+00 
 2008  1140    4  -0.3306250000E+00  0.9057892622E-01 
 2008  1146    4  -0.5665500000E+00  0.7358805949E-01 
 2008  1152    4  -0.7494250000E+00  0.1217613521E+00 
 2008  1158    4  -0.4923500000E+00  0.6725126393E-01 
 2008  1164    4  -0.2926250000E+00  0.7936599949E-01 
 2008  1170    4  -0.6062250000E+00  0.1293471371E+00 
 2008  1176    4  -0.1014725000E+01  0.4615113081E-01 
 2008  1182    4  -0.6461250000E+00  0.7029290060E-01 
 2008  1188    4  -0.5033500000E+00  0.8532890776E-01 
 2008  1194    4  -0.7813250000E+00  0.1612762905E+00 
 2008  1200    4  -0.5633000000E+00  0.4610829643E-01 
 2008  1206    4  -0.1598250000E+00  0.5206248049E-01 
 2008  1212    4  0.1723500000E-01  0.9160526800E-01 
 2008  1218    4  0.6994000000E-01  0.8916735025E-01 
 2008  1224    4  0.2223750000E+00  0.1087989976E+00 
 2008  1230    4  0.3167500000E+00  0.8340067446E-01 
 2008  1236    4  0.3135000000E+00  0.5649853980E-01 
 2008  1242    4  -0.1953925000E+00  0.9695154547E-01 
 2008  1248    4  -0.7623750000E+00  0.1195570235E+00 
 2008  1254    4  -0.6260250000E+00  0.8663089446E-01 
 2008  1260    4  -0.4398250000E+00  0.7138737196E-01 
 2008  1266    4  -0.7942750000E+00  0.9074917011E-01 
 2008  1272    4  -0.7352750000E+00  0.5892204066E-01 
 2008  1278    4  -0.4619750000E+00  0.8435945042E-01 
 2008  1284    4  -0.1791425000E+00  0.6351585171E-01 
 2008  1290    4  -0.5586750000E+00  0.9311501960E-01 
 2008  1296    4  -0.9022750000E+00  0.6183006449E-01 
 2008  1302    4  -0.4129250000E+00  0.1123742937E+00 
 2008  1308    4  -0.2611250000E+00  0.9152344986E-01 
 2008  1314    4  0.1871000000E+00  0.7718487546E-01 
 2008  1320    4  -0.2428525000E+00  0.1115822198E+00 
 2008  1326    4  0.1831425000E+00  0.1222773013E+00 
 2008  1332    4  0.2551500000E+00  0.5451240684E-01 
 2008  1338    4  -0.3838750000E+00  0.7860913989E-01 
 2008  1344    4  -0.3545750000E+00  0.1266443914E+00 
 2008  1350    4  0.2373750000E+00  0.5906853541E-01 
 2008  1356    4  0.1367800000E+00  0.7823905802E-01 
 2008  1362    4  0.4981500000E-01  0.1159548948E+00 
 2008  1368    4  0.4316250000E-01  0.1178121132E+00 
 2008  1374    4  0.3344250000E+00  0.5696728776E-01 
 2008  1380    4  0.3822750000E+00  0.5927163634E-01 
 2008  1386    4  -0.9651050000E-01  0.8532591043E-01 
 2008  1392    4  -0.1714500000E+00  0.5312464118E-01 
 2008  1398    4  -0.3460000000E-01  0.1108444631E+00 
 2008  1404    4  0.2523600000E-01  0.5845713513E-01 
 2008  1410    4  -0.4382500000E+00  0.1064656165E+00 
 2008  1416    4  -0.7520750000E+00  0.1030460425E+00 
 2008  1422    4  0.7217425000E-01  0.5582038054E-01 
 2008  1428    4  0.5467500000E+00  0.8206465439E-01 
 2008  1434    4  -0.6592500000E-02  0.1040805163E+00 
 2008  1440    4  -0.1899500000E+00  0.1072846331E+00 
 2008  1446    4  -0.7348200000E-01  0.7439630799E-01 
 2008  1452    4  0.1528125000E+00  0.8150925082E-01 
 2008  1458    4  -0.2776000000E+00  0.8216808991E-01 
 2008  1464    4  -0.7054000000E+00  0.1118880020E+00 
 2008  1470    4  -0.1063852500E+00  0.6850919502E-01 
 2008  1476    4  0.5450500000E-01  0.8339178991E-01 
 2008  1482    4  -0.2976750000E+00  0.6565589749E-01 
 2008  1488    4  -0.4914000000E+00  0.8378072571E-01 
 2008  1494    4  -0.1416175000E+00  0.9146146685E-01 
 2008  1500    4  -0.1360032500E+00  0.7517385504E-01 
 2008  1506    4  -0.2322975000E+00  0.1297161228E+00 
 2008  1512    4  -0.2320800000E+00  0.1647961777E+00 
 2008  1518    4  -0.1888500000E+00  0.5561539805E-01 
 2008  1524    4  -0.1332450000E+00  0.6103385393E-01 
 2008  1530    4  -0.1624825000E+00  0.5985516201E-01 
 2008  1536    4  -0.6214675000E-01  0.1404026634E+00 
 2008  1542    4  -0.2162250000E+00  0.7719217496E-01 
 2008  1548    4  -0.2915250000E+00  0.1203093798E+00 
 2008  1554    4  -0.3442500000E+00  0.1220927209E+00 
 2008  1560    4  -0.7591750000E+00  0.7717944594E-01 
 2008  1566    4  -0.3306250000E+00  0.7481618725E-01 
 2008  1572    4  -0.4580500000E+00  0.8842472788E-01 
 2008  1578    4  -0.9476000000E+00  0.1179626424E+00 
 2008  1584    4  -0.8765250000E+00  0.1063981996E+00 
 2008  1590    4  -0.3818750000E+00  0.4992686526E-01 
 2008  1596    4  -0.1808500000E+00  0.5251411715E-01 
 2008  1602    4  -0.2894250000E+00  0.5153486077E-01 
 2008  1608    4  -0.6609000000E+00  0.7961033224E-01 
 2008  1614    4  -0.1986500000E+00  0.5940793297E-01 
 2008  1620    4  -0.4187000000E+00  0.5386357768E-01 
 2008  1626    4  -0.8316500000E+00  0.9077713093E-01 
 2008  1632    4  -0.9468750000E+00  0.9836506938E-01 
 2008  1638    4  -0.5773500000E+00  0.6115703148E-01 
 2008  1644    4  -0.3160500000E+00  0.7844799233E-01 
 2008  1650    4  -0.3764500000E+00  0.1059202648E+00 
 2008  1656    4  -0.6428750000E+00  0.6836488042E-01 
 2008  1662    4  -0.2235000000E+00  0.6568245580E-01 
 2008  1668    4  -0.1504000000E-01  0.1216711373E+00 
 2008  1674    4  -0.8140000000E+00  0.5133609841E-01 
 2008  1680    4  -0.8893750000E+00  0.9225140582E-01 
 2008  1686    4  -0.1819025000E+00  0.8004002760E-01 
 2008  1692    4  -0.2387500000E+00  0.6395113369E-01 
 2008  1698    4  -0.9058750000E+00  0.1351426538E+00 
 2008  1704    4  -0.8017750000E+00  0.1256331241E+00 
 2008  1710    4  -0.5798250000E+00  0.6003034129E-01 
 2008  1716    4  -0.2469750000E+00  0.1288883504E+00 
 2008  1722    4  -0.3985500000E+00  0.1411047926E+00 
 2008  1728    4  -0.6753500000E+00  0.1347853942E+00 
 2008  1734    4  -0.1156525000E+00  0.1227213949E+00 
 2008  1740    4  -0.5453750000E+00  0.1179465636E+00 
 2008  1746    4  -0.7902500000E+00  0.1288776649E+00 
 2008  1752    4  -0.9749250000E+00  0.1401357088E+00 
 2008  1758    4  -0.5979500000E+00  0.1158638101E+00 
 2008  1764    4  -0.2873250000E+00  0.4315827702E-01 
 2008  1770    4  -0.6438750000E+00  0.1314352764E+00 
 2008  1776    4  -0.9138750000E+00  0.7654539095E-01 
 2008  1782    4  -0.3997500000E+00  0.1041725132E+00 
 2008  1788    4  -0.1578300000E+00  0.6988938188E-01 
 2008  1794    4  -0.3704500000E+00  0.1346792579E+00 
 2008  1800    4  -0.9043500000E+00  0.1130609902E+00 
 2008  1806    4  -0.4914500000E+00  0.8950755555E-01 
 2008  1812    4  -0.5383000000E+00  0.9416849261E-01 
 2008  1818    4  -0.1078900000E+01  0.1907090192E+00 
 2008  1824    4  -0.1007875000E+01  0.1422121545E+00 
 2008  1830    4  -0.4095500000E+00  0.7646209845E-01 
 2008  1836    4  0.1264675000E+00  0.7654860462E-01 
 2008  1842    4  -0.4644750000E+00  0.2045871743E+00 
 2008  1848    4  -0.3348250000E+00  0.7145597858E-01 
 2008  1854    4  -0.7976500000E-01  0.8222199630E-01 
 2008  1860    4  0.3176750000E+00  0.6807772672E-01 
 2008  1866    4  0.3012750000E+00  0.8540472396E-01 
 2008  1872    4  0.2522750000E+00  0.6642173496E-01 
 2008  1878    4  0.4131000000E+00  0.6095108695E-01 
 2008  1884    4  0.2382250000E+00  0.5578881496E-01 
 2008  1890    4  -0.2288150000E+00  0.8538130167E-01 
 2008  1896    4  -0.4010500000E+00  0.5110765598E-01 
 2008  1902    4  0.3093750000E+00  0.9738838162E-01 
 2008  1908    4  0.2144000000E-01  0.5364648870E-01 
 2008  1914    4  0.2121675000E-01  0.9379693485E-01 
 2008  1920    4  0.1932500000E-02  0.9527825811E-01 
 2008  1926    4  0.3197000000E+00  0.7366831069E-01 
 2008  1932    4  0.2823500000E+00  0.7629867299E-01 
 2008  1938    4  -0.3954750000E+00  0.1017357945E+00 
 2008  1944    4  -0.3935750000E+00  0.1280705152E+00 
 2008  1950    4  0.1987000000E+00  0.8592278510E-01 
 2008  1956    4  0.2052450000E+00  0.1245119154E+00 
 2008  1962    4  -0.4665500000E-01  0.1335762033E+00 
 2008  1968    4  0.9665500000E-01  0.1153902165E+00 
 2008  1974    4  0.2006500000E+00  0.6642185258E-01 
 2008  1980    4  0.4041500000E+00  0.8272622015E-01 
 2008  1986    4  -0.2657750000E-01  0.1038875730E+00 
 2008  1992    4  0.2258225000E-01  0.1208347340E+00 
 2008  1998    4  0.2949250000E+00  0.8181373280E-01 
 2008  2004    4  0.2785250000E+00  0.8410230006E-01 
 2008  2010    4  -0.1354422500E+00  0.9555967981E-01 
 2008  2016    4  -0.5089000000E+00  0.1079846054E+00 
 2008  2022    4  -0.2756000000E+00  0.1098056237E+00 
 2008  2028    4  -0.9749650000E-01  0.8735254322E-01 
 2008  2034    4  -0.2893750000E+00  0.7173508120E-01 
 2008  2040    4  -0.4697250000E+00  0.8570604923E-01 
 2008  2046    4  -0.2354600000E+00  0.1006211499E+00 
 2008  2052    4  -0.1246275000E+00  0.7431434430E-01 
 2008  2058    4  -0.2412500000E+00  0.6415892378E-01 
 2008  2064    4  -0.4811000000E+00  0.9489702314E-01 
 2008  2070    4  -0.8295750000E-01  0.1021822358E+00 
 2008  2076    4  0.6951000000E-01  0.8114174789E-01 
 2008  2082    4  0.7324600000E-01  0.9853782897E-01 
 2008  2088    4  -0.1770440000E-01  0.9448238706E-01 
 2008  2094    4  0.1520075000E+00  0.6346107995E-01 
 2008  2100    4  0.1351650000E+00  0.7406635319E-01 
 2008  2106    4  -0.1123775000E+00  0.8708430122E-01 
 2008  2112    4  -0.4248500000E+00  0.1241731352E+00 
 2008  2118    4  -0.3858250000E+00  0.8583307565E-01 
 2008  2124    4  -0.2177750000E+00  0.8870691560E-01 
 2008  2130    4  -0.4681000000E+00  0.9633734997E-01 
 2008  2136    4  -0.5042750000E+00  0.1010305740E+00 
 2008  2142    4  -0.2721750000E+00  0.1008547811E+00 
 2008  2148    4  -0.2054500000E+00  0.1113907649E+00 
 2008  2154    4  -0.3193500000E+00  0.1009485636E+00 
 2008  2160    4  -0.5125750000E+00  0.1100389789E+00 
 2008  2166    4  -0.2980750000E+00  0.1381997535E+00 
 2008  2172    4  -0.2727000000E+00  0.1222810901E+00 
 2008  2178    4  -0.6859000000E+00  0.1323043461E+00 
 2008  2184    4  -0.8838000000E+00  0.6261138075E-01 
 2008  2190    4  -0.6448000000E+00  0.8421784253E-01 
 2008  2196    4  -0.2562000000E+00  0.9773888684E-01 
 2008  2202    4  -0.7334750000E+00  0.8938261506E-01 
 2008  2208    4  -0.6025250000E+00  0.9816191662E-01 
 2008  2214    4  -0.7665750000E+00  0.9332969450E-01 
 2008  2220    4  -0.4713250000E+00  0.1495722965E+00 
 2008  2226    4  -0.4887500000E+00  0.8560211738E-01 
 2008  2232    4  -0.7146750000E+00  0.8281257075E-01 
 2008  2238    4  -0.7065000000E+00  0.1311135195E+00 
 2008  2244    4  -0.6266750000E-01  0.1660855372E+00 
 2008  2250    4  -0.3791000000E+00  0.1294025309E+00 
 2008  2256    4  -0.8227500000E+00  0.1436543508E+00 
 2008  2262    4  -0.3449250000E+00  0.1961939012E+00 
 2008  2268    4  -0.2505250000E-01  0.1438308252E+00 
 2008  2274    4  -0.2655000000E+00  0.1220869158E+00 
 2008  2280    4  -0.4448500000E+00  0.1336737540E+00 
 2008  2286    4  -0.3053750000E+00  0.1558577136E+00 
 2008  2292    4  -0.7525700000E-01  0.1421711750E+00 
 2008  2298    4  -0.4517000000E+00  0.1152267764E+00 
 2008  2304    4  -0.4652500000E+00  0.1044791008E+00 
 2008  2310    4  -0.5187750000E+00  0.8533722444E-01 
 2008  2316    4  -0.3790000000E+00  0.1121860063E+00 
 2008  2322    4  -0.5759500000E+00  0.7548531314E-01 
 2008  2328    4  -0.1563375000E+00  0.8351426057E-01 
 2008  2334    4  -0.6341750000E-01  0.7842016207E-01 
 2008  2340    4  0.2486750000E+00  0.8312428571E-01 
 2008  2346    4  0.6965750000E-01  0.7545111277E-01 
 2008  2352    4  0.5241500000E+00  0.7719243810E-01 
 2008  2358    4  0.5643750000E+00  0.8185741796E-01 
 2008  2364    4  0.4677750000E+00  0.6684532052E-01 
 2008  2370    4  -0.1053500000E+00  0.1312833529E+00 
 2008  2376    4  -0.2764750000E+00  0.8513458096E-01 
 2008  2382    4  -0.2057500000E+00  0.1149179164E+00 
 2008  2388    4  -0.3474000000E+00  0.1126419549E+00 
 2008  2394    4  -0.5172250000E+00  0.9193055463E-01 
 2008  2400    4  -0.4470250000E+00  0.7360955695E-01 
 2008  2406    4  -0.1699550000E+00  0.7806303270E-01 
 2008  2412    4  -0.2330250000E-01  0.6319536390E-01 
 2008  2418    4  -0.7735250000E-01  0.7216304365E-01 
 2008  2424    4  -0.1597850000E+00  0.1168273755E+00 
 2008  2430    4  0.2781250000E+00  0.8768470149E-01 
 2008  2436    4  0.3530000000E+00  0.8696254941E-01 
 2008  2442    4  -0.1176225000E+00  0.5900986798E-01 
 2008  2448    4  0.1933750000E-01  0.7334172870E-01 
 2008  2454    4  -0.2559625000E-01  0.7416954676E-01 
 2008  2460    4  -0.1529300000E+00  0.7947449717E-01 
 2008  2466    4  -0.7080000000E+00  0.7718811437E-01 
 2008  2472    4  -0.7925750000E+00  0.8503609160E-01 
 2008  2478    4  -0.6340250000E+00  0.6960356941E-01 
 2008  2484    4  -0.3288750000E+00  0.1020088323E+00 
 2008  2490    4  -0.7082500000E+00  0.7296041735E-01 
 2008  2496    4  -0.4525000000E+00  0.9645566339E-01 
 2008  2502    4  -0.2405150000E+00  0.9673234555E-01 
 2008  2508    4  -0.6461250000E-01  0.1020223008E+00 
 2008  2514    4  -0.2057750000E+00  0.7053053860E-01 
 2008  2520    4  -0.1135750000E+00  0.1562990943E+00 
 2008  2526    4  -0.1731675000E+00  0.7524870211E-01 
 2008  2532    4  0.6003250000E-01  0.8584254667E-01 
 2008  2538    4  -0.5394500000E-01  0.7131298953E-01 
 2008  2544    4  -0.4909500000E+00  0.6796140449E-01 
 2008  2550    4  -0.1042275000E+00  0.9322599969E-01 
 2008  2556    4  0.2458900000E+00  0.8645032851E-01 
 2008  2562    4  -0.7597500000E-02  0.9246207124E-01 
 2008  2568    4  -0.4255750000E+00  0.1304443056E+00 
 2008  2574    4  -0.1435425000E+00  0.1165038000E+00 
 2008  2580    4  0.6530000000E-01  0.1083601633E+00 
 2008  2586    4  -0.3110250000E+00  0.8812707799E-01 
 2008  2592    4  -0.6820000000E-01  0.1012259107E+00 
 2008  2598    4  0.5240000000E-02  0.9226490584E-01 
 2008  2604    4  0.3956750000E+00  0.9500216774E-01 
 2008  2610    4  -0.1620800000E+00  0.6930091053E-01 
 2008  2616    4  -0.4362250000E+00  0.8323260704E-01 
 2008  2622    4  -0.1417775000E+00  0.9261145458E-01 
 2008  2628    4  -0.1016950000E+00  0.9285675164E-01 
 2008  2634    4  -0.5408500000E+00  0.7250581011E-01 
 2008  2640    4  -0.7004500000E+00  0.1124252752E+00 
 2008  2646    4  -0.4796250000E+00  0.1051802590E+00 
 2008  2652    4  -0.3063250000E-01  0.7463407043E-01 
 2008  2658    4  -0.3501250000E+00  0.7085726409E-01 
 2008  2664    4  -0.3782250000E+00  0.1444892967E+00 
 2008  2670    4  -0.1677700000E+00  0.1359185480E+00 
 2008  2676    4  -0.2827750000E+00  0.9518504018E-01 
 2008  2682    4  -0.5673250000E+00  0.8557033291E-01 
 2008  2688    4  -0.6484250000E+00  0.1429664712E+00 
 2008  2694    4  -0.1580525000E+00  0.1009071096E+00 
 2008  2700    4  0.6113750000E-01  0.1067391761E+00 
 2008  2706    4  -0.1608100000E+00  0.8691649038E-01 
 2008  2712    4  -0.5634500000E+00  0.1124575587E+00 
 2008  2718    4  -0.6491750000E-01  0.1348867088E+00 
 2008  2724    4  0.2041475000E+00  0.1301820543E+00 
 2008  2730    4  0.5033000000E-01  0.7242925583E-01 
 2008  2736    4  -0.1748975000E+00  0.1179644693E+00 
 2008  2742    4  0.1682017500E+00  0.1070253148E+00 
 2008  2748    4  0.3343750000E+00  0.1159062633E+00 
 2008  2754    4  0.1931975000E+00  0.1051423631E+00 
 2008  2760    4  -0.2318000000E+00  0.1249201545E+00 
 2008  2766    4  0.1055825000E+00  0.1379256010E+00 
 2008  2772    4  0.3905250000E+00  0.1289315783E+00 
 2008  2778    4  0.2494250000E+00  0.7001358350E-01 
 2008  2784    4  -0.2341000000E+00  0.8975823082E-01 
 2008  2790    4  0.1619675000E+00  0.9925045677E-01 
 2008  2796    4  0.6474250000E-01  0.8793134435E-01 
 2008  2802    4  -0.3645000000E+00  0.6931280545E-01 
 2008  2808    4  -0.5640500000E+00  0.1026843342E+00 
 2008  2814    4  -0.2519250000E+00  0.1192390535E+00 
 2008  2820    4  -0.9477000000E-01  0.1300551287E+00 
 2008  2826    4  -0.2671250000E+00  0.8532729267E-01 
 2008  2832    4  -0.2547075000E+00  0.9979486544E-01 
 2008  2838    4  0.5055750000E-01  0.1113528981E+00 
 2008  2844    4  -0.2379000000E-01  0.1239756206E+00 
 2008  2850    4  -0.2656500000E+00  0.9125441085E-01 
 2008  2856    4  -0.5368750000E+00  0.1285684132E+00 
 2008  2862    4  -0.3778500000E+00  0.1212274824E+00 
 2008  2868    4  -0.1757275000E+00  0.1300128246E+00 
 2008  2874    4  -0.3402000000E+00  0.1018337616E+00 
 2008  2880    4  -0.6930000000E+00  0.1079220784E+00 
 2008  2886    4  -0.5326250000E+00  0.1427493673E+00 
 2008  2892    4  -0.3577250000E+00  0.1275254754E+00 
 2008  2898    4  -0.7377750000E+00  0.1092958685E+00 
 2008  2904    4  -0.8523750000E+00  0.1231875679E+00 
 2008  2910    4  -0.6153000000E+00  0.1262788185E+00 
 2008  2916    4  -0.5982000000E+00  0.1556577496E+00 
 2008  2922    4  -0.7705000000E+00  0.1051287068E+00 
 2008  2928    4  -0.1034825000E+01  0.1259794899E+00 
 2008  2934    4  -0.5000500000E+00  0.1118319834E+00 
 2008  2940    4  -0.4431250000E+00  0.1343204820E+00 
 2008  2946    4  -0.5324750000E+00  0.1075068225E+00 
 2008  2952    4  -0.6685500000E+00  0.1327599431E+00 
 2008  2958    4  -0.3742000000E+00  0.8859554165E-01 
 2008  2964    4  -0.7904250000E-01  0.8492273087E-01 
 2008  2970    4  -0.6655500000E+00  0.7839408460E-01 
 2008  2976    4  -0.5380500000E+00  0.7029141128E-01 
 2008  2982    4  -0.2618000000E+00  0.8354510758E-01 
 2008  2988    4  -0.3899075000E-01  0.8258799802E-01 
 2008  2994    4  -0.1492925000E+00  0.6233892980E-01 
 2008  3000    4  0.9352750000E-01  0.7823776178E-01 
 2008  3006    4  0.1090950000E+00  0.7836083253E-01 
 2008  3012    4  0.5907500000E-01  0.1006420234E+00 
 2008  3018    4  -0.1600500000E-01  0.9978387307E-01 
 2008  3024    4  0.1934175000E+00  0.8146889234E-01 
 2008  3030    4  0.5918000000E+00  0.7254584757E-01 
 2008  3036    4  0.7405500000E+00  0.1075858843E+00 
 2008  3042    4  0.1939725000E+00  0.7590943465E-01 
 2008  3048    4  0.8737500000E-01  0.1172294198E+00 
 2008  3054    4  0.2023600000E+00  0.1340019172E+00 
 2008  3060    4  0.4057000000E+00  0.1332448686E+00 
 2008  3066    4  0.1369025000E+00  0.9807181562E-01 
 2008  3072    4  -0.1482725000E+00  0.1716083357E+00 
 2008  3078    4  0.7220000000E-01  0.1085527752E+00 
 2008  3084    4  -0.5757500000E-02  0.1419606929E+00 
 2008  3090    4  -0.1712000000E+00  0.8656861440E-01 
 2008  3096    4  -0.4873500000E+00  0.1047702844E+00 
 2008  3102    4  -0.3175750000E+00  0.1237247626E+00 
 2008  3108    4  -0.2295750000E+00  0.1167126252E+00 
 2008  3114    4  -0.1784750000E+00  0.6183095402E-01 
 2008  3120    4  -0.4869500000E+00  0.1062975423E+00 
 2008  3126    4  -0.3365000000E+00  0.1190336297E+00 
 2008  3132    4  -0.1322127500E+00  0.1339775526E+00 
 2008  3138    4  -0.4687000000E+00  0.1215830375E+00 
 2008  3144    4  -0.4776000000E+00  0.1425027894E+00 
 2008  3150    4  0.2348000000E-01  0.1238348828E+00 
 2008  3156    4  0.8580000000E-01  0.1148788057E+00 
 2008  3162    4  -0.3913500000E+00  0.6244287389E-01 
 2008  3168    4  -0.2943000000E+00  0.1047892409E+00 
 2008  3174    4  -0.2168000000E+00  0.1043599540E+00 
 2008  3180    4  -0.7639750000E-01  0.1205185630E+00 
 2008  3186    4  -0.3227500000E+00  0.1099409273E+00 
 2008  3192    4  -0.6862000000E+00  0.1367381805E+00 
 2008  3198    4  -0.1218000000E-01  0.1639385348E+00 
 2008  3204    4  0.2393725000E+00  0.1251974511E+00 
 2008  3210    4  -0.1645000000E-02  0.9727555770E-01 
 2008  3216    4  -0.3364500000E+00  0.1471543832E+00 
 2008  3222    4  0.2167875000E+00  0.1402039692E+00 
 2008  3228    4  0.3288900000E+00  0.1560925216E+00 
 2008  3234    4  0.1019725000E+00  0.1172340384E+00 
 2008  3240    4  0.1367500000E+00  0.1675489555E+00 
 2008  3246    4  0.5356500000E+00  0.1597557902E+00 
 2008  3252    4  0.6918500000E+00  0.1504460784E+00 
 2008  3258    4  0.1285925000E+00  0.1226872515E+00 
 2008  3264    4  0.8355000000E-01  0.1358352955E+00 
 2008  3270    4  0.2829912500E+00  0.1646526419E+00 
 2008  3276    4  0.6978000000E+00  0.1796472516E+00 
 2008  3282    4  0.2196900000E+00  0.1217043027E+00 
 2008  3288    4  0.6905000000E-01  0.1492186064E+00 
 2008  3294    4  0.4030750000E+00  0.1620627560E+00 
 2008  3300    4  0.6081000000E+00  0.1577438271E+00 
 2008  3306    4  0.2130150000E+00  0.1157819445E+00 
 2008  3312    4  0.1732750000E+00  0.1671425795E+00 
 2008  3318    4  0.4492000000E+00  0.1835931507E+00 
 2008  3324    4  0.6261000000E+00  0.1684370357E+00 
 2008  3330    4  0.2086725000E+00  0.1519715031E+00 
 2008  3336    4  -0.2244975000E+00  0.1730501864E+00 
 2008  3342    4  0.2151250000E+00  0.1922044663E+00 
 2008  3348    4  0.5109500000E+00  0.1952015689E+00 
 2008  3354    4  -0.1787775000E+00  0.1204428911E+00 
 2008  3360    4  -0.5726750000E+00  0.1798373206E+00 
 2008  3366    4  -0.1703725000E+00  0.1687254947E+00 
 2008  3372    4  0.1091250000E-01  0.1667921550E+00 
 2008  3378    4  -0.4802500000E+00  0.1020818667E+00 
 2008  3384    4  -0.9305750000E+00  0.1366861803E+00 
 2008  3390    4  -0.2600250000E+00  0.1145960814E+00 
 2008  3396    4  -0.1318125000E+00  0.1135546818E+00 
 2008  3402    4  -0.3837250000E+00  0.1109584241E+00 
 2008  3408    4  -0.5340250000E+00  0.1100897901E+00 
 2008  3414    4  -0.4033250000E+00  0.1198477237E+00 
 2008  3420    4  -0.5713500000E+00  0.1199661098E+00 
 2008  3426    4  -0.6671000000E+00  0.1434979094E+00 
 2008  3432    4  -0.8078500000E+00  0.1299932787E+00 
 2008  3438    4  -0.6631250000E+00  0.1276921762E+00 
 2008  3444    4  -0.4799500000E+00  0.1201984297E+00 
 2008  3450    4  -0.7846250000E+00  0.8135196294E-01 
 2008  3456    4  -0.8152750000E+00  0.9288606933E-01 
 2008  3462    4  -0.6278250000E+00  0.1343500163E+00 
 2008  3468    4  -0.3373750000E+00  0.1289483690E+00 
 2008  3474    4  -0.7554750000E+00  0.9096439894E-01 
 2008  3480    4  -0.5494750000E+00  0.1206402581E+00 
 2008  3486    4  -0.4662500000E+00  0.1242571628E+00 
 2008  3492    4  -0.1552185000E+00  0.1444655057E+00 
 2008  3498    4  -0.3451000000E+00  0.1186949662E+00 
 2008  3504    4  -0.4949750000E+00  0.8487138431E-01 
 2008  3510    4  -0.2575750000E+00  0.1242313442E+00 
 2008  3516    4  -0.8225000000E-03  0.1390912690E+00 
 2008  3522    4  -0.3557250000E+00  0.1033458363E+00 
 2008  3528    4  -0.5893500000E+00  0.1169638940E+00 
 2008  3534    4  -0.3801750000E+00  0.1605918332E+00 
 2008  3540    4  -0.2553500000E-01  0.1552144856E+00 
 2008  3546    4  -0.3371000000E+00  0.1230197545E+00 
 2008  3552    4  -0.3221250000E+00  0.1461335241E+00 
 2008  3558    4  -0.5605750000E-01  0.1557904099E+00 
 2008  3564    4  0.4770150000E-01  0.1457422468E+00 
 2008  3570    4  -0.1435425000E+00  0.1392032432E+00 
 2008  3576    4  -0.2141325000E+00  0.1191704333E+00 
 2008  3582    4  0.1738292500E+00  0.1279955369E+00 
 2008  3588    4  0.2138170000E+00  0.1666611918E+00 
 2008  3594    4  0.8085000000E-02  0.1410356362E+00 
 2008  3600    4  -0.1307575000E+00  0.1111861957E+00 
 2008  3606    4  0.1040000000E-02  0.1201434917E+00 
 2008  3612    4  0.1196325000E+00  0.1187165055E+00 
 2008  3618    4  -0.1593650000E+00  0.1024717633E+00 
 2008  3624    4  -0.3801500000E+00  0.1247017341E+00 
 2008  3630    4  -0.3370000000E-02  0.1204144962E+00 
 2008  3636    4  -0.1974750000E+00  0.1011701630E+00 
 2008  3642    4  -0.4592000000E+00  0.8991359741E-01 
 2008  3648    4  -0.8565250000E+00  0.1083013244E+00 
 2008  3654    4  -0.5539500000E+00  0.9432010655E-01 
 2008  3660    4  -0.2640250000E+00  0.1097061159E+00 
 2008  3666    4  -0.6039500000E+00  0.8570281501E-01 
 2008  3672    4  -0.6774500000E+00  0.8469340293E-01 
 2008  3678    4  -0.1793500000E+00  0.8613818840E-01 
 2008  3684    4  -0.8375325000E-01  0.1004474295E+00 
 2008  3690    4  -0.4675250000E+00  0.1165185259E+00 
 2008  3696    4  -0.4435500000E+00  0.9019047899E-01 
 2008  3702    4  -0.2562750000E+00  0.1012758208E+00 
 2008  3708    4  -0.2452000000E+00  0.7873483981E-01 
 2008  3714    4  -0.4108250000E+00  0.9256568951E-01 
 2008  3720    4  -0.4471250000E+00  0.7933197259E-01 
 2008  3726    4  -0.2098750000E+00  0.6484887721E-01 
 2008  3732    4  -0.2319000000E+00  0.1128871339E+00 
 2008  3738    4  -0.3496500000E+00  0.8081365912E-01 
 2008  3744    4  -0.1631025000E+00  0.1389452270E+00 
 2008  3750    4  0.2573250000E+00  0.8888336107E-01 
 2008  3756    4  0.5201000000E+00  0.8249851514E-01 
 2008  3762    4  0.1451250000E+00  0.1247435346E+00 
 2008  3768    4  0.2609250000E+00  0.1059729535E+00 
 2008  3774    4  0.8314750000E+00  0.1175683923E+00 
 2008  3780    4  0.7805500000E+00  0.1314143352E+00 
 2008  3786    4  0.4605000000E+00  0.1045621585E+00 
 2008  3792    4  0.5501750000E+00  0.1078675200E+00 
 2008  3798    4  0.8365000000E+00  0.9585478600E-01 
 2008  3804    4  0.1020300000E+01  0.9913006607E-01 
 2008  3810    4  0.5927250000E+00  0.8882055998E-01 
 2008  3816    4  0.1876475000E+00  0.9310234567E-01 
 2008  3822    4  0.2936500000E+00  0.8441757815E-01 
 2008  3828    4  0.4638250000E+00  0.9909408093E-01 
 2008  3834    4  0.3866000000E+00  0.9894410038E-01 
 2008  3840    4  0.1625850000E+00  0.1111727110E+00 
 2008  3846    4  0.3598250000E+00  0.1280675091E+00 
 2008  3852    4  0.4585500000E+00  0.1200382960E+00 
 2008  3858    4  0.4688250000E+00  0.1169700469E+00 
 2008  3864    4  0.4366750000E+00  0.1370769378E+00 
 2008  3870    4  0.7495750000E+00  0.2240220344E+00 
 2008  3876    4  0.1060775000E+01  0.1697241935E+00 
 2008  3882    4  0.7384250000E+00  0.1448099509E+00 
 2008  3888    4  0.5482250000E+00  0.1676821305E+00 
 2008  3894    4  0.9178250000E+00  0.1561210808E+00 
 2008  3900    4  0.8856250000E+00  0.1259805020E+00 
 2008  3906    4  0.7442750000E+00  0.1554813715E+00 
 2008  3912    4  0.6431500000E+00  0.1652384111E+00 
 2008  3918    4  0.8745000000E+00  0.1493230558E+00 
 2008  3924    4  0.1080850000E+01  0.1729663190E+00 
 2008  3930    4  0.7337250000E+00  0.1487114047E+00 
 2008  3936    4  0.7001000000E+00  0.1681674314E+00 
 2008  3942    4  0.1078950000E+01  0.1522903395E+00 
 2008  3948    4  0.1296250000E+01  0.1440041232E+00 
 2008  3954    4  0.7818000000E+00  0.1109179652E+00 
 2008  3960    4  0.7114500000E+00  0.1501703949E+00 
 2008  3966    4  0.1046225000E+01  0.1429179900E+00 
 2008  3972    4  0.1128375000E+01  0.1252095119E+00 
 2008  3978    4  0.8158750000E+00  0.1357644537E+00 
 2008  3984    4  0.3742000000E+00  0.1317437475E+00 
 2008  3990    4  0.5551500000E+00  0.1373835962E+00 
 2008  3996    4  0.4894750000E+00  0.1159567673E+00 
 2008  4002    4  0.8071250000E-02  0.9654489800E-01 
 2008  4008    4  -0.1553675000E+00  0.7986517494E-01 
 2008  4014    4  0.1199242500E+00  0.8395943919E-01 
 2008  4020    4  0.2065450000E+00  0.9589168408E-01 
 2008  4026    4  0.3489500000E-01  0.9343555975E-01 
 2008  4032    4  -0.1387900000E+00  0.1178877668E+00 
 2008  4038    4  0.9225750000E-01  0.1239200586E+00 
 2008  4044    4  0.8859000000E-01  0.1309178112E+00 
 2008  4050    4  0.1215100000E+00  0.1348282437E+00 
 2008  4056    4  0.2561750000E-01  0.1449806001E+00 
 2008  4062    4  0.4278750000E+00  0.1634417691E+00 
 2008  4068    4  0.5450750000E+00  0.1783776104E+00 
 2008  4074    4  0.5274250000E+00  0.1404553199E+00 
 2008  4080    4  0.3816750000E+00  0.1411912776E+00 
 2008  4086    4  0.4526750000E+00  0.1376438043E+00 
 2008  4092    4  0.2180170000E+00  0.1256181837E+00 
 2008  4098    4  0.5107500000E-01  0.1058486508E+00 
 2008  4104    4  -0.1126700000E+00  0.9777140405E-01 
 2008  4110    4  0.1266625000E+00  0.8962354165E-01 
 2008  4116    4  0.3188750000E+00  0.8505064300E-01 
 2008  4122    4  0.2573750000E+00  0.1025091063E+00 
 2008  4128    4  -0.3833750000E-01  0.1072733500E+00 
 2008  4134    4  0.1910075000E+00  0.8950304838E-01 
 2008  4140    4  0.3592250000E+00  0.7724213148E-01 
 2008  4146    4  -0.3620350000E-01  0.1024194525E+00 
 2008  4152    4  -0.2117750000E+00  0.1062841328E+00 
 2008  4158    4  0.8956500000E-01  0.1306874771E+00 
 2008  4164    4  0.4325500000E+00  0.1235365634E+00 
 2008  4170    4  0.2480750000E+00  0.1315893304E+00 
 2008  4176    4  0.1912525000E+00  0.1441932775E+00 
 2008  4182    4  0.5228500000E+00  0.1484749895E+00 
 2008  4188    4  0.5945500000E+00  0.1916135499E+00 
 2008  4194    4  0.2571605000E+00  0.1645789649E+00 
 2008  4200    4  0.1507500000E+00  0.1778591367E+00 
 2008  4206    4  0.5520000000E+00  0.1540260692E+00 
 2008  4212    4  0.8515000000E+00  0.1208054841E+00 
 2008  4218    4  0.7033000000E+00  0.1413508401E+00 
 2008  4224    4  0.4813500000E+00  0.1688153651E+00 
 2008  4230    4  0.8184500000E+00  0.1537734941E+00 
 2008  4236    4  0.1128900000E+01  0.1105121260E+00 
 2008  4242    4  0.6002250000E+00  0.1261517811E+00 
 2008  4248    4  0.5739750000E+00  0.1368358209E+00 
 2008  4254    4  0.9090750000E+00  0.1392117699E+00 
 2008  4260    4  0.9783250000E+00  0.1174845389E+00 
 2008  4266    4  0.7106500000E+00  0.1162538279E+00 
 2008  4272    4  0.4811250000E+00  0.1192869937E+00 
 2008  4278    4  0.9083750000E+00  0.1391951934E+00 
 2008  4284    4  0.1000925000E+01  0.1408737622E+00 
 2008  4290    4  0.7861500000E+00  0.1307937403E+00 
 2008  4296    4  0.6818250000E+00  0.1264249456E+00 
 2008  4302    4  0.7034250000E+00  0.1033108507E+00 
 2008  4308    4  0.8976500000E+00  0.8837359617E-01 
 2008  4314    4  0.4559000000E+00  0.9171818249E-01 
 2008  4320    4  0.5443500000E+00  0.1070529192E+00 
 2008  4326    4  0.7882750000E+00  0.8445778161E-01 
 2008  4332    4  0.7802750000E+00  0.8813530436E-01 
 2008  4338    4  0.5176250000E+00  0.1119181704E+00 
 2008  4344    4  0.4807000000E+00  0.1167197498E+00 
 2008  4350    4  0.6748750000E+00  0.1217077314E+00 
 2008  4356    4  0.6460000000E+00  0.9354295805E-01 
 2008  4362    4  0.4733250000E+00  0.1094704612E+00 
 2008  4368    4  0.3135250000E+00  0.1356883815E+00 
 2008  4374    4  0.6876000000E+00  0.1112136907E+00 
 2008  4380    4  0.6214750000E+00  0.1228488782E+00 
 2008  4386    4  0.2424250000E+00  0.1338845468E+00 
 2008  4392    4  -0.5063750000E-01  0.1309599483E+00 
 2008  4398    4  0.1237250000E+00  0.1404321255E+00 
 2008  4404    4  0.9837500000E-01  0.1199070760E+00 
 2008  4410    4  -0.2440250000E+00  0.8853297055E-01 
 2008  4416    4  -0.3605250000E+00  0.6876944725E-01 
 2008  4422    4  -0.2673500000E+00  0.9146886082E-01 
 2008  4428    4  -0.1962225000E+00  0.1143702606E+00 
 2008  4434    4  -0.3843500000E+00  0.7359648429E-01 
 2008  4440    4  -0.4482500000E+00  0.7280386322E-01 
 2008  4446    4  -0.7135750000E-01  0.1032836890E+00 
 2008  4452    4  -0.2070625000E+00  0.1034947908E+00 
 2008  4458    4  -0.4743500000E+00  0.5708968821E-01 
 2008  4464    4  -0.5374750000E+00  0.6260452759E-01 
 2008  4470    4  -0.3501500000E+00  0.8821055776E-01 
 2008  4476    4  -0.3842000000E+00  0.6672019934E-01 
 2008  4482    4  -0.6846500000E+00  0.3866254648E-01 
 2008  4488    4  -0.5889250000E+00  0.4741293995E-01 
 2008  4494    4  -0.5595250000E+00  0.6337390532E-01 
 2008  4500    4  -0.3556250000E+00  0.1046280884E+00 
 2008  4506    4  -0.3090000000E+00  0.1054491109E+00 
 2008  4512    4  -0.2971500000E+00  0.1016138893E+00 
 2008  4518    4  0.1077975000E+00  0.1346725641E+00 
 2008  4524    4  0.3206075000E-01  0.1651391329E+00 
 2008  4530    4  -0.3493000000E+00  0.1267839698E+00 
 2008  4536    4  -0.1889925000E+00  0.1588342144E+00 
 2008  4542    4  0.2385275000E+00  0.1429549554E+00 
 2008  4548    4  0.3875000000E+00  0.1183911525E+00 
 2008  4554    4  0.1810150000E+00  0.1218968321E+00 
 2008  4560    4  0.1982475000E+00  0.1505616726E+00 
 2008  4566    4  0.4138250000E+00  0.1488608474E+00 
 2008  4572    4  0.4415750000E+00  0.7816032801E-01 
 2008  4578    4  0.2057825000E+00  0.8469683240E-01 
 2008  4584    4  -0.1053125000E+00  0.9931913999E-01 
 2008  4590    4  0.4844250000E-01  0.7600093038E-01 
 2008  4596    4  0.9919500000E-01  0.7484865446E-01 
 2008  4602    4  -0.6915500000E-01  0.6843450975E-01 
 2008  4608    4  -0.3285000000E+00  0.1059459532E+00 
 2008  4614    4  0.1687025000E+00  0.1189902959E+00 
 2008  4620    4  0.3846500000E+00  0.1160379787E+00 
 2008  4626    4  -0.1068825000E+00  0.1054784756E+00 
 2008  4632    4  -0.9104000000E-01  0.1319550221E+00 
 2008  4638    4  0.2727025000E+00  0.1457864003E+00 
 2008  4644    4  0.7383750000E+00  0.1321879037E+00 
 2008  4650    4  0.1905050000E+00  0.8015164424E-01 
 2008  4656    4  0.2490550000E+00  0.1069754415E+00 
 2008  4662    4  0.3213000000E+00  0.1342080288E+00 
 2008  4668    4  0.6888750000E+00  0.1057538740E+00 
 2008  4674    4  0.3179500000E+00  0.8642321737E-01 
 2008  4680    4  0.4272000000E+00  0.1294544514E+00 
 2008  4686    4  0.6928750000E+00  0.1381611808E+00 
 2008  4692    4  0.9558250000E+00  0.1338660968E+00 
 2008  4698    4  0.6087500000E+00  0.1260111602E+00 
 2008  4704    4  0.2989475000E+00  0.1673382615E+00 
 2008  4710    4  0.7913750000E+00  0.1703513190E+00 
 2008  4716    4  0.9882750000E+00  0.1260508900E+00 
 2008  4722    4  0.5295000000E+00  0.1326774849E+00 
 2008  4728    4  0.2575025000E+00  0.1548049322E+00 
 2008  4734    4  0.4632250000E+00  0.1333128721E+00 
 2008  4740    4  0.6196500000E+00  0.1234405626E+00 
 2008  4746    4  0.2765750000E+00  0.9580421115E-01 
 2008  4752    4  0.1327170000E+00  0.1017122322E+00 
 2008  4758    4  0.6299250000E+00  0.8307350285E-01 
 2008  4764    4  0.8193500000E+00  0.8307094859E-01 
 2008  4770    4  0.5289500000E+00  0.8332903156E-01 
 2008  4776    4  0.5016750000E+00  0.1319998935E+00 
 2008  4782    4  0.9173750000E+00  0.1093381995E+00 
 2008  4788    4  0.1114375000E+01  0.1308870577E+00 
 2008  4794    4  0.6893750000E+00  0.1324821191E+00 
 2008  4800    4  0.4353250000E+00  0.1651454264E+00 
 2008  4806    4  0.7151250000E+00  0.1376872793E+00 
 2008  4812    4  0.9154250000E+00  0.1458906847E+00 
 2008  4818    4  0.3587500000E+00  0.1319196820E+00 
 2008  4824    4  0.2394400000E+00  0.1434911349E+00 
 2008  4830    4  0.4479250000E+00  0.1065012295E+00 
 2008  4836    4  0.5660750000E+00  0.1012698468E+00 
 2008  4842    4  0.1700275000E+00  0.8888253073E-01 
 2008  4848    4  0.1121300000E+00  0.9972635910E-01 
 2008  4854    4  0.3572750000E+00  0.6571169512E-01 
 2008  4860    4  0.3889000000E+00  0.5250928489E-01 
 2008  4866    4  -0.5694000000E-01  0.8999837443E-01 
 2008  4872    4  -0.1942500000E-01  0.1272685227E+00 
 2008  4878    4  0.4176750000E+00  0.1068795905E+00 
 2008  4884    4  0.4692500000E+00  0.9319454115E-01 
 2008  4890    4  0.2829125000E+00  0.1192532828E+00 
 2008  4896    4  0.2436300000E+00  0.1488560469E+00 
 2008  4902    4  0.3582750000E+00  0.8650544419E-01 
 2008  4908    4  0.4906250000E+00  0.9601675310E-01 
 2008  4914    4  0.3579000000E+00  0.8901665574E-01 
 2008  4920    4  0.4750750000E+00  0.1346783831E+00 
 2008  4926    4  0.7994250000E+00  0.9812396178E-01 
 2008  4932    4  0.8339750000E+00  0.1365859505E+00 
 2008  4938    4  0.3297000000E+00  0.1132427260E+00 
 2008  4944    4  0.2089150000E+00  0.1505654232E+00 
 2008  4950    4  0.3816250000E+00  0.1489043548E+00 
 2008  4956    4  0.4864750000E+00  0.1264951259E+00 
 2008  4962    4  0.9995250000E-01  0.9285929177E-01 
 2008  4968    4  0.2579750000E-01  0.8177639952E-01 
 2008  4974    4  0.5617000000E+00  0.9705701932E-01 
 2008  4980    4  0.8515750000E+00  0.8080276527E-01 
 2008  4986    4  0.5391000000E+00  0.6342381256E-01 
 2008  4992    4  0.4367750000E+00  0.1129020012E+00 
 2008  4998    4  0.7439500000E+00  0.9819354612E-01 
 2008  5004    4  0.8754000000E+00  0.5799745684E-01 
 2008  5010    4  0.3534250000E+00  0.9911958371E-01 
 2008  5016    4  0.1870577500E+00  0.1218847944E+00 
 2008  5022    4  0.4628000000E+00  0.1028626511E+00 
 2008  5028    4  0.5105750000E+00  0.7602119359E-01 
 2008  5034    4  0.1220775000E+00  0.1246244933E+00 
 2008  5040    4  0.2353200000E+00  0.1279946569E+00 
 2008  5046    4  0.5508500000E+00  0.1249043734E+00 
 2008  5052    4  0.7101000000E+00  0.1209176373E+00 
 2008  5058    4  0.4305750000E+00  0.1526972720E+00 
 2008  5064    4  0.5464500000E+00  0.1814148630E+00 
 2008  5070    4  0.1181325000E+01  0.1760565729E+00 
 2008  5076    4  0.1095825000E+01  0.1688352507E+00 
 2008  5082    4  0.7220500000E+00  0.1267940949E+00 
 2008  5088    4  0.5602500000E+00  0.1254891330E+00 
 2008  5094    4  0.7292250000E+00  0.1259067388E+00 
 2008  5100    4  0.7699500000E+00  0.1660773991E+00 
 2008  5106    4  0.2296450000E+00  0.1216052592E+00 
 2008  5112    4  -0.2683500000E-01  0.1192719205E+00 
 2008  5118    4  0.2717125000E+00  0.1264783300E+00 
 2008  5124    4  0.2882750000E+00  0.1002586499E+00 
 2008  5130    4  0.9664500000E-01  0.7618705976E-01 
 2008  5136    4  -0.2755750000E+00  0.1068616951E+00 
 2008  5142    4  0.1355025000E+00  0.8735329140E-01 
 2008  5148    4  0.1621900000E+00  0.1068230560E+00 
 2008  5154    4  -0.8798750000E-01  0.9206941440E-01 
 2008  5160    4  -0.2142750000E+00  0.1234712593E+00 
 2008  5166    4  0.3514000000E+00  0.1047009312E+00 
 2008  5172    4  0.6224250000E+00  0.1192467269E+00 
 2008  5178    4  0.2831750000E+00  0.1004341669E+00 
 2008  5184    4  0.3849750000E-01  0.1153574142E+00 
 2008  5190    4  0.4931000000E+00  0.1218206674E+00 
 2008  5196    4  0.6909750000E+00  0.1002471539E+00 
 2008  5202    4  0.2385050000E+00  0.9672219019E-01 
 2008  5208    4  0.1370000000E+00  0.1618903487E+00 
 2008  5214    4  0.4977000000E+00  0.1729494868E+00 
 2008  5220    4  0.4898250000E+00  0.1253956015E+00 
 2008  5226    4  0.2469500000E+00  0.7705953867E-01 
 2008  5232    4  0.3035250000E+00  0.7240360402E-01 
 2008  5238    4  0.5490000000E+00  0.9865685480E-01 
 2008  5244    4  0.7166750000E+00  0.8886065988E-01 
 2008  5250    4  0.2478000000E+00  0.1502318375E+00 
 2008  5256    4  0.1254150000E+00  0.1449123793E+00 
 2008  5262    4  0.5809250000E+00  0.8920469088E-01 
 2008  5268    4  0.6214000000E+00  0.8037291210E-01 
 2008  5274    4  0.1974437500E+00  0.1197676532E+00 
 2008  5280    4  0.1058300000E+00  0.1015748596E+00 
 2008  5286    4  0.4765000000E+00  0.1086124532E+00 
 2008  5292    4  0.4670000000E+00  0.7270677410E-01 
 2008  5298    4  -0.2316250000E+00  0.9309281323E-01 
 2008  5304    4  -0.2770500000E+00  0.9660291145E-01 
 2008  5310    4  0.1328150000E+00  0.1089782119E+00 
 2008  5316    4  0.2890000000E+00  0.9461445450E-01 
 2008  5322    4  -0.1610375000E+00  0.1098121711E+00 
 2008  5328    4  -0.2084700000E+00  0.1473511714E+00 
 2008  5334    4  0.6752000000E-01  0.1550648419E+00 
 2008  5340    4  0.2579575000E+00  0.1509150073E+00 
 2008  5346    4  -0.1160300000E+00  0.1501729633E+00 
 2008  5352    4  -0.1672575000E+00  0.1848072166E+00 
 2008  5358    4  0.7160000000E-01  0.1656922901E+00 
 2008  5364    4  0.4165000000E+00  0.1503287231E+00 
 2008  5370    4  -0.7740000000E-01  0.1614843818E+00 
 2008  5376    4  -0.3207500000E+00  0.1500366705E+00 
 2008  5382    4  -0.6307300000E-01  0.1298729295E+00 
 2008  5388    4  0.7334500000E-01  0.1346996031E+00 
 2008  5394    4  -0.3935750000E+00  0.1087659040E+00 
 2008  5400    4  -0.5206250000E+00  0.1081229942E+00 
 2008  5406    4  -0.2468000000E+00  0.1167719358E+00 
 2008  5412    4  0.5395840000E-01  0.1109228715E+00 
 2008  5418    4  -0.4943250000E+00  0.1296625693E+00 
 2008  5424    4  -0.6960500000E+00  0.1254982570E+00 
 2008  5430    4  -0.4045500000E+00  0.9921886161E-01 
 2008  5436    4  -0.3550000000E+00  0.1031998789E+00 
 2008  5442    4  -0.6559500000E+00  0.8536716289E-01 
 2008  5448    4  -0.9672250000E+00  0.1073784516E+00 
 2008  5454    4  -0.4793500000E+00  0.1281485369E+00 
 2008  5460    4  -0.3408250000E+00  0.1153363857E+00 
 2008  5466    4  -0.8889500000E+00  0.8720772615E-01 
 2008  5472    4  -0.1244250000E+01  0.8573031844E-01 
 2008  5478    4  -0.9214750000E+00  0.8185271452E-01 
 2008  5484    4  -0.8319750000E+00  0.8015224186E-01 
 2008  5490    4  -0.1238750000E+01  0.5720303751E-01 
 2008  5496    4  -0.1351500000E+01  0.6277539327E-01 
 2008  5502    4  -0.8657250000E+00  0.1072241898E+00 
 2008  5508    4  -0.6548250000E+00  0.9985124874E-01 
 2008  5514    4  -0.1102725000E+01  0.1255594555E+00 
 2008  5520    4  -0.1067725000E+01  0.1926101682E+00 
 2008  5526    4  -0.5846250000E+00  0.1989205667E+00 
 2008  5532    4  -0.3949750000E+00  0.1500340191E+00 
 2008  5538    4  -0.9287000000E+00  0.1650426763E+00 
 2008  5544    4  -0.9364000000E+00  0.1815339087E+00 
 2008  5550    4  -0.4271500000E+00  0.2183621018E+00 
 2008  5556    4  0.4879750000E-01  0.1623142755E+00 
 2008  5562    4  -0.3516750000E+00  0.1050945140E+00 
 2008  5568    4  -0.7121750000E+00  0.1154686619E+00 
 2008  5574    4  -0.4316500000E+00  0.1480834478E+00 
 2008  5580    4  -0.9314250000E-01  0.1215022165E+00 
 2008  5586    4  -0.5782500000E+00  0.1253056363E+00 
 2008  5592    4  -0.8128500000E+00  0.1469523307E+00 
 2008  5598    4  -0.1641497500E+00  0.1663079209E+00 
 2008  5604    4  0.4821750000E-01  0.1830957848E+00 
 2008  5610    4  -0.3862000000E+00  0.1523441991E+00 
 2008  5616    4  -0.5157500000E+00  0.1623266845E+00 
 2008  5622    4  -0.2652125000E+00  0.2087184478E+00 
 2008  5628    4  0.7218500000E-01  0.1760815739E+00 
 2008  5634    4  -0.3576750000E+00  0.1397905464E+00 
 2008  5640    4  -0.5930500000E+00  0.1781084291E+00 
 2008  5646    4  0.6457750000E-01  0.2013367031E+00 
 2008  5652    4  0.1625400000E+00  0.1798296544E+00 
 2008  5658    4  -0.2300150000E+00  0.1413465269E+00 
 2008  5664    4  -0.3857250000E+00  0.1391411581E+00 
 2008  5670    4  -0.1124625000E+00  0.1224263551E+00 
 2008  5676    4  0.1655000000E-01  0.1531871243E+00 
 2008  5682    4  -0.5855750000E+00  0.1246534070E+00 
 2008  5688    4  -0.5589000000E+00  0.9840846000E-01 
 2008  5694    4  -0.3721000000E+00  0.8754921473E-01 
 2008  5700    4  -0.3944250000E+00  0.9121736060E-01 
 2008  5706    4  -0.7521750000E+00  0.9860135331E-01 
 2008  5712    4  -0.1026650000E+01  0.9847462871E-01 
 2008  5718    4  -0.8266250000E+00  0.9408382898E-01 
 2008  5724    4  -0.6634500000E+00  0.7566295329E-01 
 2008  5730    4  -0.1202750000E+01  0.6571672162E-01 
 2008  5736    4  -0.1221000000E+01  0.7881306998E-01 
 2008  5742    4  -0.8730250000E+00  0.1095044834E+00 
 2008  5748    4  -0.6341750000E+00  0.1091166663E+00 
 2008  5754    4  -0.1009075000E+01  0.9912586380E-01 
 2008  5760    4  -0.1197000000E+01  0.9778292284E-01 
 2008  5766    4  -0.1118000000E+01  0.9130443582E-01 
 2008  5772    4  -0.1004150000E+01  0.1012618758E+00 
 2008  5778    4  -0.1367000000E+01  0.7884478423E-01 
 2008  5784    4  -0.1509750000E+01  0.1335128739E+00 
 2008  5790    4  -0.1143775000E+01  0.1503173372E+00 
 2008  5796    4  -0.7431750000E+00  0.1336456953E+00 
 2008  5802    4  -0.1061825000E+01  0.9507461215E-01 
 2008  5808    4  -0.1036325000E+01  0.1247263680E+00 
 2008  5814    4  -0.6194500000E+00  0.1438869261E+00 
 2008  5820    4  -0.2425250000E+00  0.1100734613E+00 
 2008  5826    4  -0.6817250000E+00  0.8861327144E-01 
 2008  5832    4  -0.9707250000E+00  0.8893057334E-01 
 2008  5838    4  -0.6019250000E+00  0.1086012057E+00 
 2008  5844    4  -0.2831250000E+00  0.1064791382E+00 
 2008  5850    4  -0.7358000000E+00  0.8280467982E-01 
 2008  5856    4  -0.9545500000E+00  0.7295514033E-01 
 2008  5862    4  -0.6737750000E+00  0.9932233825E-01 
 2008  5868    4  -0.3694250000E+00  0.5957253457E-01 
 2008  5874    4  -0.6072250000E+00  0.8056123060E-01 
 2008  5880    4  -0.8819250000E+00  0.1227710751E+00 
 2008  5886    4  -0.2614750000E+00  0.1837802951E+00 
 2008  5892    4  0.6690250000E-01  0.1231025914E+00 
 2008  5898    4  -0.5405000000E+00  0.1581095348E+00 
 2008  5904    4  -0.6219750000E+00  0.1926945429E+00 
 2008  5910    4  -0.1228707500E+00  0.1967955812E+00 
 2008  5916    4  0.2264237500E+00  0.1344186332E+00 
 2008  5922    4  -0.3542500000E+00  0.1308292112E+00 
 2008  5928    4  -0.7258500000E+00  0.1397177601E+00 
 2008  5934    4  -0.3448750000E+00  0.1563659870E+00 
 2008  5940    4  0.5711250000E-01  0.1600592717E+00 
 2008  5946    4  -0.4494250000E+00  0.1694960969E+00 
 2008  5952    4  -0.4212000000E+00  0.1903453309E+00 
 2008  5958    4  -0.3103500000E+00  0.1719668645E+00 
 2008  5964    4  0.1318250000E+00  0.1682088341E+00 
 2008  5970    4  -0.4094000000E+00  0.1567265931E+00 
 2008  5976    4  -0.5963500000E+00  0.1578339396E+00 
 2008  5982    4  -0.3019925000E+00  0.2041291519E+00 
 2008  5988    4  -0.1323925000E+00  0.2060312388E+00 
 2008  5994    4  -0.7900000000E+00  0.1971173128E+00 
 2008  6000    4  -0.9281750000E+00  0.1907635759E+00 
 2008  6006    4  -0.4659250000E+00  0.1883726941E+00 
 2008  6012    4  -0.8040600000E-01  0.1366923599E+00 
 2008  6018    4  -0.5388000000E+00  0.1062923563E+00 
 2008  6024    4  -0.8014500000E+00  0.1105550202E+00 
 2008  6030    4  -0.4427250000E+00  0.1686158115E+00 
 2008  6036    4  -0.5812250000E-01  0.1236280432E+00 
 2008  6042    4  -0.4293250000E+00  0.9323181793E-01 
 2008  6048    4  -0.7640000000E+00  0.1363239524E+00 
 2008  6054    4  -0.2244750000E+00  0.1254601406E+00 
 2008  6060    4  -0.4538250000E-01  0.1311377599E+00 
 2008  6066    4  -0.8307500000E+00  0.1000665903E+00 
 2008  6072    4  -0.9643250000E+00  0.1119003882E+00 
 2008  6078    4  -0.6805500000E+00  0.1441990031E+00 
 2008  6084    4  -0.4177250000E+00  0.1270923360E+00 
 2008  6090    4  -0.1230500000E+01  0.1024365657E+00 
 2008  6096    4  -0.1360250000E+01  0.1151811074E+00 
 2008  6102    4  -0.8777250000E+00  0.1411814679E+00 
 2008  6108    4  -0.6995250000E+00  0.1172053833E+00 
 2008  6114    4  -0.1217500000E+01  0.1044569289E+00 
 2008  6120    4  -0.1291250000E+01  0.1556845769E+00 
 2008  6126    4  -0.7889250000E+00  0.1770487415E+00 
 2008  6132    4  -0.4139500000E+00  0.1319077424E+00 
 2008  6138    4  -0.8196750000E+00  0.1096874964E+00 
 2008  6144    4  -0.7933750000E+00  0.2017850140E+00 
 2008  6150    4  -0.1363375000E+00  0.2249230513E+00 
 2008  6156    4  0.4773250000E+00  0.1882949996E+00 
 2008  6162    4  0.1407250000E+00  0.2295487026E+00 
 2008  6168    4  0.4846500000E-01  0.2616245376E+00 
 2008  6174    4  0.5690250000E+00  0.2358166701E+00 
 2008  6180    4  0.7612250000E+00  0.1686755373E+00 
 2008  6186    4  0.1054750000E+00  0.1494082892E+00 
 2008  6192    4  -0.3340000000E+00  0.1852198289E+00 
 2008  6198    4  0.1753250000E+00  0.1710988658E+00 
 2008  6204    4  0.3080775000E+00  0.1315043555E+00 
 2008  6210    4  -0.4018250000E+00  0.1105935436E+00 
 2008  6216    4  -0.5571500000E+00  0.1285410927E+00 
 2008  6222    4  -0.1335475000E+00  0.1363504007E+00 
 2008  6228    4  0.1379250000E-01  0.1111829738E+00 
 2008  6234    4  -0.5909500000E+00  0.6650919109E-01 
 2008  6240    4  -0.8535750000E+00  0.7966757104E-01 
 2008  6246    4  -0.4182500000E+00  0.1216440812E+00 
 2008  6252    4  -0.2148500000E+00  0.1217715997E+00 
 2008  6258    4  -0.7029250000E+00  0.1007450092E+00 
 2008  6264    4  -0.8429500000E+00  0.1031878505E+00 
 2008  6270    4  -0.4338000000E+00  0.1348230136E+00 
 2008  6276    4  -0.3918250000E+00  0.1473944771E+00 
 2008  6282    4  -0.8495500000E+00  0.1382870294E+00 
 2008  6288    4  -0.8713000000E+00  0.1298865851E+00 
 2008  6294    4  -0.6909000000E+00  0.1185568851E+00 
 2008  6300    4  -0.3278000000E+00  0.9736254413E-01 
 2008  6306    4  -0.9940250000E+00  0.6241323477E-01 
 2008  6312    4  -0.1296500000E+01  0.7287146218E-01 
 2008  6318    4  -0.8897250000E+00  0.9180728117E-01 
 2008  6324    4  -0.4441500000E+00  0.1064630805E+00 
 2008  6330    4  -0.8269500000E+00  0.7340982564E-01 
 2008  6336    4  -0.9764000000E+00  0.9542774754E-01 
 2008  6342    4  -0.4274250000E+00  0.1397162549E+00 
 2008  6348    4  0.3700000000E-03  0.9032212326E-01 
 2008  6354    4  -0.7623750000E+00  0.7873078734E-01 
 2008  6360    4  -0.1059750000E+01  0.9849968274E-01 
 2008  6366    4  -0.7369500000E+00  0.1605186048E+00 
 2008  6372    4  -0.2234150000E+00  0.1156067977E+00 
 2008  6378    4  -0.9576250000E+00  0.8009152187E-01 
 2008  6384    4  -0.1339000000E+01  0.7608547825E-01 
 2008  6390    4  -0.8693250000E+00  0.9929605669E-01 
 2008  6396    4  -0.2492000000E+00  0.7203218031E-01 
 2008  6402    4  -0.8772000000E+00  0.9480013186E-01 
 2008  6408    4  -0.8630750000E+00  0.1265081494E+00 
 2008  6414    4  -0.3592500000E+00  0.1543940656E+00 
 2008  6420    4  -0.9440000000E-02  0.1148593930E+00 
 2008  6426    4  -0.7224750000E+00  0.1435652704E+00 
 2008  6432    4  -0.7513500000E+00  0.1886292329E+00 
 2008  6438    4  -0.4681500000E+00  0.1960546544E+00 
 2008  6444    4  -0.6189500000E-01  0.1345724009E+00 
 2008  6450    4  -0.8318000000E+00  0.1337450560E+00 
 2008  6456    4  -0.1040025000E+01  0.1244578317E+00 
 2008  6462    4  -0.4980250000E+00  0.1439316743E+00 
 2008  6468    4  -0.1471925000E+00  0.1385331032E+00 
 2008  6474    4  -0.7472250000E+00  0.1101925672E+00 
 2008  6480    4  -0.8643750000E+00  0.6649708170E-01 
 2008  6486    4  -0.3903500000E+00  0.1635285373E+00 
 2008  6492    4  -0.2257250000E+00  0.1372365362E+00 
 2008  6498    4  -0.8403000000E+00  0.8620551026E-01 
 2008  6504    4  -0.1245500000E+01  0.1128948626E+00 
 2008  6510    4  -0.9941250000E+00  0.1425077783E+00 
 2008  6516    4  -0.8563250000E+00  0.1141427259E+00 
 2008  6522    4  -0.1489750000E+01  0.1109129726E+00 
 2008  6528    4  -0.1611750000E+01  0.2164282502E+00 
 2008  6534    4  -0.9867500000E+00  0.2083993582E+00 
 2008  6540    4  -0.2871000000E+00  0.1156111370E+00 
 2008  6546    4  -0.9838000000E+00  0.8108159471E-01 
 2008  6552    4  -0.1307000000E+01  0.1533672064E+00 
 2008  6558    4  -0.4547500000E+00  0.1813463606E+00 
 2008  6564    4  0.2771750000E+00  0.1022168620E+00 
 2008  6570    4  -0.7261500000E+00  0.7038218880E-01 
 2008  6576    4  -0.1211750000E+01  0.1066990511E+00 
 2008  6582    4  -0.7783250000E+00  0.1444803858E+00 
 2008  6588    4  -0.2208550000E+00  0.1425545582E+00 
 2008  6594    4  -0.9137000000E+00  0.6800669085E-01 
 2008  6600    4  -0.1159500000E+01  0.1205746657E+00 
 2008  6606    4  -0.7634250000E+00  0.1567933732E+00 
 2008  6612    4  -0.3686250000E+00  0.1459503404E+00 
 2008  6618    4  -0.1034875000E+01  0.6874988636E-01 
 2008  6624    4  -0.1541250000E+01  0.1041546326E+00 
 2008  6630    4  -0.1301000000E+01  0.1513489346E+00 
 2008  6636    4  -0.7508250000E+00  0.1399783800E+00 
 2008  6642    4  -0.1445500000E+01  0.1022778080E+00 
 2008  6648    4  -0.1854750000E+01  0.8759673224E-01 
 2008  6654    4  -0.1478500000E+01  0.2069136293E+00 
 2008  6660    4  -0.7766750000E+00  0.1751639571E+00 
 2008  6666    4  -0.9817500000E+00  0.1516828517E+00 
 2008  6672    4  -0.1226900000E+01  0.1608839022E+00 
 2008  6678    4  -0.9901000000E+00  0.2227378055E+00 
 2008  6684    4  -0.3238250000E+00  0.1198252139E+00 
 2008  6690    4  -0.1223000000E+01  0.8219489035E-01 
 2008  6696    4  -0.1490500000E+01  0.1047485083E+00 
 2008  6702    4  -0.9929500000E+00  0.2007560896E+00 
 2008  6708    4  -0.3594750000E+00  0.1296643238E+00 
 2008  6714    4  -0.9516500000E+00  0.7538947208E-01 
 2008  6720    4  -0.1475250000E+01  0.2175423809E+00 
 2008  6726    4  -0.7751500000E+00  0.2954393550E+00 
 2008  6732    4  -0.5816250000E+00  0.1781931168E+00 
 2008  6738    4  -0.1366000000E+01  0.1512663214E+00 
 2008  6744    4  -0.1865000000E+01  0.1672557921E+00 
 2008  6750    4  -0.1250750000E+01  0.1765847884E+00 
 2008  6756    4  -0.8731750000E+00  0.1100988959E+00 
 2008  6762    4  -0.1511750000E+01  0.7371015873E-01 
 2008  6768    4  -0.1818500000E+01  0.6846349392E-01 
 2008  6774    4  -0.1033275000E+01  0.1536801122E+00 
 2008  6780    4  -0.4910750000E+00  0.1361740867E+00 
 2008  6786    4  -0.5116750000E+00  0.2990076870E+00 
 2008  6792    4  -0.1415125000E+00  0.2691889262E+00 
 2008  6798    4  0.2026800000E+00  0.1191089510E+00 
 2008  6804    4  0.2300500000E+00  0.6119724258E-01 
 2008  6810    4  -0.5680000000E+00  0.1022844074E+00 
 2008  6816    4  -0.6305000000E+00  0.1700354375E+00 
 2008  6822    4  -0.1656775000E+00  0.1628496577E+00 
 2008  6828    4  -0.1898975000E+00  0.7275863192E-01 
 2008  6834    4  -0.1063750000E+01  0.1252051616E+00 
 2008  6840    4  -0.9129000000E+00  0.2432624303E+00 
 2008  6846    4  -0.1189550000E+00  0.9434890209E-01 
 2008  6852    4  0.1640250000E+00  0.4495260699E-01 
 2008  6858    4  -0.7316750000E+00  0.9107097164E-01 
 2008  6864    4  -0.1028750000E+01  0.1085895368E+00 
 2008  6870    4  -0.3048300000E+00  0.1461875190E+00 
 2008  6876    4  0.1356900000E+00  0.9215482434E-01 
 2008  6882    4  -0.6144250000E+00  0.1039312122E+00 
 2008  6888    4  -0.9993500000E+00  0.8368911220E-01 
 2008  6894    4  -0.6902000000E+00  0.2027006167E+00 
 2008  6900    4  -0.2838750000E-01  0.1288449086E+00 
 2008  6906    4  -0.5850500000E+00  0.1155597356E+00 
 2008  6912    4  -0.9707500000E+00  0.1300641669E+00 
 2008  6918    4  -0.7610000000E+00  0.1623234888E+00 
 2008  6924    4  -0.2493875000E+00  0.1395066144E+00 
 2008  6930    4  -0.7142250000E+00  0.1101973315E+00 
 2008  6936    4  -0.4616250000E+00  0.2228779417E+00 
 2008  6942    4  -0.2051250000E+00  0.1066936590E+00 
 2008  6948    4  0.2064000000E+00  0.8664868724E-01 
 2008  6954    4  -0.4673250000E-01  0.8918880293E-01 
 2008  6960    4  -0.2864375000E+00  0.1191305658E+00 
 2008  6966    4  -0.3318750000E+00  0.8591456148E-01 
 2008  6972    4  -0.6074500000E-01  0.4168605072E-01 
 2008  6978    4  -0.1577875000E+00  0.8061690560E-01 
 2008  6984    4  -0.8800250000E+00  0.8475288712E-01 
 2008  6990    4  -0.5684000000E+00  0.7190705807E-01 
 2008  6996    4  -0.2739000000E+00  0.5942032481E-01 
 2008  7002    4  -0.9988000000E+00  0.1169975854E+00 
 2008  7008    4  -0.1373000000E+01  0.2021125924E+00 
 2008  7014    4  -0.8591500000E+00  0.1405144210E+00 
 2008  7020    4  -0.3943250000E+00  0.1312845455E+00 
 2008  7026    4  -0.1050225000E+01  0.1195098819E+00 
 2008  7032    4  -0.1244500000E+01  0.1608765054E+00 
 2008  7038    4  -0.4166000000E+00  0.1382349449E+00 
 2008  7044    4  -0.1289850000E+00  0.1176277292E+00 
 2008  7050    4  -0.6092500000E+00  0.6530721629E-01 
 2008  7056    4  -0.7676250000E+00  0.7218675000E-01 
 2008  7062    4  -0.1986000000E+00  0.7712107364E-01 
 2008  7068    4  0.3752500000E+00  0.6485107941E-01 
 2008  7074    4  0.2774725000E-01  0.6892595711E-01 
 2008  7080    4  -0.6014750000E+00  0.4127507571E-01 
 2008  7086    4  -0.3928250000E+00  0.6398731808E-01 
 2008  7092    4  -0.5508500000E-01  0.7898652496E-01 
 2008  7098    4  -0.4701750000E+00  0.8566677813E-01 
 2008  7104    4  -0.4138000000E+00  0.6248491818E-01 
 2008  7110    4  -0.1240875000E+00  0.1026785663E+00 
 2008  7116    4  0.6908850000E-01  0.7928026972E-01 
 2008  7122    4  -0.1936975000E+00  0.9554404492E-01 
 2008  7128    4  0.3700500000E+00  0.1262161737E+00 
 2008  7134    4  0.2887250000E+00  0.3992777072E-01 
 2008  7140    4  0.4932750000E+00  0.8278832572E-01 
 2008  7146    4  0.3601500000E+00  0.9856572680E-01 
 2008  7152    4  0.2174700000E+00  0.1027929944E+00 
 2008  7158    4  0.1435275000E+00  0.6041581555E-01 
 2008  7164    4  0.2702250000E+00  0.8605307592E-01 
 2008  7170    4  -0.3817250000E+00  0.8607004052E-01 
 2008  7176    4  -0.6986750000E+00  0.1193793612E+00 
 2008  7182    4  -0.4082250000E+00  0.1052601866E+00 
 2008  7188    4  -0.2768250000E+00  0.1184464304E+00 
 2008  7194    4  -0.8963250000E+00  0.8812645389E-01 
 2008  7200    4  -0.1323500000E+01  0.1346486168E+00 
 2008  7206    4  -0.8188500000E+00  0.1880462775E+00 
 2008  7212    4  -0.1390175000E+00  0.1113931040E+00 
 2008  7218    4  -0.6281500000E+00  0.8772609361E-01 
 2008  7224    4  -0.9386000000E+00  0.1325086224E+00 
 2008  7230    4  -0.5117500000E+00  0.8980368868E-01 
 2008  7236    4  -0.9817250000E-01  0.1122169139E+00 
 2008  7242    4  -0.4446500000E+00  0.6641643245E-01 
 2008  7248    4  -0.8254000000E+00  0.1710579580E+00 
 2008  7254    4  -0.8102750000E+00  0.1151447214E+00 
 2008  7260    4  -0.4315000000E+00  0.1116194204E+00 
 2008  7266    4  -0.9603250000E+00  0.1608874976E+00 
 2008  7272    4  -0.1172475000E+01  0.1998740275E+00 
 2008  7278    4  -0.6758750000E+00  0.1055069518E+00 
 2008  7284    4  -0.3745500000E+00  0.9484172341E-01 
 2008  7290    4  -0.1118300000E+01  0.8183379497E-01 
 2008  7296    4  -0.1614750000E+01  0.1256709493E+00 
 2008  7302    4  -0.8030250000E+00  0.1598196855E+00 
 2008  7308    4  -0.5198250000E+00  0.8472350249E-01 
 2008  7314    4  -0.7492000000E+00  0.1432489791E+00 
 2008  7320    4  -0.1208750000E+01  0.1047887756E+00 
 2008  7326    4  -0.5657500000E+00  0.1073820399E+00 
 2008  7332    4  -0.4767750000E-01  0.8404076165E-01 
 2008  7338    4  -0.2062725000E+00  0.1643998445E+00 
 2008  7344    4  -0.1693500000E+00  0.1857731210E+00 
 2008  7350    4  -0.9292500000E-01  0.1068139828E+00 
 2008  7356    4  -0.3368250000E+00  0.7979712949E-01 
 2008  7362    4  -0.5618250000E+00  0.1697910094E+00 
 2008  7368    4  -0.1053175000E+01  0.1801449191E+00 
 2008  7374    4  -0.1148000000E+01  0.6973879838E-01 
 2008  7380    4  -0.7374500000E+00  0.8178999022E-01 
 2008  7386    4  -0.1128825000E+01  0.1064297509E+00 
 2008  7392    4  -0.9326750000E+00  0.1573471858E+00 
 2008  7398    4  -0.4113500000E+00  0.8815419729E-01 
 2008  7404    4  -0.1528625000E+00  0.1099211500E+00 
 2008  7410    4  -0.1815500000E-01  0.1366975019E+00 
 2008  7416    4  -0.3167750000E-01  0.1077608812E+00 
 2008  7422    4  -0.3158000000E-01  0.6608919995E-01 
 2008  7428    4  -0.1238950000E+00  0.1056764736E+00 
 2008  7434    4  -0.3897500000E+00  0.7301159155E-01 
 2008  7440    4  -0.5523250000E+00  0.8793703358E-01 
 2008  7446    4  -0.3902250000E+00  0.1144405604E+00 
 2008  7452    4  -0.5040250000E+00  0.7666688904E-01 
 2008  7458    4  -0.6706000000E+00  0.1236847808E+00 
 2008  7464    4  -0.5331500000E+00  0.5999785413E-01 
 2008  7470    4  -0.3709500000E+00  0.9962094408E-01 
 2008  7476    4  -0.2304000000E+00  0.6961619783E-01 
 2008  7482    4  -0.7522500000E+00  0.1034041706E+00 
 2008  7488    4  -0.5664750000E+00  0.5554400845E-01 
 2008  7494    4  -0.2702000000E+00  0.4826489407E-01 
 2008  7500    4  -0.3884500000E-01  0.6096834691E-01 
 2008  7506    4  -0.8739500000E+00  0.6061198314E-01 
 2008  7512    4  -0.3277000000E+00  0.1061643302E+00 
 2008  7518    4  -0.2790600000E+00  0.1249535386E+00 
 2008  7524    4  -0.5156500000E-01  0.8553152825E-01 
 2008  7530    4  -0.3634250000E+00  0.9395257780E-01 
 2008  7536    4  -0.5604250000E+00  0.1439125320E+00 
 2008  7542    4  -0.3297000000E+00  0.9118056262E-01 
 2008  7548    4  -0.2389900000E+00  0.1080660182E+00 
 2008  7554    4  -0.4422250000E+00  0.9206558464E-01 
 2008  7560    4  -0.5916250000E+00  0.9966264032E-01 
 2008  7566    4  -0.4286750000E-01  0.8365631697E-01 
 2008  7572    4  -0.3277250000E-01  0.9745205369E-01 
 2008  7578    4  -0.4328250000E+00  0.8597977597E-01 
 2008  7584    4  -0.5725000000E+00  0.8211141821E-01 
 2008  7590    4  -0.5387500000E+00  0.7378876947E-01 
 2008  7596    4  -0.2864000000E+00  0.4473896512E-01 
 2008  7602    4  -0.5137750000E+00  0.1067134334E+00 
 2008  7608    4  -0.2690500000E+00  0.7191903434E-01 
 2008  7614    4  -0.7291500000E-01  0.6452383687E-01 
 2008  7620    4  -0.4273250000E-01  0.8442330880E-01 
 2008  7626    4  -0.3376000000E+00  0.6779749258E-01 
 2008  7632    4  -0.5198500000E+00  0.6266919100E-01 
 2008  7638    4  -0.6403500000E-01  0.6961410220E-01 
 2008  7644    4  0.6535000000E-02  0.9904620879E-01 
 2008  7650    4  -0.2271000000E+00  0.8210176612E-01 
 2008  7656    4  -0.5269000000E+00  0.9071706014E-01 
 2008  7662    4  -0.1911000000E+00  0.6679127937E-01 
 2008  7668    4  -0.8421250000E-01  0.8268019182E-01 
 2008  7674    4  -0.1442425000E+00  0.7689748578E-01 
 2008  7680    4  -0.3122750000E+00  0.9082580512E-01 
 2008  7686    4  0.4343250000E-01  0.7412031043E-01 
 2008  7692    4  -0.1304450000E+00  0.1023050992E+00 
 2008  7698    4  -0.6933000000E+00  0.1193789973E+00 
 2008  7704    4  -0.8897750000E+00  0.8004418702E-01 
 2008  7710    4  -0.4624000000E+00  0.1148243006E+00 
 2008  7716    4  -0.3798250000E+00  0.9195717414E-01 
 2008  7722    4  -0.1217250000E+01  0.1105359105E+00 
 2008  7728    4  -0.1090475000E+01  0.9337519411E-01 
 2008  7734    4  -0.6607250000E+00  0.6980237729E-01 
 2008  7740    4  -0.6032750000E+00  0.8994329811E-01 
 2008  7746    4  -0.1181025000E+01  0.1255187312E+00 
 2008  7752    4  -0.7834500000E+00  0.8369783450E-01 
 2008  7758    4  -0.5296750000E+00  0.6461053997E-01 
 2008  7764    4  -0.4220000000E+00  0.8596984937E-01 
 2008  7770    4  -0.6838750000E+00  0.7083407990E-01 
 2008  7776    4  -0.5472000000E+00  0.8018126340E-01 
 2008  7782    4  -0.1616650000E+00  0.5409527405E-01 
 2008  7788    4  0.1281525000E+00  0.4689371246E-01 
 2008  7794    4  -0.2138000000E+00  0.8176952366E-01 
 2008  7800    4  -0.3056750000E+00  0.7979064403E-01 
 2008  7806    4  0.1594000000E+00  0.7294645296E-01 
 2008  7812    4  0.9990575000E-01  0.6462676101E-01 
 2008  7818    4  -0.2924250000E+00  0.8327041416E-01 
 2008  7824    4  -0.5876000000E-01  0.7990278562E-01 
 2008  7830    4  -0.8083250000E-01  0.8765993166E-01 
 2008  7836    4  0.1253802500E+00  0.8808264165E-01 
 2008  7842    4  -0.5990000000E+00  0.6464387055E-01 
 2008  7848    4  -0.3531000000E+00  0.9730046249E-01 
 2008  7854    4  -0.1771750000E-01  0.6850627759E-01 
 2008  7860    4  0.2764250000E+00  0.1064910178E+00 
 2008  7866    4  -0.1485650000E+00  0.1365016581E+00 
 2008  7872    4  -0.1483217500E+00  0.8836400296E-01 
 2008  7878    4  0.7784500000E-01  0.6667163734E-01 
 2008  7884    4  -0.9362000000E-01  0.1158082504E+00 
 2008  7890    4  -0.6049750000E+00  0.7278541664E-01 
 2008  7896    4  -0.4531750000E+00  0.6896601971E-01 
 2008  7902    4  -0.3434750000E+00  0.7046095994E-01 
 2008  7908    4  -0.5469750000E+00  0.6460817963E-01 
 2008  7914    4  -0.9391250000E+00  0.5628553877E-01 
 2008  7920    4  -0.7572500000E+00  0.8882109828E-01 
 2008  7926    4  -0.3734750000E+00  0.6030449299E-01 
 2008  7932    4  -0.2876875000E+00  0.1243120689E+00 
 2008  7938    4  -0.2902425000E+00  0.1452011895E+00 
 2008  7944    4  -0.2940000000E+00  0.1104554661E+00 
 2008  7950    4  -0.3673500000E+00  0.1279189880E+00 
 2008  7956    4  -0.3845500000E+00  0.8822727753E-01 
 2008  7962    4  -0.8826750000E+00  0.1099477916E+00 
 2008  7968    4  -0.5127000000E+00  0.1506653411E+00 
 2008  7974    4  -0.3045250000E+00  0.1034976177E+00 
 2008  7980    4  -0.3327750000E+00  0.1268707487E+00 
 2008  7986    4  -0.8005000000E+00  0.6969375869E-01 
 2008  7992    4  -0.4980250000E+00  0.7377663502E-01 
 2008  7998    4  -0.4889500000E+00  0.1205621105E+00 
 2008  8004    4  -0.2782000000E+00  0.1166230895E+00 
 2008  8010    4  -0.3828250000E+00  0.1460668918E+00 
 2008  8016    4  -0.4515250000E+00  0.1241348536E+00 
 2008  8022    4  -0.3839000000E+00  0.1182832406E+00 
 2008  8028    4  -0.2152350000E+00  0.1414993345E+00 
 2008  8034    4  -0.6775250000E+00  0.1325435282E+00 
 2008  8040    4  -0.4839000000E+00  0.6941552420E-01 
 2008  8046    4  -0.1354175000E+00  0.8938378163E-01 
 2008  8052    4  -0.1346792500E+00  0.8197120343E-01 
 2008  8058    4  -0.1804750000E+00  0.5088945741E-01 
 2008  8064    4  -0.4625000000E+00  0.9879693821E-01 
 2008  8070    4  -0.5630000000E-02  0.7588660718E-01 
 2008  8076    4  0.1869350000E+00  0.7324893634E-01 
 2008  8082    4  -0.1512000000E+00  0.5383776556E-01 
 2008  8088    4  -0.5755750000E-01  0.1086936011E+00 
 2008  8094    4  0.1990750000E+00  0.7224515122E-01 
 2008  8100    4  0.4788000000E+00  0.6924546917E-01 
 2008  8106    4  0.2452500000E+00  0.9226864310E-01 
 2008  8112    4  0.2353250000E-01  0.8221212300E-01 
 2008  8118    4  0.2871500000E+00  0.6517474588E-01 
 2008  8124    4  0.1463025000E+00  0.7455959709E-01 
 2008  8130    4  -0.2416750000E+00  0.5932956156E-01 
 2008  8136    4  -0.5480000000E+00  0.7973916854E-01 
 2008  8142    4  -0.5811750000E-01  0.6729200784E-01 
 2008  8148    4  0.5016000000E-01  0.7680000814E-01 
 2008  8154    4  -0.1142650000E+00  0.9014904145E-01 
 2008  8160    4  -0.3367250000E+00  0.1018925997E+00 
 2008  8166    4  0.2803750000E-01  0.8576049043E-01 
 2008  8172    4  0.2461250000E+00  0.7784190308E-01 
 2008  8178    4  -0.3462500000E+00  0.7385991809E-01 
 2008  8184    4  -0.3359750000E+00  0.7891192480E-01 
 2008  8190    4  0.2818000000E-01  0.6721653628E-01 
 2008  8196    4  -0.1338350000E+00  0.7152321074E-01 
 2008  8202    4  -0.6428000000E+00  0.4155123344E-01 
 2008  8208    4  -0.3793500000E+00  0.8627051930E-01 
 2008  8214    4  -0.3156000000E+00  0.6981296441E-01 
 2008  8220    4  -0.2793250000E+00  0.8024379649E-01 
 2008  8226    4  -0.5392250000E+00  0.8739325989E-01 
 2008  8232    4  -0.3371000000E+00  0.1045426468E+00 
 2008  8238    4  -0.2304750000E+00  0.6478820784E-01 
 2008  8244    4  -0.4520250000E+00  0.6807629452E-01 
 2008  8250    4  -0.5104250000E+00  0.1022168620E+00 
 2008  8256    4  -0.6843500000E+00  0.1063729406E+00 
 2008  8262    4  -0.5285250000E+00  0.8371813946E-01 
 2008  8268    4  -0.4059500000E+00  0.6804783244E-01 
 2008  8274    4  -0.6665500000E+00  0.8230763938E-01 
 2008  8280    4  -0.7291750000E+00  0.5978722167E-01 
 2008  8286    4  -0.2622250000E-01  0.6077127791E-01 
 2008  8292    4  0.1291725000E+00  0.5997181729E-01 
 2008  8298    4  -0.2380500000E+00  0.6599414747E-01 
 2008  8304    4  -0.2313500000E+00  0.4899313727E-01 
 2008  8310    4  0.6493575000E-01  0.8665387051E-01 
 2008  8316    4  -0.1268225000E+00  0.5142477534E-01 
 2008  8322    4  -0.3744500000E+00  0.1360146408E+00 
 2008  8328    4  -0.4308000000E+00  0.5288837301E-01 
 2008  8334    4  -0.2928725000E+00  0.1263639496E+00 
 2008  8340    4  -0.3565250000E+00  0.5234297350E-01 
 2008  8346    4  -0.2995500000E+00  0.5452827248E-01 
 2008  8352    4  -0.5135500000E+00  0.1247089111E+00 
 2008  8358    4  -0.4009250000E+00  0.1109087547E+00 
 2008  8364    4  -0.3127500000E+00  0.1002250842E+00 
 2008  8370    4  -0.5828750000E+00  0.1442955019E+00 
 2008  8376    4  -0.7457250000E+00  0.8032818232E-01 
 2008  8382    4  -0.1658662500E+00  0.9559479937E-01 
 2008  8388    4  -0.3356000000E+00  0.1089658433E+00 
 2008  8394    4  -0.3411000000E+00  0.8777963887E-01 
 2008  8400    4  -0.4902250000E+00  0.7066032745E-01 
 2008  8406    4  -0.2307250000E+00  0.7437023514E-01 
 2008  8412    4  -0.2658250000E+00  0.6449233966E-01 
 2008  8418    4  -0.8537250000E+00  0.1067766682E+00 
 2008  8424    4  -0.1107625000E+01  0.8647208726E-01 
 2008  8430    4  -0.8829000000E+00  0.1028158062E+00 
 2008  8436    4  -0.1346750000E+01  0.1446312121E+00 
 2008  8442    4  -0.1151750000E+01  0.8318766435E-01 
 2008  8448    4  -0.1421250000E+01  0.1553260683E+00 
 2008  8454    4  -0.1331750000E+01  0.1330195005E+00 
 2008  8460    4  -0.1412000000E+01  0.1002022954E+00 
 2008  8466    4  -0.1565500000E+01  0.1502339842E+00 
 2008  8472    4  -0.1225400000E+01  0.1944324561E+00 
 2008  8478    4  -0.9874750000E+00  0.1839549588E+00 
 2008  8484    4  -0.6467250000E+00  0.1387909647E+00 
 2008  8490    4  -0.9288250000E+00  0.1907345849E+00 
 2008  8496    4  -0.9329250000E+00  0.1720568856E+00 
 2008  8502    4  -0.8591000000E+00  0.1604489483E+00 
 2008  8508    4  -0.6033000000E+00  0.1223095049E+00 
 2008  8514    4  -0.9912750000E+00  0.1543474226E+00 
 2008  8520    4  -0.7677250000E+00  0.1699210901E+00 
 2008  8526    4  -0.8204000000E+00  0.1796506471E+00 
 2008  8532    4  -0.7554500000E+00  0.1162514193E+00 
 2008  8538    4  -0.7904250000E+00  0.1060820997E+00 
 2008  8544    4  -0.4525250000E+00  0.1336651109E+00 
 2008  8550    4  -0.5001750000E+00  0.1415030631E+00 
 2008  8556    4  -0.3707250000E+00  0.9778807123E-01 
 2008  8562    4  -0.8200000000E+00  0.8474712385E-01 
 2008  8568    4  -0.8440750000E+00  0.1694734695E+00 
 2008  8574    4  -0.5869500000E+00  0.1355364619E+00 
 2008  8580    4  -0.4367750000E+00  0.8125178075E-01 
 2008  8586    4  -0.4244500000E+00  0.1240217017E+00 
 2008  8592    4  -0.2755950000E+00  0.1240833352E+00 
 2008  8598    4  -0.1355275000E+00  0.9281640355E-01 
 2008  8604    4  0.2690000000E-02  0.9609682019E-01 
 2008  8610    4  0.5071050000E-01  0.8403505406E-01 
 2008  8616    4  -0.1187175000E+00  0.6131045522E-01 
 2008  8622    4  -0.7751250000E-01  0.5560497432E-01 
 2008  8628    4  -0.3032000000E+00  0.1025804075E+00 
 2008  8634    4  -0.5218000000E+00  0.1329955826E+00 
 2008  8640    4  -0.3571250000E+00  0.8716815287E-01 
 2008  8646    4  -0.2506975000E+00  0.9500787872E-01 
 2008  8652    4  -0.5139750000E+00  0.1283225307E+00 
 2008  8658    4  -0.6300750000E+00  0.1210974685E+00 
 2008  8664    4  -0.8077250000E+00  0.1270837593E+00 
 2008  8670    4  -0.5054000000E+00  0.1053146476E+00 
 2008  8676    4  -0.6904000000E+00  0.1255952427E+00 
 2008  8682    4  -0.6353750000E+00  0.1704768221E+00 
 2008  8688    4  -0.5031250000E+00  0.1075548087E+00 
 2008  8694    4  -0.3951000000E+00  0.1262737304E+00 
 2008  8700    4  -0.5193750000E+00  0.1305179561E+00 
 2008  8706    4  -0.8443250000E+00  0.1547523243E+00 
 2008  8712    4  -0.7691500000E+00  0.1132957303E+00 
 2008  8718    4  -0.2876500000E+00  0.1002688012E+00 
 2008  8724    4  -0.3744500000E+00  0.1049139290E+00 
 2008  8730    4  -0.7579250000E+00  0.1185722222E+00 
 2008  8736    4  -0.6152000000E+00  0.1002879105E+00 
 2008  8742    4  -0.2113325000E+00  0.7841499008E-01 
 2008  8748    4  -0.1625675000E+00  0.7387103741E-01 
 2008  8754    4  -0.2405750000E-01  0.1077087017E+00 
 2008  8760    4  -0.1406000000E-01  0.1094946656E+00 
 2008  8766    4  -0.1086425000E+00  0.8299073695E-01 
 2008  8772    4  0.1365150000E+00  0.1050471605E+00 
 2008  8778    4  -0.9805000000E-01  0.1489335842E+00 
 2008  8784    4  -0.3529000000E-01  0.9226145322E-01 
