 2008  0006    20  0.2047185000E+01  0.6879050082E+00 
 2008  0012    20  0.2212300000E+01  0.6497903585E+00 
 2008  0018    20  0.2992200000E+01  0.6252123319E+00 
 2008  0024    20  0.3433000000E+01  0.6527312617E+00 
 2008  0030    20  0.4122850000E+01  0.7991707749E+00 
 2008  0036    20  0.4309200000E+01  0.8646951255E+00 
 2008  0042    20  0.4102750000E+01  0.8445283225E+00 
 2008  0048    20  0.3789750000E+01  0.7000389186E+00 
 2008  0054    20  0.3607800000E+01  0.6243288877E+00 
 2008  0060    20  0.3306250000E+01  0.5973852923E+00 
 2008  0066    20  0.3250750000E+01  0.6237159510E+00 
 2008  0072    20  0.3303100000E+01  0.5503969386E+00 
 2008  0078    20  0.3627000000E+01  0.4782259926E+00 
 2008  0084    20  0.3882050000E+01  0.3864996087E+00 
 2008  0090    20  0.3973100000E+01  0.2970982834E+00 
 2008  0096    20  0.4200000000E+01  0.2988651870E+00 
 2008  0102    20  0.4392600000E+01  0.4412206251E+00 
 2008  0108    20  0.4605800000E+01  0.5466755528E+00 
 2008  0114    20  0.5034000000E+01  0.6042038563E+00 
 2008  0120    20  0.5452550000E+01  0.6525199978E+00 
 2008  0126    20  0.6359900000E+01  0.8985472108E+00 
 2008  0132    20  0.7179150000E+01  0.1280803899E+01 
 2008  0138    20  0.7921000000E+01  0.1565730341E+01 
 2008  0144    20  0.7891400000E+01  0.1668857765E+01 
 2008  0150    20  0.7690650000E+01  0.1658792852E+01 
 2008  0156    20  0.7538750000E+01  0.1486119204E+01 
 2008  0162    20  0.6757050000E+01  0.1234261175E+01 
 2008  0168    20  0.6276600000E+01  0.1019495140E+01 
 2008  0174    20  0.5571250000E+01  0.8043637781E+00 
 2008  0180    20  0.5181750000E+01  0.7513884398E+00 
 2008  0186    20  0.4546900000E+01  0.7431001211E+00 
 2008  0192    20  0.3585000000E+01  0.7900181011E+00 
 2008  0198    20  0.3617150000E+01  0.9630051025E+00 
 2008  0204    20  0.3654350000E+01  0.1081505075E+01 
 2008  0210    20  0.3513550000E+01  0.1171673738E+01 
 2008  0216    20  0.3547700000E+01  0.1157346841E+01 
 2008  0222    20  0.3358350000E+01  0.1114412683E+01 
 2008  0228    20  0.3155700000E+01  0.1187976309E+01 
 2008  0234    20  0.2814750000E+01  0.1231389941E+01 
 2008  0240    20  0.1983850000E+01  0.1254833102E+01 
 2008  0246    20  0.1640829500E+01  0.1250220385E+01 
 2008  0252    20  0.1425739500E+01  0.1184157833E+01 
 2008  0258    20  0.6837415000E+00  0.1125169381E+01 
 2008  0264    20  0.1859500000E-01  0.1021882566E+01 
 2008  0270    20  -0.9385000000E-01  0.9052764437E+00 
 2008  0276    20  -0.6803500000E-01  0.6354820826E+00 
 2008  0282    20  -0.5406650000E-01  0.5179604009E+00 
 2008  0288    20  -0.9463300000E-01  0.3978211312E+00 
 2008  0294    20  -0.5782800000E+00  0.2503557661E+00 
 2008  0300    20  -0.9570200000E+00  0.1921642438E+00 
 2008  0306    20  -0.1243970000E+01  0.1649293822E+00 
 2008  0312    20  -0.1508750000E+01  0.1471794398E+00 
 2008  0318    20  -0.1491400000E+01  0.2074274331E+00 
 2008  0324    20  -0.1497850000E+01  0.2299376600E+00 
 2008  0330    20  -0.1474435000E+01  0.2602999909E+00 
 2008  0336    20  -0.1526680000E+01  0.2722558018E+00 
 2008  0342    20  -0.1003430000E+01  0.2166100854E+00 
 2008  0348    20  -0.6277300000E+00  0.1621052161E+00 
 2008  0354    20  -0.4848500000E+00  0.1109732918E+00 
 2008  0360    20  -0.1024805000E+01  0.1956324500E+00 
 2008  0366    20  -0.1148210000E+01  0.3111005527E+00 
 2008  0372    20  -0.1201025000E+01  0.3342953258E+00 
 2008  0378    20  -0.6042265000E+00  0.3511742448E+00 
 2008  0384    20  0.3002165000E+00  0.3007689470E+00 
 2008  0390    20  0.1350880000E+01  0.5318105326E+00 
 2008  0396    20  0.2196300000E+01  0.7384211603E+00 
 2008  0402    20  0.2387450000E+01  0.7455820864E+00 
 2008  0408    20  0.1797600000E+01  0.5196159543E+00 
 2008  0414    20  0.1390895000E+01  0.3831714100E+00 
 2008  0420    20  0.7212750000E+00  0.4009194668E+00 
 2008  0426    20  0.2629950000E+00  0.5151895122E+00 
 2008  0432    20  -0.4141990000E+00  0.5912418452E+00 
 2008  0438    20  -0.1105635000E+00  0.6194679823E+00 
 2008  0444    20  0.1699850000E+00  0.6456104726E+00 
 2008  0450    20  0.7774355000E+00  0.6476010152E+00 
 2008  0456    20  0.9990400000E+00  0.5596408861E+00 
 2008  0462    20  0.1222555000E+01  0.5946849952E+00 
 2008  0468    20  0.3581320000E+00  0.5553597256E+00 
 2008  0474    20  -0.1415735000E+01  0.6584258343E+00 
 2008  0480    20  -0.2923450000E+01  0.7339772800E+00 
 2008  0486    20  -0.2571900000E+01  0.6936949546E+00 
 2008  0492    20  -0.1949500000E+01  0.6066068331E+00 
 2008  0498    20  -0.2544330500E+00  0.4377095809E+00 
 2008  0504    20  0.1503160000E+01  0.3635566069E+00 
 2008  0510    20  0.2411900000E+01  0.3162601619E+00 
 2008  0516    20  0.2557350000E+01  0.4452633238E+00 
 2008  0522    20  0.1914950000E+01  0.3867833341E+00 
 2008  0528    20  0.1708570000E+01  0.3686831880E+00 
 2008  0534    20  0.1637950000E+01  0.3625645425E+00 
 2008  0540    20  0.2165850000E+01  0.3876812189E+00 
 2008  0546    20  0.2533700000E+01  0.4364734929E+00 
 2008  0552    20  0.3464300000E+01  0.6974777487E+00 
 2008  0558    20  0.4862650000E+01  0.9456412784E+00 
 2008  0564    20  0.5281250000E+01  0.9200995530E+00 
 2008  0570    20  0.5809700000E+01  0.6525680884E+00 
 2008  0576    20  0.5059100000E+01  0.4709189845E+00 
 2008  0582    20  0.4029100000E+01  0.5382141674E+00 
 2008  0588    20  0.3600700000E+01  0.5610796824E+00 
 2008  0594    20  0.3004900000E+01  0.5256365569E+00 
 2008  0600    20  0.1904205000E+01  0.4857639432E+00 
 2008  0606    20  0.7538950000E+00  0.5842283564E+00 
 2008  0612    20  0.1528685000E+00  0.5950132384E+00 
 2008  0618    20  0.3775555000E+00  0.6167707953E+00 
 2008  0624    20  0.3016415000E+00  0.5727834595E+00 
 2008  0630    20  0.1177645000E+01  0.5757828762E+00 
 2008  0636    20  0.1691510000E+01  0.7902581078E+00 
 2008  0642    20  0.2082520000E+01  0.8749501801E+00 
 2008  0648    20  0.2273395000E+01  0.1102990437E+01 
 2008  0654    20  0.3111950000E+01  0.1401802963E+01 
 2008  0660    20  0.4316700000E+01  0.1458011972E+01 
 2008  0666    20  0.4451950000E+01  0.1180028198E+01 
 2008  0672    20  0.4257800000E+01  0.7686419583E+00 
 2008  0678    20  0.4013550000E+01  0.6437878901E+00 
 2008  0684    20  0.4279850000E+01  0.6646186331E+00 
 2008  0690    20  0.4276150000E+01  0.6326165723E+00 
 2008  0696    20  0.4248900000E+01  0.6029612674E+00 
 2008  0702    20  0.4505100000E+01  0.5832309920E+00 
 2008  0708    20  0.4669450000E+01  0.5326281512E+00 
 2008  0714    20  0.4419500000E+01  0.5350215416E+00 
 2008  0720    20  0.4490100000E+01  0.6014503221E+00 
 2008  0726    20  0.4885600000E+01  0.6404349616E+00 
 2008  0732    20  0.4950350000E+01  0.7124920543E+00 
 2008  0738    20  0.5144350000E+01  0.7782779886E+00 
 2008  0744    20  0.5182200000E+01  0.8192725798E+00 
 2008  0750    20  0.5395700000E+01  0.9179689592E+00 
 2008  0756    20  0.5136950000E+01  0.1036701619E+01 
 2008  0762    20  0.4439500000E+01  0.1120932848E+01 
 2008  0768    20  0.3608200000E+01  0.1059894268E+01 
 2008  0774    20  0.2425200000E+01  0.9127163086E+00 
 2008  0780    20  0.1852100000E+01  0.7094364595E+00 
 2008  0786    20  0.5846090000E+00  0.4910890473E+00 
 2008  0792    20  -0.3126462000E+00  0.3116858483E+00 
 2008  0798    20  -0.8214900000E+00  0.2252648284E+00 
 2008  0804    20  -0.7402560000E+00  0.3042595172E+00 
 2008  0810    20  -0.9135830000E+00  0.5671939491E+00 
 2008  0816    20  -0.5955080000E+00  0.7815245471E+00 
 2008  0822    20  -0.8034150000E-01  0.8241699174E+00 
 2008  0828    20  0.4327850000E+00  0.6986818355E+00 
 2008  0834    20  0.8100750000E+00  0.3890906602E+00 
 2008  0840    20  0.1032425000E+01  0.2915090923E+00 
 2008  0846    20  0.1520925000E+01  0.3004403982E+00 
 2008  0852    20  0.1300625000E+01  0.4715961629E+00 
 2008  0858    20  0.4328052500E+00  0.7824263034E+00 
 2008  0864    20  0.1876150000E+00  0.1076894760E+01 
 2008  0870    20  0.5945500000E-01  0.1120818383E+01 
 2008  0876    20  0.6815945000E+00  0.9750361312E+00 
 2008  0882    20  0.1460762000E+01  0.9280506611E+00 
 2008  0888    20  0.2406450000E+01  0.7856391968E+00 
 2008  0894    20  0.3338050000E+01  0.8037912338E+00 
 2008  0900    20  0.4324800000E+01  0.5054653895E+00 
 2008  0906    20  0.4585700000E+01  0.1880537423E+00 
 2008  0912    20  0.5142600000E+01  0.2173861541E+00 
 2008  0918    20  0.6198100000E+01  0.5404980944E+00 
 2008  0924    20  0.7231300000E+01  0.7963406997E+00 
 2008  0930    20  0.7393850000E+01  0.8678068492E+00 
 2008  0936    20  0.7077600000E+01  0.8706634482E+00 
 2008  0942    20  0.6797000000E+01  0.7893116621E+00 
 2008  0948    20  0.6286750000E+01  0.6287240949E+00 
 2008  0954    20  0.5733400000E+01  0.7080255221E+00 
 2008  0960    20  0.5637450000E+01  0.7560619998E+00 
 2008  0966    20  0.6050100000E+01  0.8153689288E+00 
 2008  0972    20  0.6651500000E+01  0.9041221986E+00 
 2008  0978    20  0.7461150000E+01  0.9609294602E+00 
 2008  0984    20  0.7184050000E+01  0.9472030128E+00 
 2008  0990    20  0.7460500000E+01  0.1089947132E+01 
 2008  0996    20  0.7233250000E+01  0.1078976824E+01 
 2008  1002    20  0.6619550000E+01  0.1139962257E+01 
 2008  1008    20  0.5410150000E+01  0.1090375269E+01 
 2008  1014    20  0.4948950000E+01  0.1012922034E+01 
 2008  1020    20  0.4490750000E+01  0.8727702948E+00 
 2008  1026    20  0.3850050000E+01  0.7627461226E+00 
 2008  1032    20  0.3649750000E+01  0.8265600931E+00 
 2008  1038    20  0.3374250000E+01  0.7414932822E+00 
 2008  1044    20  0.3668900000E+01  0.7005409267E+00 
 2008  1050    20  0.3889550000E+01  0.7526719388E+00 
 2008  1056    20  0.3725750000E+01  0.7048680639E+00 
 2008  1062    20  0.3612750000E+01  0.5116623765E+00 
 2008  1068    20  0.2952500000E+01  0.3776432841E+00 
 2008  1074    20  0.2428550000E+01  0.3050402391E+00 
 2008  1080    20  0.2115600000E+01  0.2447585341E+00 
 2008  1086    20  0.1855050000E+01  0.2505880035E+00 
 2008  1092    20  0.2286600000E+01  0.2675085793E+00 
 2008  1098    20  0.2732650000E+01  0.2469097558E+00 
 2008  1104    20  0.2684400000E+01  0.2423116588E+00 
 2008  1110    20  0.2886500000E+01  0.2342416487E+00 
 2008  1116    20  0.2373650000E+01  0.2655666159E+00 
 2008  1122    20  0.1918200000E+01  0.2221957695E+00 
 2008  1128    20  0.1611700000E+01  0.3104910788E+00 
 2008  1134    20  0.1431070000E+01  0.4562209126E+00 
 2008  1140    20  0.1013280000E+01  0.7562183492E+00 
 2008  1146    20  0.1238865500E+01  0.1011918007E+01 
 2008  1152    20  0.6155765000E+00  0.8313759886E+00 
 2008  1158    20  -0.3653575000E+00  0.3893811382E+00 
 2008  1164    20  -0.2435650000E+00  0.1797976157E+00 
 2008  1170    20  0.1097950000E+01  0.4272202272E+00 
 2008  1176    20  0.2227450000E+01  0.5073386911E+00 
 2008  1182    20  0.3089950000E+01  0.4024331590E+00 
 2008  1188    20  0.3359850000E+01  0.2550968983E+00 
 2008  1194    20  0.3400100000E+01  0.1037019286E+00 
 2008  1200    20  0.3693750000E+01  0.1700649508E+00 
 2008  1206    20  0.4133400000E+01  0.3295336705E+00 
 2008  1212    20  0.4424350000E+01  0.5369903421E+00 
 2008  1218    20  0.4913650000E+01  0.6550299440E+00 
 2008  1224    20  0.5138150000E+01  0.6837265736E+00 
 2008  1230    20  0.5188200000E+01  0.8819457806E+00 
 2008  1236    20  0.5311200000E+01  0.1068740829E+01 
 2008  1242    20  0.4940500000E+01  0.1320150238E+01 
 2008  1248    20  0.4270850000E+01  0.1415472722E+01 
 2008  1254    20  0.3896900000E+01  0.1528628467E+01 
 2008  1260    20  0.3642750000E+01  0.1362481775E+01 
 2008  1266    20  0.3397150000E+01  0.1130704085E+01 
 2008  1272    20  0.3360950000E+01  0.9137059415E+00 
 2008  1278    20  0.3963650000E+01  0.7193711334E+00 
 2008  1284    20  0.4583500000E+01  0.5918639624E+00 
 2008  1290    20  0.5462100000E+01  0.4915894527E+00 
 2008  1296    20  0.5542800000E+01  0.3922256493E+00 
 2008  1302    20  0.5750000000E+01  0.3343269358E+00 
 2008  1308    20  0.6033900000E+01  0.2965455951E+00 
 2008  1314    20  0.5800450000E+01  0.2396058169E+00 
 2008  1320    20  0.4963350000E+01  0.1780166495E+00 
 2008  1326    20  0.3492950000E+01  0.1364226796E+00 
 2008  1332    20  0.2044450000E+01  0.1553401027E+00 
 2008  1338    20  0.1356100000E+01  0.2264641031E+00 
 2008  1344    20  0.1666750000E+01  0.3676645040E+00 
 2008  1350    20  0.2205600000E+01  0.4172414649E+00 
 2008  1356    20  0.2695100000E+01  0.3700239046E+00 
 2008  1362    20  0.2205250000E+01  0.4387241588E+00 
 2008  1368    20  0.2035000000E+01  0.2475455514E+00 
 2008  1374    20  0.2625500000E+01  0.5139480032E+00 
 2008  1380    20  0.3577850000E+01  0.7056101810E+00 
 2008  1386    20  0.4559850000E+01  0.6585629260E+00 
 2008  1392    20  0.5190450000E+01  0.6223151513E+00 
 2008  1398    20  0.5825050000E+01  0.4612880310E+00 
 2008  1404    20  0.6158450000E+01  0.2689417177E+00 
 2008  1410    20  0.6129350000E+01  0.1393726211E+00 
 2008  1416    20  0.5806100000E+01  0.6432721042E-01 
 2008  1422    20  0.5272050000E+01  0.1204622244E+00 
 2008  1428    20  0.5054050000E+01  0.1558638749E+00 
 2008  1434    20  0.4556700000E+01  0.2589003862E+00 
 2008  1440    20  0.4083800000E+01  0.3840176558E+00 
 2008  1446    20  0.3356600000E+01  0.4605751187E+00 
 2008  1452    20  0.2619200000E+01  0.5424623121E+00 
 2008  1458    20  0.1716405000E+01  0.6884425506E+00 
 2008  1464    20  0.1369335000E+01  0.8207927475E+00 
 2008  1470    20  0.1508498825E+01  0.9916154872E+00 
 2008  1476    20  0.2137425000E+01  0.8837506124E+00 
 2008  1482    20  0.2298700000E+01  0.5869836539E+00 
 2008  1488    20  0.2123550000E+01  0.4068459752E+00 
 2008  1494    20  0.2243400000E+01  0.4112471763E+00 
 2008  1500    20  0.2410550000E+01  0.3421174469E+00 
 2008  1506    20  0.2284900000E+01  0.4543915602E+00 
 2008  1512    20  0.2367650000E+01  0.4176540764E+00 
 2008  1518    20  0.2389250000E+01  0.3114830453E+00 
 2008  1524    20  0.2134050000E+01  0.2019075221E+00 
 2008  1530    20  0.1856450000E+01  0.1899166857E+00 
 2008  1536    20  0.1606050000E+01  0.1368829701E+00 
 2008  1542    20  0.1881650000E+01  0.1781921084E+00 
 2008  1548    20  0.2056100000E+01  0.1725557591E+00 
 2008  1554    20  0.2227100000E+01  0.2571540200E+00 
 2008  1560    20  0.2258500000E+01  0.2791118951E+00 
 2008  1566    20  0.2449800000E+01  0.2885481935E+00 
 2008  1572    20  0.2646450000E+01  0.2572931159E+00 
 2008  1578    20  0.2671750000E+01  0.2404302134E+00 
 2008  1584    20  0.2530550000E+01  0.2211860020E+00 
 2008  1590    20  0.2967000000E+01  0.2479620939E+00 
 2008  1596    20  0.3599050000E+01  0.2784457712E+00 
 2008  1602    20  0.4091150000E+01  0.3912085473E+00 
 2008  1608    20  0.4270450000E+01  0.4794942622E+00 
 2008  1614    20  0.4415400000E+01  0.4925331867E+00 
 2008  1620    20  0.4602100000E+01  0.4872868662E+00 
 2008  1626    20  0.4793800000E+01  0.4875700565E+00 
 2008  1632    20  0.4704350000E+01  0.4638497898E+00 
 2008  1638    20  0.4943400000E+01  0.4867612762E+00 
 2008  1644    20  0.4745800000E+01  0.4195985701E+00 
 2008  1650    20  0.4461600000E+01  0.4728862865E+00 
 2008  1656    20  0.4347750000E+01  0.4860317762E+00 
 2008  1662    20  0.4105750000E+01  0.4936970605E+00 
 2008  1668    20  0.4073450000E+01  0.4887580664E+00 
 2008  1674    20  0.3900150000E+01  0.4323243314E+00 
 2008  1680    20  0.3781250000E+01  0.4036404186E+00 
 2008  1686    20  0.3698850000E+01  0.4044547286E+00 
 2008  1692    20  0.3901500000E+01  0.3815539936E+00 
 2008  1698    20  0.3753350000E+01  0.3443205302E+00 
 2008  1704    20  0.3424450000E+01  0.2787992961E+00 
 2008  1710    20  0.3287300000E+01  0.2507028321E+00 
 2008  1716    20  0.3566750000E+01  0.2459105274E+00 
 2008  1722    20  0.3418550000E+01  0.2247993494E+00 
 2008  1728    20  0.3420400000E+01  0.2465559571E+00 
 2008  1734    20  0.3464250000E+01  0.3211474545E+00 
 2008  1740    20  0.3358550000E+01  0.3188246344E+00 
 2008  1746    20  0.3066500000E+01  0.2281862178E+00 
 2008  1752    20  0.2487850000E+01  0.1726207621E+00 
 2008  1758    20  0.2112850000E+01  0.7702809552E-01 
 2008  1764    20  0.1577650000E+01  0.1057692181E+00 
 2008  1770    20  0.1404050000E+01  0.2020241260E+00 
 2008  1776    20  0.9867000000E+00  0.3069551189E+00 
 2008  1782    20  0.8887750000E+00  0.3508392508E+00 
 2008  1788    20  0.1083210000E+01  0.3994254022E+00 
 2008  1794    20  0.1257790000E+01  0.3465144022E+00 
 2008  1800    20  0.1328150000E+01  0.3575310105E+00 
 2008  1806    20  0.1659700000E+01  0.4430487671E+00 
 2008  1812    20  0.2337850000E+01  0.5000029275E+00 
 2008  1818    20  0.2683600000E+01  0.5127558288E+00 
 2008  1824    20  0.2809400000E+01  0.4965579926E+00 
 2008  1830    20  0.2920550000E+01  0.3905719492E+00 
 2008  1836    20  0.3418050000E+01  0.3537656675E+00 
 2008  1842    20  0.3793250000E+01  0.4372365350E+00 
 2008  1848    20  0.4327450000E+01  0.4555164624E+00 
 2008  1854    20  0.4872350000E+01  0.4275688570E+00 
 2008  1860    20  0.5199700000E+01  0.3487527921E+00 
 2008  1866    20  0.5214800000E+01  0.3117658737E+00 
 2008  1872    20  0.4888750000E+01  0.2934348096E+00 
 2008  1878    20  0.4547750000E+01  0.2523842061E+00 
 2008  1884    20  0.4598600000E+01  0.2742118524E+00 
 2008  1890    20  0.4471400000E+01  0.4171624863E+00 
 2008  1896    20  0.4301200000E+01  0.4872882720E+00 
 2008  1902    20  0.3829300000E+01  0.5641415691E+00 
 2008  1908    20  0.3343450000E+01  0.7294479745E+00 
 2008  1914    20  0.2537800000E+01  0.7258633205E+00 
 2008  1920    20  0.1670025000E+01  0.7893148376E+00 
 2008  1926    20  0.8133850000E+00  0.7024440472E+00 
 2008  1932    20  0.1715200000E+00  0.6059483745E+00 
 2008  1938    20  -0.8160125000E+00  0.4614397136E+00 
 2008  1944    20  -0.9800650000E+00  0.4461023238E+00 
 2008  1950    20  -0.1098780000E+01  0.5700363353E+00 
 2008  1956    20  -0.8416950000E+00  0.6664096949E+00 
 2008  1962    20  -0.5911390000E+00  0.7705493917E+00 
 2008  1968    20  -0.1423620000E+00  0.7014295615E+00 
 2008  1974    20  0.2644520000E+00  0.6964889815E+00 
 2008  1980    20  0.7078180000E+00  0.6563293749E+00 
 2008  1986    20  0.9332345000E+00  0.6014820663E+00 
 2008  1992    20  0.8096205000E+00  0.4536190397E+00 
 2008  1998    20  0.5876210000E+00  0.3480020106E+00 
 2008  2004    20  0.2124790000E+00  0.3056305519E+00 
 2008  2010    20  -0.2637245000E+00  0.3553520736E+00 
 2008  2016    20  -0.7568155000E+00  0.4362309777E+00 
 2008  2022    20  -0.1098110000E+01  0.4850193243E+00 
 2008  2028    20  -0.1293705000E+01  0.4875875598E+00 
 2008  2034    20  -0.1599105000E+01  0.4541280144E+00 
 2008  2040    20  -0.1547050000E+01  0.3688231927E+00 
 2008  2046    20  -0.2901800000E+01  0.5331206805E+00 
 2008  2052    20  -0.4315100000E+01  0.8491530427E+00 
 2008  2058    20  -0.5538700000E+01  0.1011736285E+01 
 2008  2064    20  -0.5314050000E+01  0.8707502785E+00 
 2008  2070    20  -0.3266000000E+01  0.8114298491E+00 
 2008  2076    20  -0.1512320000E+01  0.5679025520E+00 
 2008  2082    20  -0.1354695000E+01  0.3231913373E+00 
 2008  2088    20  -0.1769950000E+01  0.4581153212E+00 
 2008  2094    20  -0.2129780000E+01  0.7529073758E+00 
 2008  2100    20  -0.2205260000E+01  0.8172677654E+00 
 2008  2106    20  -0.2030825000E+01  0.7306300027E+00 
 2008  2112    20  -0.2132500000E+01  0.5765274061E+00 
 2008  2118    20  -0.2108800000E+01  0.3647255955E+00 
 2008  2124    20  -0.2816150000E+01  0.2641708301E+00 
 2008  2130    20  -0.3790850000E+01  0.6496460017E+00 
 2008  2136    20  -0.5039850000E+01  0.1221826472E+01 
 2008  2142    20  -0.6094050000E+01  0.1685549598E+01 
 2008  2148    20  -0.6459600000E+01  0.1861600344E+01 
 2008  2154    20  -0.6286800000E+01  0.1884944365E+01 
 2008  2160    20  -0.5918600000E+01  0.1919111732E+01 
 2008  2166    20  -0.5499600000E+01  0.1834181954E+01 
 2008  2172    20  -0.3685000000E+01  0.1433903030E+01 
 2008  2178    20  -0.1569950000E+01  0.9986711603E+00 
 2008  2184    20  0.2723060000E+00  0.6999849959E+00 
 2008  2190    20  0.1585380000E+01  0.5729592155E+00 
 2008  2196    20  0.2290350000E+01  0.4567984539E+00 
 2008  2202    20  0.2478700000E+01  0.3103105058E+00 
 2008  2208    20  0.2737700000E+01  0.2480036492E+00 
 2008  2214    20  0.3271050000E+01  0.3236202211E+00 
 2008  2220    20  0.4050950000E+01  0.3706579926E+00 
 2008  2226    20  0.4885350000E+01  0.5357878568E+00 
 2008  2232    20  0.5388400000E+01  0.6171331623E+00 
 2008  2238    20  0.6244500000E+01  0.6466214890E+00 
 2008  2244    20  0.6990250000E+01  0.5890749422E+00 
 2008  2250    20  0.7472000000E+01  0.5631420780E+00 
 2008  2256    20  0.7551850000E+01  0.5683169252E+00 
 2008  2262    20  0.7750550000E+01  0.6363427123E+00 
 2008  2268    20  0.7547200000E+01  0.6287900763E+00 
 2008  2274    20  0.7324000000E+01  0.7387685700E+00 
 2008  2280    20  0.7132500000E+01  0.7960447538E+00 
 2008  2286    20  0.6783700000E+01  0.8550925155E+00 
 2008  2292    20  0.6235500000E+01  0.9093037171E+00 
 2008  2298    20  0.5897850000E+01  0.1022595584E+01 
 2008  2304    20  0.5699050000E+01  0.1033479970E+01 
 2008  2310    20  0.5097200000E+01  0.9619402580E+00 
 2008  2316    20  0.4836700000E+01  0.9104763094E+00 
 2008  2322    20  0.4343800000E+01  0.9670596466E+00 
 2008  2328    20  0.3442700000E+01  0.1064210087E+01 
 2008  2334    20  0.2443450000E+01  0.1150851140E+01 
 2008  2340    20  0.1906125000E+01  0.1060269402E+01 
 2008  2346    20  0.1824095000E+01  0.8697581356E+00 
 2008  2352    20  0.1638275000E+01  0.6713455190E+00 
 2008  2358    20  0.1960450000E+01  0.5696537084E+00 
 2008  2364    20  0.2288800000E+01  0.4562832015E+00 
 2008  2370    20  0.2581650000E+01  0.5217058822E+00 
 2008  2376    20  0.2960250000E+01  0.6871791524E+00 
 2008  2382    20  0.3376050000E+01  0.7804834063E+00 
 2008  2388    20  0.3609300000E+01  0.8177289955E+00 
 2008  2394    20  0.4089750000E+01  0.9385852585E+00 
 2008  2400    20  0.4158150000E+01  0.1034960834E+01 
 2008  2406    20  0.3620050000E+01  0.1000854309E+01 
 2008  2412    20  0.2913050000E+01  0.9239458575E+00 
 2008  2418    20  0.2351450000E+01  0.8428169715E+00 
 2008  2424    20  0.1428010000E+01  0.7263010043E+00 
 2008  2430    20  0.6506425000E+00  0.6346863886E+00 
 2008  2436    20  0.3336020000E+00  0.5261928735E+00 
 2008  2442    20  0.4426500000E-02  0.4724530403E+00 
 2008  2448    20  -0.7342550000E-01  0.4139746895E+00 
 2008  2454    20  0.1299825000E+00  0.3677425334E+00 
 2008  2460    20  0.5888290000E+00  0.3485687224E+00 
 2008  2466    20  0.5459520000E+00  0.3973510044E+00 
 2008  2472    20  0.6245860000E+00  0.4127085705E+00 
 2008  2478    20  0.9313195000E+00  0.4473730371E+00 
 2008  2484    20  0.1357965000E+01  0.4172865374E+00 
 2008  2490    20  0.1721345000E+01  0.4607068607E+00 
 2008  2496    20  0.1959400000E+01  0.4365768432E+00 
 2008  2502    20  0.2111700000E+01  0.4056985457E+00 
 2008  2508    20  0.2925000000E+01  0.3878985692E+00 
 2008  2514    20  0.3488650000E+01  0.4763754061E+00 
 2008  2520    20  0.4195450000E+01  0.5197436363E+00 
 2008  2526    20  0.4110600000E+01  0.4809733257E+00 
 2008  2532    20  0.3442700000E+01  0.3841420440E+00 
 2008  2538    20  0.2383050000E+01  0.2853828087E+00 
 2008  2544    20  0.8256750000E+00  0.1463767805E+00 
 2008  2550    20  0.1272655000E+00  0.2660853731E+00 
 2008  2556    20  0.8779650000E+00  0.6131830479E+00 
 2008  2562    20  0.2161150000E+01  0.8189012929E+00 
 2008  2568    20  0.2596400000E+01  0.7867395630E+00 
 2008  2574    20  0.2777500000E+01  0.6896004278E+00 
 2008  2580    20  0.2586050000E+01  0.4917920775E+00 
 2008  2586    20  0.2051700000E+01  0.2864713075E+00 
 2008  2592    20  0.1301400000E+01  0.1795289392E+00 
 2008  2598    20  0.7678350000E+00  0.2235097521E+00 
 2008  2604    20  0.2830815000E+00  0.3456759773E+00 
 2008  2610    20  -0.3361750000E-01  0.5047387594E+00 
 2008  2616    20  -0.4485350000E-01  0.6450552221E+00 
 2008  2622    20  0.2279050000E+00  0.8019027806E+00 
 2008  2628    20  0.3887255000E+00  0.8268693699E+00 
 2008  2634    20  0.1618540000E+01  0.7933871000E+00 
 2008  2640    20  0.2572950000E+01  0.6889684663E+00 
 2008  2646    20  0.3443050000E+01  0.4804532730E+00 
 2008  2652    20  0.3421750000E+01  0.5445722060E+00 
 2008  2658    20  0.3174150000E+01  0.4348782904E+00 
 2008  2664    20  0.3088700000E+01  0.3597614626E+00 
 2008  2670    20  0.2776800000E+01  0.3531081421E+00 
 2008  2676    20  0.2347050000E+01  0.3320961420E+00 
 2008  2682    20  0.1624450000E+01  0.2111635563E+00 
 2008  2688    20  0.4330930000E+00  0.2350830915E+00 
 2008  2694    20  -0.3507004500E+00  0.2808716068E+00 
 2008  2700    20  -0.7366050000E+00  0.3184602793E+00 
 2008  2706    20  -0.6106200000E+00  0.3472067015E+00 
 2008  2712    20  -0.8679850000E+00  0.4413164061E+00 
 2008  2718    20  -0.8497500000E+00  0.4819484936E+00 
 2008  2724    20  -0.6664864000E+00  0.4788340362E+00 
 2008  2730    20  -0.6426210000E+00  0.6892402900E+00 
 2008  2736    20  -0.1243175000E+01  0.7364106028E+00 
 2008  2742    20  -0.1208810000E+01  0.5672532908E+00 
 2008  2748    20  -0.9220200000E+00  0.3844482678E+00 
 2008  2754    20  -0.2974124500E+00  0.3879498232E+00 
 2008  2760    20  0.3885730000E+00  0.3250576528E+00 
 2008  2766    20  0.1303515000E+01  0.4157226531E+00 
 2008  2772    20  0.1912700000E+01  0.4190939155E+00 
 2008  2778    20  0.1858550000E+01  0.2645693624E+00 
 2008  2784    20  0.2233700000E+01  0.1706400012E+00 
 2008  2790    20  0.3429600000E+01  0.2528019778E+00 
 2008  2796    20  0.4705200000E+01  0.3500097999E+00 
 2008  2802    20  0.6067050000E+01  0.3479000539E+00 
 2008  2808    20  0.7120300000E+01  0.2956131086E+00 
 2008  2814    20  0.7139050000E+01  0.2809046947E+00 
 2008  2820    20  0.6791900000E+01  0.2251563679E+00 
 2008  2826    20  0.6153450000E+01  0.2014843604E+00 
 2008  2832    20  0.5351800000E+01  0.1942566859E+00 
 2008  2838    20  0.4519900000E+01  0.1701772311E+00 
 2008  2844    20  0.4170750000E+01  0.3629673367E+00 
 2008  2850    20  0.3931850000E+01  0.5554849480E+00 
 2008  2856    20  0.3490650000E+01  0.6598140098E+00 
 2008  2862    20  0.3060300000E+01  0.7148223625E+00 
 2008  2868    20  0.3532850000E+01  0.8042941175E+00 
 2008  2874    20  0.3793450000E+01  0.8113853878E+00 
 2008  2880    20  0.4235600000E+01  0.8205506931E+00 
 2008  2886    20  0.4536150000E+01  0.7532084887E+00 
 2008  2892    20  0.4704000000E+01  0.6812244858E+00 
 2008  2898    20  0.4669300000E+01  0.6180496016E+00 
 2008  2904    20  0.4356850000E+01  0.5493469100E+00 
 2008  2910    20  0.4004500000E+01  0.4261743188E+00 
 2008  2916    20  0.3481650000E+01  0.3327496469E+00 
 2008  2922    20  0.2942800000E+01  0.2536670258E+00 
 2008  2928    20  0.2583350000E+01  0.2254145681E+00 
 2008  2934    20  0.2210700000E+01  0.1917232641E+00 
 2008  2940    20  0.2082850000E+01  0.1663893852E+00 
 2008  2946    20  0.1751650000E+01  0.1587744548E+00 
 2008  2952    20  0.1592750000E+01  0.1666504950E+00 
 2008  2958    20  0.1387850000E+01  0.2225842032E+00 
 2008  2964    20  0.1410150000E+01  0.2202723939E+00 
 2008  2970    20  0.1507500000E+01  0.2595691623E+00 
 2008  2976    20  0.1473450000E+01  0.3079299393E+00 
 2008  2982    20  0.1210115000E+01  0.3340649791E+00 
 2008  2988    20  0.1287165000E+01  0.3550501687E+00 
 2008  2994    20  0.1318145000E+01  0.3398882779E+00 
 2008  3000    20  0.1369955000E+01  0.2590081436E+00 
 2008  3006    20  0.1718500000E+01  0.2603947964E+00 
 2008  3012    20  0.2005250000E+01  0.1909546739E+00 
 2008  3018    20  0.2581750000E+01  0.2419497623E+00 
 2008  3024    20  0.2927650000E+01  0.2842979555E+00 
 2008  3030    20  0.3198400000E+01  0.2359858894E+00 
 2008  3036    20  0.3686050000E+01  0.2631521376E+00 
 2008  3042    20  0.3637500000E+01  0.2039927695E+00 
 2008  3048    20  0.3268350000E+01  0.2159581615E+00 
 2008  3054    20  0.2636400000E+01  0.2094522380E+00 
 2008  3060    20  0.2050500000E+01  0.2004850368E+00 
 2008  3066    20  0.1422600000E+01  0.1388298959E+00 
 2008  3072    20  0.8851400000E+00  0.2139676644E+00 
 2008  3078    20  0.6584445000E+00  0.4524386986E+00 
 2008  3084    20  0.6833090000E+00  0.6494209944E+00 
 2008  3090    20  0.7019660000E+00  0.7118058416E+00 
 2008  3096    20  0.5193250000E+00  0.6422355587E+00 
 2008  3102    20  0.8073870000E+00  0.5788829328E+00 
 2008  3108    20  0.1355780000E+01  0.4157327598E+00 
 2008  3114    20  0.1689350000E+01  0.3323029153E+00 
 2008  3120    20  0.1586050000E+01  0.2688956071E+00 
 2008  3126    20  0.1133040000E+01  0.2510389500E+00 
 2008  3132    20  0.2985320000E+00  0.3199450779E+00 
 2008  3138    20  -0.8781950000E+00  0.3138445849E+00 
 2008  3144    20  -0.1410220000E+01  0.2496731676E+00 
 2008  3150    20  -0.1656450000E+01  0.2331648505E+00 
 2008  3156    20  -0.2288500000E+01  0.4211139395E+00 
 2008  3162    20  -0.2617350000E+01  0.5318538592E+00 
 2008  3168    20  -0.2613150000E+01  0.5803353578E+00 
 2008  3174    20  -0.2167050000E+01  0.6054962820E+00 
 2008  3180    20  -0.1799235000E+01  0.6839849745E+00 
 2008  3186    20  -0.1720990000E+01  0.7702451875E+00 
 2008  3192    20  -0.1856910000E+01  0.8458819876E+00 
 2008  3198    20  -0.1925445000E+01  0.9172612057E+00 
 2008  3204    20  -0.1769330000E+01  0.9102459586E+00 
 2008  3210    20  -0.1466585000E+01  0.8198195260E+00 
 2008  3216    20  -0.1016075000E+01  0.6484483024E+00 
 2008  3222    20  -0.1094330000E+01  0.7071393718E+00 
 2008  3228    20  -0.1100100000E+01  0.6600646112E+00 
 2008  3234    20  -0.3420055000E+00  0.4414205889E+00 
 2008  3240    20  0.7438245000E+00  0.4690630258E+00 
 2008  3246    20  0.1569400000E+01  0.4693974979E+00 
 2008  3252    20  0.2041650000E+01  0.3543762513E+00 
 2008  3258    20  0.2030600000E+01  0.2813992537E+00 
 2008  3264    20  0.2143800000E+01  0.3132423343E+00 
 2008  3270    20  0.2555800000E+01  0.3074029278E+00 
 2008  3276    20  0.2640300000E+01  0.3597343603E+00 
 2008  3282    20  0.2619050000E+01  0.3884413051E+00 
 2008  3288    20  0.2563700000E+01  0.3882366675E+00 
 2008  3294    20  0.2759000000E+01  0.4552981441E+00 
 2008  3300    20  0.3060050000E+01  0.5786411215E+00 
 2008  3306    20  0.3598250000E+01  0.6867262100E+00 
 2008  3312    20  0.3936550000E+01  0.6894036173E+00 
 2008  3318    20  0.4063250000E+01  0.6695203414E+00 
 2008  3324    20  0.3917150000E+01  0.6100117437E+00 
 2008  3330    20  0.3530700000E+01  0.4879483682E+00 
 2008  3336    20  0.2968450000E+01  0.3641466017E+00 
 2008  3342    20  0.2375550000E+01  0.2903298943E+00 
 2008  3348    20  0.1968950000E+01  0.2749939045E+00 
 2008  3354    20  0.1286250000E+01  0.1628336191E+00 
 2008  3360    20  0.1772300000E+01  0.5484915770E+00 
 2008  3366    20  0.3307750000E+01  0.7670681114E+00 
 2008  3372    20  0.3889750000E+01  0.5375216158E+00 
 2008  3378    20  0.3673200000E+01  0.4112245858E+00 
 2008  3384    20  0.2564200000E+01  0.3021705810E+00 
 2008  3390    20  0.2030650000E+01  0.3249737336E+00 
 2008  3396    20  0.1702800000E+01  0.3740752063E+00 
 2008  3402    20  0.1035535000E+01  0.4613428219E+00 
 2008  3408    20  0.6983955000E+00  0.3981641485E+00 
 2008  3414    20  0.1069575000E+01  0.4048334928E+00 
 2008  3420    20  0.1833200000E+01  0.3839326243E+00 
 2008  3426    20  0.2107400000E+01  0.3563733155E+00 
 2008  3432    20  0.2112600000E+01  0.4083410829E+00 
 2008  3438    20  0.2036850000E+01  0.2197016784E+00 
 2008  3444    20  0.2524950000E+01  0.3325856995E+00 
 2008  3450    20  0.3217500000E+01  0.6526019844E+00 
 2008  3456    20  0.3880300000E+01  0.8356484967E+00 
 2008  3462    20  0.4375150000E+01  0.6494766566E+00 
 2008  3468    20  0.4457800000E+01  0.3197438975E+00 
 2008  3474    20  0.4160350000E+01  0.1322925829E+00 
 2008  3480    20  0.3988650000E+01  0.1534826619E+00 
 2008  3486    20  0.3565950000E+01  0.2466017995E+00 
 2008  3492    20  0.3268250000E+01  0.3503763512E+00 
 2008  3498    20  0.2773350000E+01  0.4843585733E+00 
 2008  3504    20  0.2491050000E+01  0.3717319565E+00 
 2008  3510    20  0.2552250000E+01  0.2207276319E+00 
 2008  3516    20  0.2786150000E+01  0.2958518675E+00 
 2008  3522    20  0.2953800000E+01  0.5862097406E+00 
 2008  3528    20  0.3209650000E+01  0.7841466237E+00 
 2008  3534    20  0.3431950000E+01  0.8380104101E+00 
 2008  3540    20  0.3461550000E+01  0.8322633282E+00 
 2008  3546    20  0.3069900000E+01  0.7186131017E+00 
 2008  3552    20  0.2491450000E+01  0.4895021425E+00 
 2008  3558    20  0.1613700000E+01  0.3690436424E+00 
 2008  3564    20  0.6335255000E+00  0.3423342263E+00 
 2008  3570    20  -0.2591250000E+00  0.2973927586E+00 
 2008  3576    20  -0.1003090000E+01  0.2042561796E+00 
 2008  3582    20  -0.4507150000E+00  0.6022312141E+00 
 2008  3588    20  0.1194944500E+01  0.1042464787E+01 
 2008  3594    20  0.3138350000E+01  0.9080603656E+00 
 2008  3600    20  0.3437850000E+01  0.4543018022E+00 
 2008  3606    20  0.3052450000E+01  0.2553895994E+00 
 2008  3612    20  0.2308150000E+01  0.2178325676E+00 
 2008  3618    20  0.1869800000E+01  0.2651295155E+00 
 2008  3624    20  0.1743950000E+01  0.2888039950E+00 
 2008  3630    20  0.1827750000E+01  0.3013343450E+00 
 2008  3636    20  0.1722650000E+01  0.3002847440E+00 
 2008  3642    20  0.1808350000E+01  0.4603103600E+00 
 2008  3648    20  0.1968850000E+01  0.5227804774E+00 
 2008  3654    20  0.1618000000E+01  0.4443964446E+00 
 2008  3660    20  0.4691430000E+00  0.3069755117E+00 
 2008  3666    20  -0.2656325000E+00  0.1182901446E+00 
 2008  3672    20  -0.2458270000E+00  0.2568945798E+00 
 2008  3678    20  0.2939700000E+00  0.2985341326E+00 
 2008  3684    20  0.1488389000E+00  0.1859661140E+00 
 2008  3690    20  -0.1436525000E+01  0.5869107256E+00 
 2008  3696    20  -0.2249850000E+01  0.7975656885E+00 
 2008  3702    20  -0.2861380000E+00  0.7555004681E+00 
 2008  3708    20  0.1412808000E+01  0.5371625052E+00 
 2008  3714    20  0.1822750000E+01  0.4795286733E+00 
 2008  3720    20  0.1592755000E+01  0.5835064014E+00 
 2008  3726    20  0.1577590500E+01  0.9124522592E+00 
 2008  3732    20  0.2142936000E+01  0.1155305324E+01 
 2008  3738    20  0.3020825000E+01  0.1049450443E+01 
 2008  3744    20  0.3622950000E+01  0.7001450903E+00 
 2008  3750    20  0.3770000000E+01  0.5315194258E+00 
 2008  3756    20  0.4200150000E+01  0.5204843201E+00 
 2008  3762    20  0.4739250000E+01  0.5789581915E+00 
 2008  3768    20  0.5242250000E+01  0.5604061808E+00 
 2008  3774    20  0.5224350000E+01  0.4415935093E+00 
 2008  3780    20  0.4794450000E+01  0.3511970209E+00 
 2008  3786    20  0.4611900000E+01  0.3499619836E+00 
 2008  3792    20  0.4259950000E+01  0.3349652930E+00 
 2008  3798    20  0.4117200000E+01  0.2630341423E+00 
 2008  3804    20  0.4259900000E+01  0.2081840292E+00 
 2008  3810    20  0.4082350000E+01  0.1654020178E+00 
 2008  3816    20  0.3915050000E+01  0.2429467997E+00 
 2008  3822    20  0.3660200000E+01  0.3821561984E+00 
 2008  3828    20  0.3578950000E+01  0.4738131990E+00 
 2008  3834    20  0.3332250000E+01  0.5656394501E+00 
 2008  3840    20  0.2838650000E+01  0.5925096012E+00 
 2008  3846    20  0.2190250000E+01  0.4076899404E+00 
 2008  3852    20  0.1697050000E+01  0.2761036898E+00 
 2008  3858    20  0.1064545000E+01  0.1618363077E+00 
 2008  3864    20  0.1073595000E+01  0.4424211540E+00 
 2008  3870    20  0.1835245000E+01  0.7712764780E+00 
 2008  3876    20  0.2368600000E+01  0.6785371324E+00 
 2008  3882    20  0.2104250000E+01  0.4218052720E+00 
 2008  3888    20  0.1376175000E+01  0.2329180798E+00 
 2008  3894    20  0.3733802000E+00  0.4818605605E+00 
 2008  3900    20  -0.4816966500E+00  0.5941823982E+00 
 2008  3906    20  -0.8110240000E+00  0.5756170320E+00 
 2008  3912    20  -0.9352760000E-01  0.6568530874E+00 
 2008  3918    20  0.1242085000E+01  0.6966760253E+00 
 2008  3924    20  0.1928700000E+01  0.7250988277E+00 
 2008  3930    20  0.2707850000E+01  0.7813041837E+00 
 2008  3936    20  0.3201650000E+01  0.7419798026E+00 
 2008  3942    20  0.3392200000E+01  0.6149018296E+00 
 2008  3948    20  0.2855700000E+01  0.4040934422E+00 
 2008  3954    20  0.1860700000E+01  0.1895827260E+00 
 2008  3960    20  0.7886700000E+00  0.1674660476E+00 
 2008  3966    20  0.2082240500E+00  0.3149789722E+00 
 2008  3972    20  0.3137398500E+00  0.4216600812E+00 
 2008  3978    20  0.3976385000E+00  0.5905945873E+00 
 2008  3984    20  0.9036604500E+00  0.7222799493E+00 
 2008  3990    20  0.1871710000E+01  0.7927768822E+00 
 2008  3996    20  0.2530050000E+01  0.7729547513E+00 
 2008  4002    20  0.3032250000E+01  0.6323536886E+00 
 2008  4008    20  0.2995300000E+01  0.6163704325E+00 
 2008  4014    20  0.3655650000E+01  0.7524812473E+00 
 2008  4020    20  0.4396000000E+01  0.7773243210E+00 
 2008  4026    20  0.4548200000E+01  0.6271777738E+00 
 2008  4032    20  0.3695350000E+01  0.3608038629E+00 
 2008  4038    20  0.2824850000E+01  0.2114313778E+00 
 2008  4044    20  0.2044150000E+01  0.3291630713E+00 
 2008  4050    20  0.1321532000E+01  0.5158420284E+00 
 2008  4056    20  0.7543520000E+00  0.5430004751E+00 
 2008  4062    20  0.7912700000E+00  0.4235635868E+00 
 2008  4068    20  0.7042350000E+00  0.3431796443E+00 
 2008  4074    20  0.5258805000E+00  0.2300229904E+00 
 2008  4080    20  0.9548175000E-01  0.3823365392E+00 
 2008  4086    20  0.5874000000E-01  0.7130561166E+00 
 2008  4092    20  -0.1511000000E+00  0.7422844657E+00 
 2008  4098    20  -0.4465000000E-01  0.5096864423E+00 
 2008  4104    20  -0.2874370000E+00  0.2701721299E+00 
 2008  4110    20  -0.1944044000E+00  0.1896325320E+00 
 2008  4116    20  0.2949150000E+00  0.2519897718E+00 
 2008  4122    20  0.5181250000E+00  0.2492646964E+00 
 2008  4128    20  0.7312300000E+00  0.1896592790E+00 
 2008  4134    20  0.1293860000E+01  0.1474389786E+00 
 2008  4140    20  0.1997750000E+01  0.3117526062E+00 
 2008  4146    20  0.2717750000E+01  0.3399989522E+00 
 2008  4152    20  0.2735800000E+01  0.1981604400E+00 
 2008  4158    20  0.1559500000E+01  0.6754802891E+00 
 2008  4164    20  -0.9550000000E-03  0.1188603472E+01 
 2008  4170    20  -0.1109864500E+01  0.1345637668E+01 
 2008  4176    20  -0.4498670000E+00  0.1232431786E+01 
 2008  4182    20  0.1915905000E+01  0.1458860651E+01 
 2008  4188    20  0.4364100000E+01  0.1468191333E+01 
 2008  4194    20  0.5263450000E+01  0.1267137344E+01 
 2008  4200    20  0.4884450000E+01  0.9569684151E+00 
 2008  4206    20  0.3931750000E+01  0.6242514618E+00 
 2008  4212    20  0.3269050000E+01  0.3128434872E+00 
 2008  4218    20  0.2934750000E+01  0.1222378317E+00 
 2008  4224    20  0.2980400000E+01  0.2113472025E+00 
 2008  4230    20  0.3466000000E+01  0.3875763151E+00 
 2008  4236    20  0.4065350000E+01  0.5353717657E+00 
 2008  4242    20  0.4289450000E+01  0.6696056657E+00 
 2008  4248    20  0.3661350000E+01  0.7143103160E+00 
 2008  4254    20  0.3442800000E+01  0.5353649783E+00 
 2008  4260    20  0.3213250000E+01  0.2727295134E+00 
 2008  4266    20  0.2323450000E+01  0.1748440662E+00 
 2008  4272    20  0.1106660000E+01  0.3905492804E+00 
 2008  4278    20  0.3995464500E+00  0.4831412633E+00 
 2008  4284    20  0.4640380000E+00  0.5112694452E+00 
 2008  4290    20  0.7564000000E+00  0.6338508515E+00 
 2008  4296    20  0.1316155000E+01  0.6758520892E+00 
 2008  4302    20  0.1863365000E+01  0.7212323962E+00 
 2008  4308    20  0.2600800000E+01  0.7599270754E+00 
 2008  4314    20  0.3039700000E+01  0.7189510484E+00 
 2008  4320    20  0.2570550000E+01  0.5338188340E+00 
 2008  4326    20  0.1993625000E+01  0.4293934931E+00 
 2008  4332    20  0.1180799050E+01  0.5139402208E+00 
 2008  4338    20  0.4892050000E-01  0.6930178448E+00 
 2008  4344    20  -0.1113535000E+01  0.8967176664E+00 
 2008  4350    20  -0.1495495000E+01  0.1001063006E+01 
 2008  4356    20  -0.4697100000E+00  0.9760884662E+00 
 2008  4362    20  0.1148717000E+01  0.9293776498E+00 
 2008  4368    20  0.1489335000E+01  0.8539912009E+00 
 2008  4374    20  0.8545505000E+00  0.6465788522E+00 
 2008  4380    20  -0.2554560000E-01  0.7464439904E+00 
 2008  4386    20  -0.3969060000E+00  0.9186260586E+00 
 2008  4392    20  0.4020670000E+00  0.5481203030E+00 
 2008  4398    20  0.2406800000E+01  0.4828527312E+00 
 2008  4404    20  0.3603050000E+01  0.3553006438E+00 
 2008  4410    20  0.4286350000E+01  0.4465169958E+00 
 2008  4416    20  0.4986000000E+01  0.6335979798E+00 
 2008  4422    20  0.5865400000E+01  0.6867619966E+00 
 2008  4428    20  0.6467900000E+01  0.8079658966E+00 
 2008  4434    20  0.6939350000E+01  0.8380416622E+00 
 2008  4440    20  0.6830650000E+01  0.7196623705E+00 
 2008  4446    20  0.6901550000E+01  0.4696332053E+00 
 2008  4452    20  0.6905300000E+01  0.2888778462E+00 
 2008  4458    20  0.6463750000E+01  0.2550985839E+00 
 2008  4464    20  0.6221500000E+01  0.3853963544E+00 
 2008  4470    20  0.6068550000E+01  0.5681958707E+00 
 2008  4476    20  0.6216650000E+01  0.6949974299E+00 
 2008  4482    20  0.5992350000E+01  0.6986352607E+00 
 2008  4488    20  0.5074850000E+01  0.4597282105E+00 
 2008  4494    20  0.3521800000E+01  0.1379976811E+00 
 2008  4500    20  0.2057600000E+01  0.2160572609E+00 
 2008  4506    20  0.9114050000E+00  0.4730275959E+00 
 2008  4512    20  0.2289305000E+00  0.8916482368E+00 
 2008  4518    20  0.6897600000E-01  0.1086542035E+01 
 2008  4524    20  0.1359100000E+00  0.1280748217E+01 
 2008  4530    20  0.5867000000E+00  0.1616317902E+01 
 2008  4536    20  0.1148503950E+01  0.1725957294E+01 
 2008  4542    20  0.2157745000E+01  0.1599974856E+01 
 2008  4548    20  0.2903235000E+01  0.1401031541E+01 
 2008  4554    20  0.3445000000E+01  0.1107014453E+01 
 2008  4560    20  0.4623600000E+01  0.9741376391E+00 
 2008  4566    20  0.5602750000E+01  0.9558118996E+00 
 2008  4572    20  0.5260300000E+01  0.1042816480E+01 
 2008  4578    20  0.4303450000E+01  0.9714769413E+00 
 2008  4584    20  0.3601800000E+01  0.8300003373E+00 
 2008  4590    20  0.3367700000E+01  0.6407671262E+00 
 2008  4596    20  0.3329750000E+01  0.4459747611E+00 
 2008  4602    20  0.3211700000E+01  0.3650821962E+00 
 2008  4608    20  0.3210750000E+01  0.2694345700E+00 
 2008  4614    20  0.3306850000E+01  0.3169935764E+00 
 2008  4620    20  0.3043650000E+01  0.4612471436E+00 
 2008  4626    20  0.3460150000E+01  0.3754580236E+00 
 2008  4632    20  0.3979200000E+01  0.2393766070E+00 
 2008  4638    20  0.4825100000E+01  0.3447307500E+00 
 2008  4644    20  0.5476250000E+01  0.5024343614E+00 
 2008  4650    20  0.5518550000E+01  0.6545023663E+00 
 2008  4656    20  0.5393600000E+01  0.5567885056E+00 
 2008  4662    20  0.5270300000E+01  0.5052491564E+00 
 2008  4668    20  0.5246300000E+01  0.5126117537E+00 
 2008  4674    20  0.5001950000E+01  0.4669153537E+00 
 2008  4680    20  0.4704150000E+01  0.3898846336E+00 
 2008  4686    20  0.4628800000E+01  0.3714352703E+00 
 2008  4692    20  0.4557900000E+01  0.2888045879E+00 
 2008  4698    20  0.4389550000E+01  0.2715841444E+00 
 2008  4704    20  0.3977700000E+01  0.2959566015E+00 
 2008  4710    20  0.3319250000E+01  0.3199790423E+00 
 2008  4716    20  0.2564050000E+01  0.3733115957E+00 
 2008  4722    20  0.1893195000E+01  0.4488480194E+00 
 2008  4728    20  0.7984200000E+00  0.3999827516E+00 
 2008  4734    20  0.2480195000E+00  0.1924644090E+00 
 2008  4740    20  0.3320645000E+00  0.1355735992E+00 
 2008  4746    20  0.6386750000E+00  0.1042040252E+00 
 2008  4752    20  0.8888550000E+00  0.1922285631E+00 
 2008  4758    20  0.1366150000E+01  0.2377909323E+00 
 2008  4764    20  0.1263380000E+01  0.2504049612E+00 
 2008  4770    20  0.6137095000E+00  0.2454629838E+00 
 2008  4776    20  -0.4804074500E+00  0.3144220973E+00 
 2008  4782    20  -0.1455660000E+01  0.4203908900E+00 
 2008  4788    20  -0.2440350000E+01  0.5294390687E+00 
 2008  4794    20  -0.3309100000E+01  0.3144175409E+00 
 2008  4800    20  -0.3581400000E+01  0.3901045245E+00 
 2008  4806    20  -0.2795200000E+01  0.8002607450E+00 
 2008  4812    20  -0.1168869000E+01  0.1007711291E+01 
 2008  4818    20  0.1071242500E+01  0.1120403565E+01 
 2008  4824    20  0.3002010000E+01  0.1095681816E+01 
 2008  4830    20  0.4715400000E+01  0.7954874229E+00 
 2008  4836    20  0.5260300000E+01  0.6448282019E+00 
 2008  4842    20  0.5604650000E+01  0.5093847539E+00 
 2008  4848    20  0.5430950000E+01  0.4591982660E+00 
 2008  4854    20  0.5399300000E+01  0.6126897339E+00 
 2008  4860    20  0.5592900000E+01  0.7808116866E+00 
 2008  4866    20  0.5657300000E+01  0.7481405015E+00 
 2008  4872    20  0.5117550000E+01  0.6497198223E+00 
 2008  4878    20  0.5104150000E+01  0.4917228157E+00 
 2008  4884    20  0.5282450000E+01  0.3845153410E+00 
 2008  4890    20  0.5391000000E+01  0.3202238280E+00 
 2008  4896    20  0.5485850000E+01  0.3471173109E+00 
 2008  4902    20  0.5025850000E+01  0.2987102735E+00 
 2008  4908    20  0.4775550000E+01  0.2657196784E+00 
 2008  4914    20  0.4244200000E+01  0.3816064203E+00 
 2008  4920    20  0.3847550000E+01  0.5383820646E+00 
 2008  4926    20  0.3849900000E+01  0.7240376302E+00 
 2008  4932    20  0.4255400000E+01  0.7743107516E+00 
 2008  4938    20  0.4177500000E+01  0.8243899259E+00 
 2008  4944    20  0.3975850000E+01  0.7758090793E+00 
 2008  4950    20  0.3292400000E+01  0.5181493414E+00 
 2008  4956    20  0.2728600000E+01  0.2791349853E+00 
 2008  4962    20  0.1883270000E+01  0.2966257661E+00 
 2008  4968    20  0.1177821000E+01  0.5357245273E+00 
 2008  4974    20  0.9004185000E+00  0.6426957050E+00 
 2008  4980    20  0.8488880000E+00  0.5934894115E+00 
 2008  4986    20  0.7820585000E+00  0.4397337808E+00 
 2008  4992    20  0.2684588500E+00  0.4653612952E+00 
 2008  4998    20  -0.5586300000E+00  0.7252069126E+00 
 2008  5004    20  -0.4396500000E+00  0.1030175490E+01 
 2008  5010    20  0.5893125000E+00  0.1233053216E+01 
 2008  5016    20  0.7492215000E+00  0.8948610411E+00 
 2008  5022    20  -0.1407730000E+00  0.4789667205E+00 
 2008  5028    20  -0.7845650000E+00  0.1526189245E+01 
 2008  5034    20  0.9754550000E+00  0.2101675450E+01 
 2008  5040    20  0.5146450000E+01  0.2080586972E+01 
 2008  5046    20  0.7552650000E+01  0.1813567045E+01 
 2008  5052    20  0.7248650000E+01  0.1294562292E+01 
 2008  5058    20  0.6542650000E+01  0.1162006208E+01 
 2008  5064    20  0.6501050000E+01  0.1657240190E+01 
 2008  5070    20  0.6995800000E+01  0.1968837134E+01 
 2008  5076    20  0.7279900000E+01  0.1758478743E+01 
 2008  5082    20  0.6804100000E+01  0.1613159505E+01 
 2008  5088    20  0.6005400000E+01  0.1407642156E+01 
 2008  5094    20  0.5624800000E+01  0.1073610013E+01 
 2008  5100    20  0.5605050000E+01  0.1016115962E+01 
 2008  5106    20  0.5270600000E+01  0.9203469129E+00 
 2008  5112    20  0.4673950000E+01  0.7177189892E+00 
 2008  5118    20  0.4545450000E+01  0.7447989309E+00 
 2008  5124    20  0.4385600000E+01  0.7362707654E+00 
 2008  5130    20  0.3694450000E+01  0.7718056410E+00 
 2008  5136    20  0.2956400000E+01  0.8543134905E+00 
 2008  5142    20  0.2660050000E+01  0.9263460733E+00 
 2008  5148    20  0.2500150000E+01  0.1013461557E+01 
 2008  5154    20  0.2072230000E+01  0.9081123521E+00 
 2008  5160    20  0.1314125000E+01  0.6909727280E+00 
 2008  5166    20  0.1028275000E+01  0.4883725493E+00 
 2008  5172    20  0.1422115000E+01  0.4560668254E+00 
 2008  5178    20  0.1891600000E+01  0.4926495103E+00 
 2008  5184    20  0.2316400000E+01  0.5160044961E+00 
 2008  5190    20  0.2157100000E+01  0.5408420194E+00 
 2008  5196    20  0.1951990000E+01  0.7770291693E+00 
 2008  5202    20  0.1564985000E+01  0.1001052273E+01 
 2008  5208    20  0.1316028000E+01  0.9336589926E+00 
 2008  5214    20  0.1117505000E+01  0.6579962458E+00 
 2008  5220    20  0.6986926000E+00  0.6207850402E+00 
 2008  5226    20  -0.6848450000E+00  0.7894256554E+00 
 2008  5232    20  -0.2013975000E+01  0.7261828750E+00 
 2008  5238    20  -0.2593900000E+01  0.5781741866E+00 
 2008  5244    20  -0.3004000000E+01  0.4016378966E+00 
 2008  5250    20  -0.2736550000E+01  0.5807264825E+00 
 2008  5256    20  -0.2414995000E+01  0.8073498972E+00 
 2008  5262    20  -0.1176360000E+01  0.1068470814E+01 
 2008  5268    20  -0.4356000000E-01  0.1067180920E+01 
 2008  5274    20  0.8444270000E+00  0.9178515994E+00 
 2008  5280    20  0.1316960000E+01  0.7466567574E+00 
 2008  5286    20  0.1930160000E+01  0.7164644928E+00 
 2008  5292    20  0.2777250000E+01  0.6497327816E+00 
 2008  5298    20  0.3366850000E+01  0.7618148906E+00 
 2008  5304    20  0.4062000000E+01  0.8762617189E+00 
 2008  5310    20  0.4495450000E+01  0.9826903620E+00 
 2008  5316    20  0.4954300000E+01  0.9308722308E+00 
 2008  5322    20  0.5269450000E+01  0.8224645570E+00 
 2008  5328    20  0.5424750000E+01  0.7896426961E+00 
 2008  5334    20  0.5210050000E+01  0.7940029266E+00 
 2008  5340    20  0.5110800000E+01  0.7235049827E+00 
 2008  5346    20  0.5059850000E+01  0.6542999522E+00 
 2008  5352    20  0.5126550000E+01  0.3943468619E+00 
 2008  5358    20  0.4795600000E+01  0.4031916914E+00 
 2008  5364    20  0.4249850000E+01  0.4432349574E+00 
 2008  5370    20  0.3743100000E+01  0.3988588597E+00 
 2008  5376    20  0.3316500000E+01  0.3518234643E+00 
 2008  5382    20  0.3482150000E+01  0.3705504385E+00 
 2008  5388    20  0.3678750000E+01  0.3079098691E+00 
 2008  5394    20  0.3759100000E+01  0.4012927734E+00 
 2008  5400    20  0.4071700000E+01  0.4504470113E+00 
 2008  5406    20  0.4486200000E+01  0.5364211592E+00 
 2008  5412    20  0.4628150000E+01  0.6398080396E+00 
 2008  5418    20  0.4707300000E+01  0.8205805323E+00 
 2008  5424    20  0.4711650000E+01  0.8603037414E+00 
 2008  5430    20  0.4927500000E+01  0.7898459027E+00 
 2008  5436    20  0.5405250000E+01  0.8599559800E+00 
 2008  5442    20  0.5793050000E+01  0.1021565635E+01 
 2008  5448    20  0.6405200000E+01  0.1218218765E+01 
 2008  5454    20  0.6899500000E+01  0.1178588414E+01 
 2008  5460    20  0.7046350000E+01  0.1156376594E+01 
 2008  5466    20  0.6976600000E+01  0.1296840329E+01 
 2008  5472    20  0.7089200000E+01  0.1320909936E+01 
 2008  5478    20  0.6578050000E+01  0.1409879870E+01 
 2008  5484    20  0.6018100000E+01  0.1328154581E+01 
 2008  5490    20  0.5474950000E+01  0.1263204397E+01 
 2008  5496    20  0.4910950000E+01  0.1284289783E+01 
 2008  5502    20  0.4137650000E+01  0.1227122906E+01 
 2008  5508    20  0.3344450000E+01  0.1192261023E+01 
 2008  5514    20  0.2265470000E+01  0.1171497198E+01 
 2008  5520    20  0.1445433000E+01  0.1131895446E+01 
 2008  5526    20  0.8519506500E+00  0.1119513376E+01 
 2008  5532    20  0.7965440000E+00  0.9938487330E+00 
 2008  5538    20  0.6918960000E+00  0.8686301297E+00 
 2008  5544    20  0.8983045000E+00  0.8180997528E+00 
 2008  5550    20  0.1236050000E+01  0.7474762923E+00 
 2008  5556    20  0.1487195000E+01  0.7062543922E+00 
 2008  5562    20  0.1551435000E+01  0.6989405313E+00 
 2008  5568    20  0.1855045000E+01  0.6555083161E+00 
 2008  5574    20  0.2202050000E+01  0.6052803875E+00 
 2008  5580    20  0.2178000000E+01  0.5693750960E+00 
 2008  5586    20  0.2015150000E+01  0.6543713987E+00 
 2008  5592    20  0.1652875000E+01  0.7805876465E+00 
 2008  5598    20  0.1470610000E+01  0.9422171522E+00 
 2008  5604    20  0.1402982600E+01  0.1112159713E+01 
 2008  5610    20  0.1710930000E+01  0.1175579200E+01 
 2008  5616    20  0.1935510000E+01  0.1081799606E+01 
 2008  5622    20  0.2312840000E+01  0.8975087110E+00 
 2008  5628    20  0.2473500000E+01  0.6634097150E+00 
 2008  5634    20  0.2656950000E+01  0.6420329801E+00 
 2008  5640    20  0.2682800000E+01  0.6488363892E+00 
 2008  5646    20  0.2622700000E+01  0.7289390304E+00 
 2008  5652    20  0.2377400000E+01  0.7794291757E+00 
 2008  5658    20  0.1843950000E+01  0.9334597150E+00 
 2008  5664    20  0.1440640000E+01  0.1365740923E+01 
 2008  5670    20  0.1869416300E+01  0.1943027280E+01 
 2008  5676    20  0.3194600000E+01  0.1733760722E+01 
 2008  5682    20  0.3939850000E+01  0.1115474485E+01 
 2008  5688    20  0.4036000000E+01  0.9887432427E+00 
 2008  5694    20  0.4598200000E+01  0.1053611295E+01 
 2008  5700    20  0.5058550000E+01  0.1292627265E+01 
 2008  5706    20  0.5612350000E+01  0.1860836996E+01 
 2008  5712    20  0.6386150000E+01  0.2538034304E+01 
 2008  5718    20  0.7336200000E+01  0.2842602937E+01 
 2008  5724    20  0.7672300000E+01  0.3314406162E+01 
 2008  5730    20  0.8107600000E+01  0.3384672117E+01 
 2008  5736    20  0.8722600000E+01  0.3032154472E+01 
 2008  5742    20  0.8859150000E+01  0.2727298082E+01 
 2008  5748    20  0.9031350000E+01  0.2522633986E+01 
 2008  5754    20  0.9082300000E+01  0.2519615846E+01 
 2008  5760    20  0.9293150000E+01  0.2390595517E+01 
 2008  5766    20  0.9377900000E+01  0.2283143292E+01 
 2008  5772    20  0.9563850000E+01  0.2266973980E+01 
 2008  5778    20  0.9697500000E+01  0.2455968638E+01 
 2008  5784    20  0.9577150000E+01  0.2601387673E+01 
 2008  5790    20  0.9028450000E+01  0.2610361383E+01 
 2008  5796    20  0.8233150000E+01  0.2497384217E+01 
 2008  5802    20  0.7335800000E+01  0.2440769010E+01 
 2008  5808    20  0.6232900000E+01  0.2326450234E+01 
 2008  5814    20  0.5293900000E+01  0.2035675414E+01 
 2008  5820    20  0.4617700000E+01  0.1659410199E+01 
 2008  5826    20  0.3637100000E+01  0.1308027251E+01 
 2008  5832    20  0.3145400000E+01  0.1153972027E+01 
 2008  5838    20  0.2629750000E+01  0.1019117504E+01 
 2008  5844    20  0.2340100000E+01  0.9547348271E+00 
 2008  5850    20  0.1616945000E+01  0.7000007668E+00 
 2008  5856    20  0.9283915000E+00  0.5696959641E+00 
 2008  5862    20  0.8224570000E+00  0.5522153948E+00 
 2008  5868    20  0.1190030000E+01  0.6374595894E+00 
 2008  5874    20  0.9273945000E+00  0.7389272536E+00 
 2008  5880    20  0.6083050000E+00  0.7707503788E+00 
 2008  5886    20  -0.1381575000E+00  0.1046164204E+01 
 2008  5892    20  -0.6508900000E+00  0.1434843064E+01 
 2008  5898    20  -0.1293551000E+01  0.1914085716E+01 
 2008  5904    20  -0.1208980000E+01  0.2041428554E+01 
 2008  5910    20  -0.1322562200E+01  0.1685096456E+01 
 2008  5916    20  -0.9202750000E+00  0.8341096924E+00 
 2008  5922    20  -0.1629733000E+01  0.1555176720E+01 
 2008  5928    20  -0.2863425500E+01  0.2151087038E+01 
 2008  5934    20  -0.3814955000E+01  0.2300565135E+01 
 2008  5940    20  -0.4340975000E+01  0.2575756755E+01 
 2008  5946    20  -0.5986400000E+01  0.2949155801E+01 
 2008  5952    20  -0.7269350000E+01  0.3206046635E+01 
 2008  5958    20  -0.9199900000E+01  0.3631847201E+01 
 2008  5964    20  -0.1102630000E+02  0.3881026747E+01 
 2008  5970    20  -0.1201285000E+02  0.3599318259E+01 
 2008  5976    20  -0.1171175000E+02  0.3494485268E+01 
 2008  5982    20  -0.1017850000E+02  0.3410009479E+01 
 2008  5988    20  -0.7332000000E+01  0.3443562400E+01 
 2008  5994    20  -0.4792430000E+01  0.3710033039E+01 
 2008  6000    20  -0.2659865000E+01  0.4167803552E+01 
 2008  6006    20  -0.9216620000E+00  0.4630604641E+01 
 2008  6012    20  0.1160100000E+01  0.4878097517E+01 
 2008  6018    20  0.2813075000E+01  0.4955336228E+01 
 2008  6024    20  0.4644703000E+01  0.4637254827E+01 
 2008  6030    20  0.6705905000E+01  0.3898563844E+01 
 2008  6036    20  0.8782550000E+01  0.3076646347E+01 
 2008  6042    20  0.1029515000E+02  0.2455708091E+01 
 2008  6048    20  0.1124110000E+02  0.1701967417E+01 
 2008  6054    20  0.1093185000E+02  0.1338672263E+01 
 2008  6060    20  0.1036540000E+02  0.1028304157E+01 
 2008  6066    20  0.9969000000E+01  0.9812198021E+00 
 2008  6072    20  0.9838300000E+01  0.9095606137E+00 
 2008  6078    20  0.9305600000E+01  0.7651232842E+00 
 2008  6084    20  0.9005950000E+01  0.6933844154E+00 
 2008  6090    20  0.8514800000E+01  0.7955708391E+00 
 2008  6096    20  0.8396400000E+01  0.1084500364E+01 
 2008  6102    20  0.8290200000E+01  0.1441394276E+01 
 2008  6108    20  0.7945700000E+01  0.1597496013E+01 
 2008  6114    20  0.7164500000E+01  0.1506477099E+01 
 2008  6120    20  0.6071100000E+01  0.1356805951E+01 
 2008  6126    20  0.5038950000E+01  0.1047247892E+01 
 2008  6132    20  0.4864750000E+01  0.8140122772E+00 
 2008  6138    20  0.4983650000E+01  0.7588511234E+00 
 2008  6144    20  0.4951700000E+01  0.5048268119E+00 
 2008  6150    20  0.4735100000E+01  0.3981062547E+00 
 2008  6156    20  0.4272150000E+01  0.7365358291E+00 
 2008  6162    20  0.3707100000E+01  0.1603918729E+01 
 2008  6168    20  0.2752230000E+01  0.2318621812E+01 
 2008  6174    20  0.1779725000E+01  0.2551585339E+01 
 2008  6180    20  0.2957250000E+00  0.2067617199E+01 
 2008  6186    20  -0.7294450000E+00  0.1703129358E+01 
 2008  6192    20  -0.9076300000E+00  0.2080438290E+01 
 2008  6198    20  -0.2505265000E+00  0.2719866932E+01 
 2008  6204    20  0.1403815000E+00  0.3035470172E+01 
 2008  6210    20  -0.5934950000E+00  0.2946955730E+01 
 2008  6216    20  -0.2117365000E+01  0.2651021908E+01 
 2008  6222    20  -0.2752832500E+01  0.2586569227E+01 
 2008  6228    20  -0.2732055000E+01  0.2688832977E+01 
 2008  6234    20  -0.2602410000E+01  0.2386252939E+01 
 2008  6240    20  -0.3611075000E+01  0.1603986723E+01 
 2008  6246    20  -0.3639940000E+01  0.1333191707E+01 
 2008  6252    20  -0.2561150000E+01  0.1323872814E+01 
 2008  6258    20  -0.1687035000E+01  0.1256742050E+01 
 2008  6264    20  -0.9246800000E+00  0.1018847480E+01 
 2008  6270    20  -0.5282150000E+00  0.7000152222E+00 
 2008  6276    20  -0.2787195000E+00  0.4776640317E+00 
 2008  6282    20  -0.4282625000E+00  0.8640568599E+00 
 2008  6288    20  0.1333100000E+00  0.1081927046E+01 
 2008  6294    20  0.1094585000E+01  0.1585934797E+01 
 2008  6300    20  0.2883770000E+01  0.1835546243E+01 
 2008  6306    20  0.4300185000E+01  0.1976049313E+01 
 2008  6312    20  0.6304650000E+01  0.1536825568E+01 
 2008  6318    20  0.7717500000E+01  0.1002152808E+01 
 2008  6324    20  0.8741450000E+01  0.6826900816E+00 
 2008  6330    20  0.8694400000E+01  0.1231471250E+01 
 2008  6336    20  0.8060650000E+01  0.2000626459E+01 
 2008  6342    20  0.6878000000E+01  0.2491249887E+01 
 2008  6348    20  0.5770600000E+01  0.2565723473E+01 
 2008  6354    20  0.4850375000E+01  0.2289154794E+01 
 2008  6360    20  0.4474335000E+01  0.1877513079E+01 
 2008  6366    20  0.4720150000E+01  0.1422457215E+01 
 2008  6372    20  0.5343300000E+01  0.1584442618E+01 
 2008  6378    20  0.5196700000E+01  0.1869082264E+01 
 2008  6384    20  0.4415138500E+01  0.2083268930E+01 
 2008  6390    20  0.3800595000E+01  0.1763122437E+01 
 2008  6396    20  0.3670700000E+01  0.1392167738E+01 
 2008  6402    20  0.3120980000E+01  0.1328841543E+01 
 2008  6408    20  0.2696350000E+01  0.1165180599E+01 
 2008  6414    20  0.2842350000E+01  0.8663537542E+00 
 2008  6420    20  0.3595750000E+01  0.7048420302E+00 
 2008  6426    20  0.3960350000E+01  0.9722728668E+00 
 2008  6432    20  0.4635700000E+01  0.1221224144E+01 
 2008  6438    20  0.5004250000E+01  0.1277397897E+01 
 2008  6444    20  0.4925900000E+01  0.7925192679E+00 
 2008  6450    20  0.4338400000E+01  0.3851508016E+00 
 2008  6456    20  0.3855200000E+01  0.5848616589E+00 
 2008  6462    20  0.3404300000E+01  0.1099504848E+01 
 2008  6468    20  0.2811100000E+01  0.1618537996E+01 
 2008  6474    20  0.2550660000E+01  0.1745491991E+01 
 2008  6480    20  0.3104200000E+01  0.1431421832E+01 
 2008  6486    20  0.3177700000E+01  0.1079031098E+01 
 2008  6492    20  0.3962200000E+01  0.9303858662E+00 
 2008  6498    20  0.4542700000E+01  0.1003247033E+01 
 2008  6504    20  0.4090550000E+01  0.8832876358E+00 
 2008  6510    20  0.3121550000E+01  0.9288572267E+00 
 2008  6516    20  0.2716200000E+01  0.1355831391E+01 
 2008  6522    20  0.2851400000E+01  0.1487800672E+01 
 2008  6528    20  0.3095450000E+01  0.1526609232E+01 
 2008  6534    20  0.3413100000E+01  0.1852687640E+01 
 2008  6540    20  0.4157900000E+01  0.1885761356E+01 
 2008  6546    20  0.4246850000E+01  0.1859258031E+01 
 2008  6552    20  0.4388600000E+01  0.1962016014E+01 
 2008  6558    20  0.4770900000E+01  0.2121715059E+01 
 2008  6564    20  0.5062450000E+01  0.2218624540E+01 
 2008  6570    20  0.5339100000E+01  0.2244121875E+01 
 2008  6576    20  0.5884350000E+01  0.2058325418E+01 
 2008  6582    20  0.6195400000E+01  0.1895253239E+01 
 2008  6588    20  0.6880200000E+01  0.1963994313E+01 
 2008  6594    20  0.6850500000E+01  0.1984030053E+01 
 2008  6600    20  0.6668700000E+01  0.1963703392E+01 
 2008  6606    20  0.6304950000E+01  0.1916122034E+01 
 2008  6612    20  0.5980800000E+01  0.1637577742E+01 
 2008  6618    20  0.5404050000E+01  0.1377129568E+01 
 2008  6624    20  0.5228900000E+01  0.1112656861E+01 
 2008  6630    20  0.5080550000E+01  0.9741327669E+00 
 2008  6636    20  0.5548100000E+01  0.1017825275E+01 
 2008  6642    20  0.5894150000E+01  0.1083180607E+01 
 2008  6648    20  0.5937700000E+01  0.1107858750E+01 
 2008  6654    20  0.5429050000E+01  0.1453065534E+01 
 2008  6660    20  0.5207200000E+01  0.2663066834E+01 
 2008  6666    20  0.4625121000E+01  0.3728745743E+01 
 2008  6672    20  0.2416886000E+01  0.4326506903E+01 
 2008  6678    20  -0.5891550000E+00  0.4404651888E+01 
 2008  6684    20  -0.3440914500E+01  0.3997245713E+01 
 2008  6690    20  -0.6184095000E+01  0.2948942962E+01 
 2008  6696    20  -0.7421600000E+01  0.1776303983E+01 
 2008  6702    20  -0.7117200000E+01  0.1152932938E+01 
 2008  6708    20  -0.6343650000E+01  0.1055996130E+01 
 2008  6714    20  -0.5425900000E+01  0.1212604672E+01 
 2008  6720    20  -0.4460400000E+01  0.1463874189E+01 
 2008  6726    20  -0.3376170000E+01  0.1586932112E+01 
 2008  6732    20  -0.2153940000E+01  0.1565021436E+01 
 2008  6738    20  -0.9670845000E+00  0.1665245537E+01 
 2008  6744    20  0.2620255000E-01  0.1724835113E+01 
 2008  6750    20  0.1668000000E+01  0.2086602143E+01 
 2008  6756    20  0.2937125000E+01  0.2439738819E+01 
 2008  6762    20  0.4189170000E+01  0.2944804795E+01 
 2008  6768    20  0.5761049500E+01  0.3454165431E+01 
 2008  6774    20  0.7583455000E+01  0.3888616072E+01 
 2008  6780    20  0.9741500000E+01  0.4027787215E+01 
 2008  6786    20  0.1137605000E+02  0.3592478079E+01 
 2008  6792    20  0.1247455000E+02  0.2953165327E+01 
 2008  6798    20  0.1268910000E+02  0.2081424726E+01 
 2008  6804    20  0.1216015000E+02  0.1369630398E+01 
 2008  6810    20  0.1053665000E+02  0.1486708353E+01 
 2008  6816    20  0.8149250000E+01  0.2292041904E+01 
 2008  6822    20  0.5437020000E+01  0.2744212605E+01 
 2008  6828    20  0.3384812000E+01  0.3015516322E+01 
 2008  6834    20  0.1415807000E+01  0.2837640559E+01 
 2008  6840    20  0.7735000000E-02  0.2476381025E+01 
 2008  6846    20  -0.6744950000E+00  0.1794261850E+01 
 2008  6852    20  -0.5120100000E+00  0.1366799989E+01 
 2008  6858    20  -0.2832573500E+00  0.9373820460E+00 
 2008  6864    20  0.4296105000E+00  0.1093527960E+01 
 2008  6870    20  0.1591165000E+01  0.1196690419E+01 
 2008  6876    20  0.1717440000E+01  0.1144243442E+01 
 2008  6882    20  0.1414091750E+01  0.1391906476E+01 
 2008  6888    20  0.1373579100E+01  0.1800151024E+01 
 2008  6894    20  0.2051050000E+01  0.2422298116E+01 
 2008  6900    20  0.3031325000E+01  0.3015966103E+01 
 2008  6906    20  0.3014640000E+01  0.3257589633E+01 
 2008  6912    20  0.1596015000E+01  0.3181736767E+01 
 2008  6918    20  0.1180500000E+00  0.2920932633E+01 
 2008  6924    20  -0.1634050000E+01  0.2445815671E+01 
 2008  6930    20  -0.3383620000E+01  0.1893313526E+01 
 2008  6936    20  -0.4641950000E+01  0.1374660121E+01 
 2008  6942    20  -0.4651900000E+01  0.9461592308E+00 
 2008  6948    20  -0.4637350000E+01  0.5466493643E+00 
 2008  6954    20  -0.4009550000E+01  0.5833154785E+00 
 2008  6960    20  -0.3377450000E+01  0.5193986403E+00 
 2008  6966    20  -0.2398950000E+01  0.2277664319E+00 
 2008  6972    20  -0.2110100000E+01  0.2029115324E+00 
 2008  6978    20  -0.2057500000E+01  0.2038353502E+00 
 2008  6984    20  -0.2274750000E+01  0.1898409532E+00 
 2008  6990    20  -0.2584450000E+01  0.5395442035E+00 
 2008  6996    20  -0.2544990000E+01  0.1054689825E+01 
 2008  7002    20  -0.1615297500E+01  0.1438128384E+01 
 2008  7008    20  -0.5390326000E+00  0.1490408385E+01 
 2008  7014    20  -0.4342600000E-01  0.1344119751E+01 
 2008  7020    20  0.4360350000E-01  0.1267390770E+01 
 2008  7026    20  -0.4885835000E+00  0.1310772858E+01 
 2008  7032    20  -0.1280170000E+01  0.1136951386E+01 
 2008  7038    20  -0.2424370000E+01  0.8525215664E+00 
 2008  7044    20  -0.3501050000E+01  0.8041454766E+00 
 2008  7050    20  -0.3377700000E+01  0.9350021979E+00 
 2008  7056    20  -0.2926344000E+01  0.1288132645E+01 
 2008  7062    20  -0.8151000000E+00  0.1460367747E+01 
 2008  7068    20  -0.1314300000E-01  0.8452339074E+00 
 2008  7074    20  -0.1016655000E+00  0.6077399569E+00 
 2008  7080    20  0.1370720000E+00  0.5753096143E+00 
 2008  7086    20  -0.1477215000E+00  0.4673928809E+00 
 2008  7092    20  -0.8613690000E+00  0.5318234290E+00 
 2008  7098    20  -0.2244850000E+01  0.4289347590E+00 
 2008  7104    20  -0.3649350000E+01  0.3664067787E+00 
 2008  7110    20  -0.4756100000E+01  0.5703643485E+00 
 2008  7116    20  -0.5736900000E+01  0.9218502536E+00 
 2008  7122    20  -0.6483000000E+01  0.9732314730E+00 
 2008  7128    20  -0.6262200000E+01  0.1038252985E+01 
 2008  7134    20  -0.5402650000E+01  0.1180537516E+01 
 2008  7140    20  -0.3920250000E+01  0.1045898220E+01 
 2008  7146    20  -0.2563650000E+01  0.7911961372E+00 
 2008  7152    20  -0.1880450000E+01  0.5733261267E+00 
 2008  7158    20  -0.2031050000E+01  0.9223800011E+00 
 2008  7164    20  -0.2545550000E+01  0.1099659878E+01 
 2008  7170    20  -0.2766450000E+01  0.9185803435E+00 
 2008  7176    20  -0.2020300000E+01  0.6265048364E+00 
 2008  7182    20  -0.8653250000E+00  0.4516193650E+00 
 2008  7188    20  -0.7160350000E+00  0.3797213811E+00 
 2008  7194    20  -0.7319750000E+00  0.3588187340E+00 
 2008  7200    20  -0.5904200000E+00  0.3031678555E+00 
 2008  7206    20  -0.7536800000E-01  0.3195524600E+00 
 2008  7212    20  0.4482175000E+00  0.2825319757E+00 
 2008  7218    20  0.1601698100E+00  0.3979276353E+00 
 2008  7224    20  -0.4662005000E+00  0.4406604147E+00 
 2008  7230    20  -0.2634870400E+00  0.4124495754E+00 
 2008  7236    20  0.4367800000E+00  0.4833113164E+00 
 2008  7242    20  0.1074578500E+01  0.5020687510E+00 
 2008  7248    20  0.1115065000E+01  0.4924131764E+00 
 2008  7254    20  0.1322234000E+01  0.5838223800E+00 
 2008  7260    20  0.1507860000E+01  0.5125481806E+00 
 2008  7266    20  0.2254300000E+01  0.4275371446E+00 
 2008  7272    20  0.2949850000E+01  0.6918401748E+00 
 2008  7278    20  0.3352200000E+01  0.8947348546E+00 
 2008  7284    20  0.2965050000E+01  0.8549918991E+00 
 2008  7290    20  0.2073750000E+01  0.5888672919E+00 
 2008  7296    20  0.1193030000E+01  0.3258886222E+00 
 2008  7302    20  0.8124825000E+00  0.3582487464E+00 
 2008  7308    20  0.6838965000E+00  0.6179479575E+00 
 2008  7314    20  0.5942835000E+00  0.7019262624E+00 
 2008  7320    20  0.5960465000E+00  0.5598908449E+00 
 2008  7326    20  0.7541140000E+00  0.6327305770E+00 
 2008  7332    20  0.1559275000E+01  0.7754433073E+00 
 2008  7338    20  0.3010450000E+01  0.9343547225E+00 
 2008  7344    20  0.3674100000E+01  0.9870720794E+00 
 2008  7350    20  0.4346400000E+01  0.1030420807E+01 
 2008  7356    20  0.4857200000E+01  0.9783339205E+00 
 2008  7362    20  0.5514450000E+01  0.9960625721E+00 
 2008  7368    20  0.6058600000E+01  0.9569088462E+00 
 2008  7374    20  0.6559950000E+01  0.9414742947E+00 
 2008  7380    20  0.6712250000E+01  0.9347264774E+00 
 2008  7386    20  0.6593250000E+01  0.9899976199E+00 
 2008  7392    20  0.6501800000E+01  0.9460214374E+00 
 2008  7398    20  0.6411450000E+01  0.8611019379E+00 
 2008  7404    20  0.6257700000E+01  0.8057508982E+00 
 2008  7410    20  0.6068150000E+01  0.7219353347E+00 
 2008  7416    20  0.6248750000E+01  0.7135687686E+00 
 2008  7422    20  0.6754950000E+01  0.6773097131E+00 
 2008  7428    20  0.7105100000E+01  0.6057719786E+00 
 2008  7434    20  0.7175700000E+01  0.5757376225E+00 
 2008  7440    20  0.7084850000E+01  0.6184265741E+00 
 2008  7446    20  0.6556650000E+01  0.6521621942E+00 
 2008  7452    20  0.6189200000E+01  0.8034918543E+00 
 2008  7458    20  0.5445800000E+01  0.9596389738E+00 
 2008  7464    20  0.4698150000E+01  0.1134905383E+01 
 2008  7470    20  0.3773600000E+01  0.1196073217E+01 
 2008  7476    20  0.2979550000E+01  0.1142365637E+01 
 2008  7482    20  0.2334520000E+01  0.9936174403E+00 
 2008  7488    20  0.1435813000E+01  0.8850388772E+00 
 2008  7494    20  0.5770250000E+00  0.6983330895E+00 
 2008  7500    20  0.5361250000E-01  0.6030221697E+00 
 2008  7506    20  -0.4413670000E+00  0.5528764928E+00 
 2008  7512    20  -0.8622564500E+00  0.5652415764E+00 
 2008  7518    20  -0.1118176000E+01  0.6459140182E+00 
 2008  7524    20  -0.1011100500E+01  0.6087294581E+00 
 2008  7530    20  -0.1047546515E+01  0.4842120965E+00 
 2008  7536    20  -0.1671915000E+01  0.4348209807E+00 
 2008  7542    20  -0.2095960000E+01  0.6259892646E+00 
 2008  7548    20  -0.1843605000E+01  0.7886306109E+00 
 2008  7554    20  -0.1348344500E+01  0.8175940391E+00 
 2008  7560    20  -0.5785880000E+00  0.7139150046E+00 
 2008  7566    20  0.1102775000E+00  0.6338474119E+00 
 2008  7572    20  0.1081875000E+01  0.4925904078E+00 
 2008  7578    20  0.1151920000E+01  0.4374687790E+00 
 2008  7584    20  0.1128450000E+01  0.4200049149E+00 
 2008  7590    20  0.1356450000E+01  0.3597269888E+00 
 2008  7596    20  0.1547105000E+01  0.3602575682E+00 
 2008  7602    20  0.1658850000E+01  0.3808500066E+00 
 2008  7608    20  0.1725100000E+01  0.4202334946E+00 
 2008  7614    20  0.1829950000E+01  0.4236678504E+00 
 2008  7620    20  0.2174750000E+01  0.3322262595E+00 
 2008  7626    20  0.2196850000E+01  0.3525269174E+00 
 2008  7632    20  0.2383250000E+01  0.4244113423E+00 
 2008  7638    20  0.2510100000E+01  0.4291472824E+00 
 2008  7644    20  0.2508350000E+01  0.4080894847E+00 
 2008  7650    20  0.2395050000E+01  0.4305553942E+00 
 2008  7656    20  0.2447950000E+01  0.4795589093E+00 
 2008  7662    20  0.2479950000E+01  0.5444945799E+00 
 2008  7668    20  0.2546900000E+01  0.5439417156E+00 
 2008  7674    20  0.2618450000E+01  0.5622673274E+00 
 2008  7680    20  0.2680450000E+01  0.5496551169E+00 
 2008  7686    20  0.2834750000E+01  0.5747852534E+00 
 2008  7692    20  0.2970800000E+01  0.6178157169E+00 
 2008  7698    20  0.2839300000E+01  0.5655304678E+00 
 2008  7704    20  0.2934350000E+01  0.5498660996E+00 
 2008  7710    20  0.2814450000E+01  0.5035549101E+00 
 2008  7716    20  0.2721700000E+01  0.5867485918E+00 
 2008  7722    20  0.2755900000E+01  0.5334334916E+00 
 2008  7728    20  0.2336000000E+01  0.5556255034E+00 
 2008  7734    20  0.2075950000E+01  0.4969901885E+00 
 2008  7740    20  0.1941850000E+01  0.3965198955E+00 
 2008  7746    20  0.1717950000E+01  0.3869814563E+00 
 2008  7752    20  0.1608450000E+01  0.4386557278E+00 
 2008  7758    20  0.1361030000E+01  0.3889466109E+00 
 2008  7764    20  0.1316740000E+01  0.3176155843E+00 
 2008  7770    20  0.9205250000E+00  0.2756529047E+00 
 2008  7776    20  0.3190485000E+00  0.3089671113E+00 
 2008  7782    20  0.1030830000E+00  0.4637603259E+00 
 2008  7788    20  -0.3388790000E+00  0.6063997023E+00 
 2008  7794    20  -0.5953650000E+00  0.7334314954E+00 
 2008  7800    20  -0.6768535000E+00  0.8364583169E+00 
 2008  7806    20  -0.3173450000E+00  0.9519176789E+00 
 2008  7812    20  0.7140000000E-03  0.9291450295E+00 
 2008  7818    20  0.5187540500E+00  0.9130450187E+00 
 2008  7824    20  0.1158502000E+01  0.9068175815E+00 
 2008  7830    20  0.1408620000E+01  0.7830732824E+00 
 2008  7836    20  0.1476245000E+01  0.7404562104E+00 
 2008  7842    20  0.1632985000E+01  0.7188932461E+00 
 2008  7848    20  0.1674285000E+01  0.6082412624E+00 
 2008  7854    20  0.2290750000E+01  0.4607067261E+00 
 2008  7860    20  0.2619300000E+01  0.4592499428E+00 
 2008  7866    20  0.3065900000E+01  0.6162526187E+00 
 2008  7872    20  0.3366650000E+01  0.7392023590E+00 
 2008  7878    20  0.3822800000E+01  0.8482575434E+00 
 2008  7884    20  0.3940050000E+01  0.8828971330E+00 
 2008  7890    20  0.3833800000E+01  0.9420600087E+00 
 2008  7896    20  0.3465500000E+01  0.9534432600E+00 
 2008  7902    20  0.2548300000E+01  0.9576888900E+00 
 2008  7908    20  0.1582380000E+01  0.9147984623E+00 
 2008  7914    20  0.4643300000E+00  0.8893628844E+00 
 2008  7920    20  -0.9133000000E-01  0.7293886955E+00 
 2008  7926    20  -0.4535530000E+00  0.5630517520E+00 
 2008  7932    20  -0.8284120000E+00  0.4965871303E+00 
 2008  7938    20  -0.1280145000E+01  0.3813921990E+00 
 2008  7944    20  -0.1983200000E+01  0.2896887295E+00 
 2008  7950    20  -0.2180600000E+01  0.2289238738E+00 
 2008  7956    20  -0.2083050000E+01  0.3653624878E+00 
 2008  7962    20  -0.1410780000E+01  0.4474389429E+00 
 2008  7968    20  -0.9873950000E+00  0.4984997472E+00 
 2008  7974    20  -0.7573950000E+00  0.4102892832E+00 
 2008  7980    20  -0.2931730000E+00  0.3979423446E+00 
 2008  7986    20  -0.1045075000E+00  0.4001506294E+00 
 2008  7992    20  -0.2051820000E-01  0.3373049908E+00 
 2008  7998    20  0.5390000000E-01  0.1880800270E+00 
 2008  8004    20  0.2295160000E+00  0.1265689024E+00 
 2008  8010    20  0.3513375000E+00  0.1363093383E+00 
 2008  8016    20  0.3287950000E+00  0.2527150820E+00 
 2008  8022    20  0.3812190000E+00  0.2273870354E+00 
 2008  8028    20  0.4268680000E+00  0.3311286159E+00 
 2008  8034    20  0.2310275000E+00  0.3784911809E+00 
 2008  8040    20  0.1195860000E+00  0.4728133270E+00 
 2008  8046    20  -0.9292500000E-01  0.4595334143E+00 
 2008  8052    20  0.3290308500E+00  0.3823948730E+00 
 2008  8058    20  0.3649136000E+00  0.3439620137E+00 
 2008  8064    20  0.5844750000E+00  0.2161043472E+00 
 2008  8070    20  0.1155910000E+01  0.3605376068E+00 
 2008  8076    20  0.1672570000E+01  0.4961410708E+00 
 2008  8082    20  0.1833605000E+01  0.6381333109E+00 
 2008  8088    20  0.2071360000E+01  0.7627873369E+00 
 2008  8094    20  0.2535900000E+01  0.8689960242E+00 
 2008  8100    20  0.3175850000E+01  0.9355418363E+00 
 2008  8106    20  0.3391550000E+01  0.9370282533E+00 
 2008  8112    20  0.3524450000E+01  0.9044643981E+00 
 2008  8118    20  0.3339600000E+01  0.8243466746E+00 
 2008  8124    20  0.3371050000E+01  0.6578942525E+00 
 2008  8130    20  0.2681400000E+01  0.4723749993E+00 
 2008  8136    20  0.1832600000E+01  0.3087583845E+00 
 2008  8142    20  0.1247985000E+01  0.2436917936E+00 
 2008  8148    20  0.7982550000E+00  0.3774402635E+00 
 2008  8154    20  0.4339030000E+00  0.3631795065E+00 
 2008  8160    20  0.3444535000E+00  0.3393065721E+00 
 2008  8166    20  0.1671660000E+00  0.2647000978E+00 
 2008  8172    20  -0.2644005500E+00  0.2830377749E+00 
 2008  8178    20  -0.2006750000E+01  0.4208991417E+00 
 2008  8184    20  -0.4262400000E+01  0.7496907629E+00 
 2008  8190    20  -0.5954300000E+01  0.9119835580E+00 
 2008  8196    20  -0.6460000000E+01  0.1019309227E+01 
 2008  8202    20  -0.6729100000E+01  0.1100869016E+01 
 2008  8208    20  -0.6489050000E+01  0.1017849423E+01 
 2008  8214    20  -0.4832050000E+01  0.1179584396E+01 
 2008  8220    20  -0.3454500000E+01  0.1257061991E+01 
 2008  8226    20  -0.2331385000E+01  0.1139202932E+01 
 2008  8232    20  -0.9427302000E+00  0.9598767924E+00 
 2008  8238    20  0.1476002500E+01  0.8345153055E+00 
 2008  8244    20  0.3328200000E+01  0.6562608932E+00 
 2008  8250    20  0.3882450000E+01  0.5816378147E+00 
 2008  8256    20  0.3399650000E+01  0.5301360462E+00 
 2008  8262    20  0.2548500000E+01  0.5450412370E+00 
 2008  8268    20  0.1638860000E+01  0.4647400966E+00 
 2008  8274    20  0.3816900000E+00  0.3693078753E+00 
 2008  8280    20  -0.1028265000E+01  0.3476276201E+00 
 2008  8286    20  -0.9978850000E+00  0.4710234328E+00 
 2008  8292    20  0.4126970000E+00  0.6046362060E+00 
 2008  8298    20  0.2271750000E+01  0.6233956107E+00 
 2008  8304    20  0.4555300000E+01  0.6090807910E+00 
 2008  8310    20  0.6021450000E+01  0.4711204172E+00 
 2008  8316    20  0.6289750000E+01  0.4342029335E+00 
 2008  8322    20  0.5172400000E+01  0.4069670011E+00 
 2008  8328    20  0.3672650000E+01  0.3608009527E+00 
 2008  8334    20  0.3581800000E+01  0.4159391302E+00 
 2008  8340    20  0.3747450000E+01  0.5661682148E+00 
 2008  8346    20  0.3904150000E+01  0.7829101657E+00 
 2008  8352    20  0.3013550000E+01  0.9916846512E+00 
 2008  8358    20  0.2849850000E+01  0.1143152889E+01 
 2008  8364    20  0.3825550000E+01  0.1344043469E+01 
 2008  8370    20  0.5587650000E+01  0.1209751349E+01 
 2008  8376    20  0.5576900000E+01  0.1059419837E+01 
 2008  8382    20  0.4418900000E+01  0.1167551622E+01 
 2008  8388    20  0.3976950000E+01  0.1208265884E+01 
 2008  8394    20  0.4165450000E+01  0.1161292361E+01 
 2008  8400    20  0.4657350000E+01  0.1118625285E+01 
 2008  8406    20  0.5087450000E+01  0.8026109565E+00 
 2008  8412    20  0.4116950000E+01  0.4085189683E+00 
 2008  8418    20  0.1597700000E+01  0.1917720261E+00 
 2008  8424    20  -0.7798710000E+00  0.4701838385E+00 
 2008  8430    20  -0.8521290000E+00  0.7113852474E+00 
 2008  8436    20  -0.5468020000E+00  0.7032333949E+00 
 2008  8442    20  -0.3915895000E+00  0.7637683536E+00 
 2008  8448    20  -0.1150300000E+01  0.8336535318E+00 
 2008  8454    20  -0.1505759000E+01  0.8929754357E+00 
 2008  8460    20  -0.6321915000E+00  0.7621522789E+00 
 2008  8466    20  0.1762775000E+00  0.4729634036E+00 
 2008  8472    20  0.7079200000E-01  0.3299553499E+00 
 2008  8478    20  -0.9978000000E+00  0.2805291215E+00 
 2008  8484    20  -0.1203040000E+01  0.4334987686E+00 
 2008  8490    20  -0.2192400000E+00  0.6305498786E+00 
 2008  8496    20  0.5107590000E+00  0.6813528821E+00 
 2008  8502    20  0.1440235000E+01  0.7526494458E+00 
 2008  8508    20  0.2184450000E+01  0.6373291516E+00 
 2008  8514    20  0.2154600000E+01  0.3598322387E+00 
 2008  8520    20  0.1620650000E+01  0.1639811803E+00 
 2008  8526    20  0.1136355000E+01  0.3776357246E+00 
 2008  8532    20  0.3385405000E+00  0.6048937270E+00 
 2008  8538    20  0.2128850000E+00  0.6893225697E+00 
 2008  8544    20  0.6091735000E+00  0.7346895967E+00 
 2008  8550    20  0.1068823500E+01  0.7439995835E+00 
 2008  8556    20  0.1170060000E+01  0.7581911549E+00 
 2008  8562    20  0.1109504000E+01  0.8137325943E+00 
 2008  8568    20  0.8133300000E+00  0.8858728967E+00 
 2008  8574    20  0.7299940000E+00  0.9039230781E+00 
 2008  8580    20  0.1555405000E+01  0.8363951940E+00 
 2008  8586    20  0.2784880000E+01  0.9090444728E+00 
 2008  8592    20  0.4136850000E+01  0.8923885519E+00 
 2008  8598    20  0.5158850000E+01  0.7819518064E+00 
 2008  8604    20  0.5861450000E+01  0.7409944315E+00 
 2008  8610    20  0.6561150000E+01  0.7796711663E+00 
 2008  8616    20  0.6483000000E+01  0.6893684066E+00 
 2008  8622    20  0.6466750000E+01  0.6683944849E+00 
 2008  8628    20  0.6414400000E+01  0.5591195221E+00 
 2008  8634    20  0.6332400000E+01  0.5705962145E+00 
 2008  8640    20  0.6175600000E+01  0.6274526596E+00 
 2008  8646    20  0.6880150000E+01  0.7127859619E+00 
 2008  8652    20  0.7603500000E+01  0.8511517197E+00 
 2008  8658    20  0.8489850000E+01  0.1105643445E+01 
 2008  8664    20  0.9219800000E+01  0.1282668414E+01 
 2008  8670    20  0.9030350000E+01  0.1327386164E+01 
 2008  8676    20  0.8624450000E+01  0.1391324602E+01 
 2008  8682    20  0.7672700000E+01  0.1204901992E+01 
 2008  8688    20  0.6650600000E+01  0.1053980569E+01 
 2008  8694    20  0.6604500000E+01  0.9814128336E+00 
 2008  8700    20  0.7572200000E+01  0.1060953326E+01 
 2008  8706    20  0.7440300000E+01  0.9124767997E+00 
 2008  8712    20  0.6052600000E+01  0.8741229547E+00 
 2008  8718    20  0.3985300000E+01  0.7259327173E+00 
 2008  8724    20  0.2339000000E+01  0.6415574799E+00 
 2008  8730    20  0.1360230000E+01  0.5000113110E+00 
 2008  8736    20  0.7143395000E+00  0.5574027598E+00 
 2008  8742    20  0.1104545000E+00  0.5031340780E+00 
 2008  8748    20  -0.8328950000E+00  0.3669692582E+00 
 2008  8754    20  -0.1736150000E+01  0.3158425676E+00 
 2008  8760    20  -0.1204034000E+01  0.5961090068E+00 
 2008  8766    20  -0.2751900000E-01  0.7550828621E+00 
 2008  8772    20  0.1021778150E+01  0.7256129231E+00 
 2008  8778    20  0.1617290000E+01  0.6429880325E+00 
 2008  8784    20  0.2118050000E+01  0.4815138082E+00 
