 2008  0006    4  -0.3960750000E+00  0.2954516669E-01 
 2008  0012    4  -0.3208750000E+00  0.3859976522E-01 
 2008  0018    4  -0.3494250000E+00  0.4921571776E-01 
 2008  0024    4  -0.6093750000E+00  0.4184485482E-01 
 2008  0030    4  -0.2123750000E+00  0.2899934266E-01 
 2008  0036    4  0.1227250000E-01  0.5365277643E-01 
 2008  0042    4  0.1724500000E+00  0.4673999893E-01 
 2008  0048    4  -0.2796750000E+00  0.4084668744E-01 
 2008  0054    4  0.1948750000E+00  0.5001421673E-01 
 2008  0060    4  0.2519500000E+00  0.7317870250E-01 
 2008  0066    4  -0.1551250000E+00  0.2235859734E-01 
 2008  0072    4  -0.4676250000E+00  0.1260979282E-01 
 2008  0078    4  0.1461875000E+00  0.6729368818E-01 
 2008  0084    4  0.4655250000E+00  0.7269447623E-01 
 2008  0090    4  -0.5437750000E-01  0.3003777736E-01 
 2008  0096    4  -0.3704000000E+00  0.6693261537E-01 
 2008  0102    4  0.8171250000E-01  0.4207874129E-01 
 2008  0108    4  0.3055000000E+00  0.9868703056E-01 
 2008  0114    4  0.2340750000E+00  0.8235543015E-01 
 2008  0120    4  -0.1196700000E+00  0.1061962224E+00 
 2008  0126    4  0.1005175000E+00  0.7163510605E-01 
 2008  0132    4  0.4742500000E-01  0.7190754359E-01 
 2008  0138    4  -0.3120500000E+00  0.1105910598E+00 
 2008  0144    4  -0.6305000000E+00  0.1397748547E+00 
 2008  0150    4  -0.3253000000E+00  0.1164706186E+00 
 2008  0156    4  -0.1813600000E+00  0.9029666550E-01 
 2008  0162    4  -0.2651250000E+00  0.7970314846E-01 
 2008  0168    4  -0.6042250000E+00  0.1119735320E+00 
 2008  0174    4  -0.4122000000E+00  0.1325671905E+00 
 2008  0180    4  -0.9533500000E-01  0.6224580046E-01 
 2008  0186    4  -0.4324000000E+00  0.1112648866E+00 
 2008  0192    4  -0.3826250000E+00  0.6090641900E-01 
 2008  0198    4  -0.1206625000E+00  0.6968593846E-01 
 2008  0204    4  -0.8104250000E-01  0.9262582965E-01 
 2008  0210    4  -0.1176050000E+00  0.4401436214E-01 
 2008  0216    4  -0.5533750000E+00  0.6801357861E-01 
 2008  0222    4  -0.1374575000E+00  0.5454813855E-01 
 2008  0228    4  -0.1712350000E+00  0.1159314094E+00 
 2008  0234    4  -0.6641250000E+00  0.1032662427E+00 
 2008  0240    4  -0.8181500000E+00  0.1100719878E+00 
 2008  0246    4  -0.3293750000E+00  0.1112410305E+00 
 2008  0252    4  -0.3580000000E+00  0.6096929555E-01 
 2008  0258    4  -0.7203750000E+00  0.9267689504E-01 
 2008  0264    4  -0.1117825000E+01  0.1081667318E+00 
 2008  0270    4  -0.2807250000E+00  0.5625972694E-01 
 2008  0276    4  -0.1315400000E+00  0.4395069738E-01 
 2008  0282    4  -0.4900000000E+00  0.5488155428E-01 
 2008  0288    4  -0.6948250000E+00  0.4041487195E-01 
 2008  0294    4  -0.4054000000E+00  0.6756163852E-01 
 2008  0300    4  -0.5818250000E-01  0.8133921698E-01 
 2008  0306    4  -0.5740250000E+00  0.7568868393E-01 
 2008  0312    4  -0.5299750000E+00  0.4367816245E-01 
 2008  0318    4  -0.2358000000E+00  0.6273770796E-01 
 2008  0324    4  -0.1951275000E+00  0.7168911890E-01 
 2008  0330    4  -0.3721750000E+00  0.3791618223E-01 
 2008  0336    4  -0.7731500000E+00  0.3745113483E-01 
 2008  0342    4  -0.3746000000E+00  0.3766948367E-01 
 2008  0348    4  0.1488667500E+00  0.1082493458E+00 
 2008  0354    4  -0.2640750000E+00  0.7054351051E-01 
 2008  0360    4  -0.3405000000E+00  0.6933076518E-01 
 2008  0366    4  0.3738800000E-01  0.1193511880E+00 
 2008  0372    4  0.3771750000E+00  0.1225160882E+00 
 2008  0378    4  0.8172500000E-02  0.5117720556E-01 
 2008  0384    4  -0.6426250000E+00  0.6028977422E-01 
 2008  0390    4  -0.2614000000E+00  0.7205837911E-01 
 2008  0396    4  -0.5718250000E-01  0.3701825859E-01 
 2008  0402    4  -0.4467500000E+00  0.3673230867E-01 
 2008  0408    4  -0.9146250000E+00  0.9595150793E-01 
 2008  0414    4  -0.6175500000E+00  0.8563966663E-01 
 2008  0420    4  -0.2752250000E+00  0.2544399487E-01 
 2008  0426    4  -0.6322000000E+00  0.2134303165E-01 
 2008  0432    4  -0.9202000000E+00  0.4801286286E-01 
 2008  0438    4  -0.4774500000E+00  0.6022879295E-01 
 2008  0444    4  -0.2690250000E+00  0.7396578178E-01 
 2008  0450    4  -0.5581750000E+00  0.3044801923E-01 
 2008  0456    4  -0.8295000000E+00  0.4877617246E-01 
 2008  0462    4  -0.5103250000E+00  0.7370811946E-01 
 2008  0468    4  -0.3601750000E+00  0.1060277175E+00 
 2008  0474    4  -0.7729750000E+00  0.3452697315E-01 
 2008  0480    4  -0.1275750000E+01  0.7807168181E-01 
 2008  0486    4  -0.8763000000E+00  0.3307317644E-01 
 2008  0492    4  -0.8795500000E+00  0.2889242980E-01 
 2008  0498    4  -0.1273000000E+01  0.8261658429E-01 
 2008  0504    4  -0.1264500000E+01  0.6108395861E-01 
 2008  0510    4  -0.8397250000E+00  0.7584429362E-01 
 2008  0516    4  -0.2427250000E+00  0.3836622049E-01 
 2008  0522    4  -0.5361500000E+00  0.5608656256E-01 
 2008  0528    4  -0.5465750000E+00  0.7701299809E-01 
 2008  0534    4  -0.2535500000E-01  0.5941248543E-01 
 2008  0540    4  0.1740000000E+00  0.4227936849E-01 
 2008  0546    4  -0.2499750000E+00  0.2207853879E-01 
 2008  0552    4  -0.4615000000E+00  0.4877750506E-01 
 2008  0558    4  -0.1982500000E+00  0.6351371899E-01 
 2008  0564    4  0.1231400000E+00  0.6627135731E-01 
 2008  0570    4  -0.4050000000E+00  0.5033373620E-01 
 2008  0576    4  -0.6154000000E+00  0.3557330460E-01 
 2008  0582    4  -0.4218500000E+00  0.3573125383E-01 
 2008  0588    4  -0.3601500000E+00  0.5596340322E-01 
 2008  0594    4  -0.6443250000E+00  0.4381109306E-01 
 2008  0600    4  -0.1269000000E+01  0.9576794871E-01 
 2008  0606    4  -0.1249250000E+01  0.1175401527E+00 
 2008  0612    4  -0.5819750000E+00  0.5913976560E-01 
 2008  0618    4  -0.9347500000E+00  0.6023078532E-01 
 2008  0624    4  -0.1371750000E+01  0.8116149025E-01 
 2008  0630    4  -0.1238000000E+01  0.4810925067E-01 
 2008  0636    4  -0.7543750000E+00  0.9045132324E-01 
 2008  0642    4  -0.7778500000E+00  0.5974870291E-01 
 2008  0648    4  -0.1002150000E+01  0.9388752580E-01 
 2008  0654    4  -0.6290250000E+00  0.5515194353E-01 
 2008  0660    4  0.5679400000E-01  0.5429032655E-01 
 2008  0666    4  -0.4419750000E+00  0.2693059366E-01 
 2008  0672    4  -0.6615500000E+00  0.2949588954E-01 
 2008  0678    4  -0.4640000000E+00  0.6013106518E-01 
 2008  0684    4  -0.3671250000E-01  0.6241752694E-01 
 2008  0690    4  -0.6008000000E+00  0.4195306902E-01 
 2008  0696    4  -0.8335750000E+00  0.6637485876E-01 
 2008  0702    4  -0.6269750000E+00  0.4223496034E-01 
 2008  0708    4  -0.3496500000E+00  0.4578856298E-01 
 2008  0714    4  -0.8708500000E+00  0.5778583304E-01 
 2008  0720    4  -0.1319500000E+01  0.1401508116E+00 
 2008  0726    4  -0.1129775000E+01  0.1038253431E+00 
 2008  0732    4  -0.7198500000E+00  0.1006389959E+00 
 2008  0738    4  -0.1039400000E+01  0.1063041862E+00 
 2008  0744    4  -0.1192750000E+01  0.1686999926E+00 
 2008  0750    4  -0.8948000000E+00  0.9501818247E-01 
 2008  0756    4  -0.7574250000E+00  0.8894662374E-01 
 2008  0762    4  -0.1076725000E+01  0.1198602389E+00 
 2008  0768    4  -0.1346250000E+01  0.1383769760E+00 
 2008  0774    4  -0.5688000000E+00  0.1018393833E+00 
 2008  0780    4  -0.3690000000E+00  0.5972382272E-01 
 2008  0786    4  -0.6087500000E+00  0.5789479683E-01 
 2008  0792    4  -0.8177000000E+00  0.5181790231E-01 
 2008  0798    4  -0.4596250000E+00  0.7115663620E-01 
 2008  0804    4  0.6753850000E-01  0.1367548761E+00 
 2008  0810    4  0.1383675000E+00  0.9744180658E-01 
 2008  0816    4  -0.2914250000E+00  0.9258864334E-01 
 2008  0822    4  -0.2688075000E-01  0.1185351269E+00 
 2008  0828    4  0.4344250000E+00  0.1813588484E+00 
 2008  0834    4  0.2768000000E+00  0.1039364950E+00 
 2008  0840    4  -0.1533650000E+00  0.6020178299E-01 
 2008  0846    4  0.1168875000E+00  0.1101759523E+00 
 2008  0852    4  0.3972500000E+00  0.1627368812E+00 
 2008  0858    4  -0.1669375000E+00  0.8524498061E-01 
 2008  0864    4  -0.7018750000E+00  0.9094735771E-01 
 2008  0870    4  -0.2279400000E+00  0.1372568607E+00 
 2008  0876    4  -0.1047925000E+00  0.1254685760E+00 
 2008  0882    4  -0.7714750000E+00  0.7852691816E-01 
 2008  0888    4  -0.1102400000E+01  0.9271666517E-01 
 2008  0894    4  -0.6166750000E+00  0.9801579911E-01 
 2008  0900    4  -0.2786475000E+00  0.1866114795E+00 
 2008  0906    4  -0.6122750000E+00  0.1256699720E+00 
 2008  0912    4  -0.5632250000E+00  0.3208144119E+00 
 2008  0918    4  0.4992400000E-01  0.2118369588E+00 
 2008  0924    4  -0.2068600000E+00  0.1849529827E+00 
 2008  0930    4  -0.4102500000E+00  0.2053843044E+00 
 2008  0936    4  -0.1075250000E+00  0.3722678631E+00 
 2008  0942    4  -0.5869250000E-01  0.2127961176E+00 
 2008  0948    4  -0.4911250000E+00  0.2026144661E+00 
 2008  0954    4  -0.4478000000E+00  0.1728961104E+00 
 2008  0960    4  -0.1247787500E+00  0.3170072824E+00 
 2008  0966    4  0.1018250000E+00  0.1428363318E+00 
 2008  0972    4  -0.3034000000E+00  0.1177720468E+00 
 2008  0978    4  -0.6861500000E+00  0.1234547184E+00 
 2008  0984    4  -0.5994500000E+00  0.2023763141E+00 
 2008  0990    4  -0.2660600000E+00  0.1380592909E+00 
 2008  0996    4  -0.9663000000E-01  0.1550600326E+00 
 2008  1002    4  -0.3906750000E+00  0.1467429960E+00 
 2008  1008    4  -0.3908575000E+00  0.3155275248E+00 
 2008  1014    4  -0.3127700000E+00  0.1754437679E+00 
 2008  1020    4  -0.4466750000E+00  0.9117837943E-01 
 2008  1026    4  -0.7636000000E+00  0.8601467898E-01 
 2008  1032    4  -0.9740750000E+00  0.2451624296E+00 
 2008  1038    4  -0.5615500000E+00  0.7325771290E-01 
 2008  1044    4  -0.7225250000E+00  0.7510054510E-01 
 2008  1050    4  -0.1093000000E+01  0.3028200786E-01 
 2008  1056    4  -0.1165750000E+01  0.1510188316E+00 
 2008  1062    4  -0.7849250000E+00  0.3415804261E-01 
 2008  1068    4  -0.7163500000E+00  0.3723885739E-01 
 2008  1074    4  -0.9231500000E+00  0.3522942662E-01 
 2008  1080    4  -0.1143250000E+01  0.7451300222E-01 
 2008  1086    4  -0.7340750000E+00  0.7125571468E-01 
 2008  1092    4  -0.4513000000E+00  0.5290004726E-01 
 2008  1098    4  -0.8284250000E+00  0.2688237108E-01 
 2008  1104    4  -0.1171750000E+01  0.6300545611E-01 
 2008  1110    4  -0.4743250000E+00  0.1715419537E+00 
 2008  1116    4  -0.2150750000E-01  0.1315621920E+00 
 2008  1122    4  -0.5087250000E+00  0.1329009288E+00 
 2008  1128    4  -0.9595000000E+00  0.1467421207E+00 
 2008  1134    4  -0.7033500000E+00  0.1211978238E+00 
 2008  1140    4  -0.6187250000E+00  0.9723819658E-01 
 2008  1146    4  -0.1259000000E+01  0.5202883816E-01 
 2008  1152    4  -0.1650500000E+01  0.6782882868E-01 
 2008  1158    4  -0.1296750000E+01  0.5686991736E-01 
 2008  1164    4  -0.1183500000E+01  0.3116488408E-01 
 2008  1170    4  -0.1504500000E+01  0.4767861156E-01 
 2008  1176    4  -0.2043250000E+01  0.8392072152E-01 
 2008  1182    4  -0.1480250000E+01  0.3949287910E-01 
 2008  1188    4  -0.1050250000E+01  0.3479493498E-01 
 2008  1194    4  -0.9176000000E+00  0.3906577786E-01 
 2008  1200    4  -0.9717250000E+00  0.1423683142E+00 
 2008  1206    4  -0.4111500000E+00  0.1144710771E+00 
 2008  1212    4  -0.9541250000E-01  0.1160886427E+00 
 2008  1218    4  -0.3675000000E-02  0.1587886919E+00 
 2008  1224    4  -0.4264600000E+00  0.2451354805E+00 
 2008  1230    4  -0.4173500000E+00  0.1423105846E+00 
 2008  1236    4  -0.2546750000E+00  0.8060239993E-01 
 2008  1242    4  -0.8767500000E+00  0.4417490804E-01 
 2008  1248    4  -0.9563250000E+00  0.1794566434E+00 
 2008  1254    4  -0.6780250000E+00  0.5942526294E-01 
 2008  1260    4  -0.3110500000E+00  0.7667824007E-01 
 2008  1266    4  -0.8295250000E+00  0.2488718295E-01 
 2008  1272    4  -0.1281250000E+01  0.4701263128E-01 
 2008  1278    4  -0.7291250000E+00  0.7324037053E-01 
 2008  1284    4  -0.2064700000E+00  0.1004962074E+00 
 2008  1290    4  -0.5612500000E+00  0.8677299407E-01 
 2008  1296    4  -0.9878500000E+00  0.1096269470E+00 
 2008  1302    4  -0.7214000000E+00  0.1160337020E+00 
 2008  1308    4  -0.2073075000E+00  0.1747883568E+00 
 2008  1314    4  -0.6320250000E+00  0.1266452205E+00 
 2008  1320    4  -0.1110625000E+01  0.1256579559E+00 
 2008  1326    4  -0.7672000000E+00  0.1280391737E+00 
 2008  1332    4  -0.3427250000E+00  0.1410262808E+00 
 2008  1338    4  -0.7677250000E+00  0.1133201080E+00 
 2008  1344    4  -0.9397500000E+00  0.2842845977E+00 
 2008  1350    4  -0.5701475000E-01  0.1192017746E+00 
 2008  1356    4  -0.3069000000E-01  0.1217586601E+00 
 2008  1362    4  0.2684725000E-01  0.1780843828E+00 
 2008  1368    4  -0.8150250000E-01  0.1940650446E+00 
 2008  1374    4  -0.1390025000E+00  0.4290583898E-01 
 2008  1380    4  0.9225000000E-02  0.8725188064E-01 
 2008  1386    4  -0.3793500000E+00  0.3659846308E-01 
 2008  1392    4  -0.9360750000E-01  0.6947232592E-01 
 2008  1398    4  -0.3643500000E+00  0.4131691542E-01 
 2008  1404    4  -0.3184250000E+00  0.9370724025E-01 
 2008  1410    4  -0.4913500000E+00  0.6837651278E-01 
 2008  1416    4  -0.2730640000E+00  0.1882575010E+00 
 2008  1422    4  -0.3410875000E-01  0.6962618297E-01 
 2008  1428    4  -0.1533450000E+00  0.1181751263E+00 
 2008  1434    4  -0.6993750000E+00  0.2655573149E-01 
 2008  1440    4  -0.1171500000E+01  0.8730836157E-01 
 2008  1446    4  -0.7516750000E+00  0.3330325622E-01 
 2008  1452    4  -0.6639250000E+00  0.5079844363E-01 
 2008  1458    4  -0.8395000000E+00  0.5675944855E-01 
 2008  1464    4  -0.1131575000E+01  0.1366837294E+00 
 2008  1470    4  -0.5826500000E+00  0.5486859302E-01 
 2008  1476    4  -0.4465250000E+00  0.4168017364E-01 
 2008  1482    4  -0.5413750000E+00  0.7358404633E-01 
 2008  1488    4  -0.8307250000E+00  0.1751505692E+00 
 2008  1494    4  -0.5716250000E+00  0.8200409670E-01 
 2008  1500    4  -0.6448250000E+00  0.9837777950E-02 
 2008  1506    4  -0.6518000000E+00  0.8259875907E-01 
 2008  1512    4  -0.2832500000E+00  0.1720969276E+00 
 2008  1518    4  -0.7199250000E+00  0.5827938636E-01 
 2008  1524    4  -0.5949000000E+00  0.2239520038E-01 
 2008  1530    4  -0.4875250000E+00  0.1864931299E-01 
 2008  1536    4  -0.4672000000E+00  0.1448682850E+00 
 2008  1542    4  -0.7048250000E+00  0.6649907424E-01 
 2008  1548    4  -0.6411500000E+00  0.2770473786E-01 
 2008  1554    4  -0.7981750000E+00  0.5494066686E-01 
 2008  1560    4  -0.4119250000E+00  0.1291498814E+00 
 2008  1566    4  -0.7821500000E+00  0.5233137204E-01 
 2008  1572    4  -0.6645250000E+00  0.7727542866E-01 
 2008  1578    4  -0.4754500000E+00  0.3455904368E-01 
 2008  1584    4  -0.4019500000E+00  0.3922753402E+00 
 2008  1590    4  -0.1609000000E+00  0.4783163179E-01 
 2008  1596    4  -0.5654250000E+00  0.8615466833E-01 
 2008  1602    4  -0.6652500000E+00  0.6182622825E-01 
 2008  1608    4  -0.1205000000E+01  0.6963117118E-01 
 2008  1614    4  -0.5084250000E+00  0.3769677539E-01 
 2008  1620    4  -0.2048000000E+00  0.4892984774E-01 
 2008  1626    4  -0.6995000000E+00  0.3422659784E-01 
 2008  1632    4  -0.1102250000E+01  0.5566136452E-01 
 2008  1638    4  -0.3758000000E+00  0.1669790406E-01 
 2008  1644    4  -0.1356250000E+00  0.2662661967E-01 
 2008  1650    4  -0.4179500000E+00  0.2962806946E-01 
 2008  1656    4  -0.9693250000E+00  0.6554316803E-01 
 2008  1662    4  -0.6001000000E+00  0.8510384833E-01 
 2008  1668    4  -0.4441000000E+00  0.5643753184E-01 
 2008  1674    4  -0.5807500000E+00  0.4856122424E-01 
 2008  1680    4  -0.1057675000E+01  0.4871105496E-01 
 2008  1686    4  -0.3212000000E+00  0.3885016087E-01 
 2008  1692    4  0.2590000000E-02  0.8043198897E-01 
 2008  1698    4  -0.4577250000E+00  0.4518541662E-01 
 2008  1704    4  -0.5430000000E+00  0.1511390419E+00 
 2008  1710    4  -0.3561750000E+00  0.7224189833E-01 
 2008  1716    4  -0.5519750000E+00  0.3436090620E-01 
 2008  1722    4  -0.5873500000E+00  0.1083694722E+00 
 2008  1728    4  -0.4398500000E+00  0.1156964671E+00 
 2008  1734    4  -0.4902000000E+00  0.9445898581E-02 
 2008  1740    4  -0.4647250000E+00  0.1019126464E-01 
 2008  1746    4  -0.8173500000E+00  0.3549848588E-01 
 2008  1752    4  0.5797750000E-01  0.6311863448E-01 
 2008  1758    4  -0.4439750000E+00  0.3734148999E-01 
 2008  1764    4  -0.3487250000E+00  0.5607755233E-01 
 2008  1770    4  -0.7963750000E+00  0.2245510799E-01 
 2008  1776    4  -0.1011175000E+01  0.7690813920E-01 
 2008  1782    4  -0.8927750000E+00  0.5845341628E-01 
 2008  1788    4  -0.5860000000E+00  0.4791508113E-01 
 2008  1794    4  -0.1104750000E+01  0.6291015419E-01 
 2008  1800    4  -0.1733000000E+01  0.1396549319E+00 
 2008  1806    4  -0.1029825000E+01  0.7194742438E-01 
 2008  1812    4  -0.8564000000E+00  0.3112916639E-01 
 2008  1818    4  -0.1123500000E+01  0.2241093483E-01 
 2008  1824    4  -0.1472500000E+01  0.9679230341E-01 
 2008  1830    4  -0.6401250000E+00  0.1153243551E+00 
 2008  1836    4  -0.4981000000E+00  0.1338824111E-01 
 2008  1842    4  -0.6329000000E+00  0.8425728455E-01 
 2008  1848    4  -0.2723250000E+00  0.2567625593E+00 
 2008  1854    4  -0.2476000000E+00  0.9121408882E-01 
 2008  1860    4  0.1262900000E+00  0.7879644852E-01 
 2008  1866    4  0.2059975000E+00  0.8188206164E-01 
 2008  1872    4  -0.2945000000E+00  0.1206892290E+00 
 2008  1878    4  0.1375500000E-01  0.1021601660E+00 
 2008  1884    4  0.9190500000E-01  0.9297578838E-01 
 2008  1890    4  -0.1648450000E+00  0.1361110219E+00 
 2008  1896    4  -0.3717500000E-01  0.2431240771E+00 
 2008  1902    4  0.3350750000E-01  0.9845114559E-01 
 2008  1908    4  0.3135000000E+00  0.7857343699E-01 
 2008  1914    4  0.2035550000E+00  0.9815712442E-01 
 2008  1920    4  0.5618750000E+00  0.1621626864E+00 
 2008  1926    4  0.6796500000E+00  0.7079917019E-01 
 2008  1932    4  0.4600250000E+00  0.1001487987E+00 
 2008  1938    4  0.7532500000E-02  0.4514398043E-01 
 2008  1944    4  0.1216000000E-01  0.8741296672E-01 
 2008  1950    4  0.4221750000E+00  0.3618275660E-01 
 2008  1956    4  0.5346250000E+00  0.8015439398E-01 
 2008  1962    4  0.8659500000E-01  0.3587651077E-01 
 2008  1968    4  0.5777000000E+00  0.1164907292E+00 
 2008  1974    4  0.5982500000E+00  0.8870768005E-01 
 2008  1980    4  -0.3214000000E-02  0.8932539235E-01 
 2008  1986    4  0.3409897500E-01  0.3022325399E-01 
 2008  1992    4  -0.1556150000E+00  0.6765856690E-01 
 2008  1998    4  -0.1466750000E-01  0.6767322416E-01 
 2008  2004    4  -0.1405200000E+00  0.8422736105E-01 
 2008  2010    4  -0.2621250000E+00  0.6677392362E-01 
 2008  2016    4  -0.1297775000E+00  0.1001731582E+00 
 2008  2022    4  0.2967250000E-01  0.1031099887E+00 
 2008  2028    4  -0.2580250000E+00  0.3159346254E-01 
 2008  2034    4  -0.3380000000E+00  0.3550992819E-01 
 2008  2040    4  -0.3034750000E+00  0.9127492468E-01 
 2008  2046    4  -0.7942500000E-03  0.2773616618E-01 
 2008  2052    4  -0.7547000000E-01  0.1010861655E+00 
 2008  2058    4  -0.3113000000E+00  0.4691966539E-01 
 2008  2064    4  -0.2796750000E+00  0.1034192046E+00 
 2008  2070    4  0.2252400000E+00  0.1110916640E+00 
 2008  2076    4  0.3122500000E+00  0.1205805229E+00 
 2008  2082    4  0.2004000000E+00  0.6324432781E-01 
 2008  2088    4  -0.4013000000E+00  0.1430762908E+00 
 2008  2094    4  -0.4656250000E+00  0.4151363481E-01 
 2008  2100    4  -0.2781750000E+00  0.3354745706E-01 
 2008  2106    4  -0.5895500000E+00  0.6354374477E-01 
 2008  2112    4  -0.9362000000E+00  0.1676422978E+00 
 2008  2118    4  -0.5902250000E+00  0.1387358349E+00 
 2008  2124    4  -0.6978500000E+00  0.3612578719E-01 
 2008  2130    4  -0.9422000000E+00  0.3328633353E-01 
 2008  2136    4  -0.1140250000E+01  0.7759631112E-01 
 2008  2142    4  -0.7049750000E+00  0.1526961751E+00 
 2008  2148    4  -0.9500000000E+00  0.7198149068E-01 
 2008  2154    4  -0.1422250000E+01  0.4648319589E-01 
 2008  2160    4  -0.1764250000E+01  0.1568986536E+00 
 2008  2166    4  -0.1499750000E+01  0.6231522687E-01 
 2008  2172    4  -0.1258750000E+01  0.4800716092E-01 
 2008  2178    4  -0.1598250000E+01  0.4241683039E-01 
 2008  2184    4  -0.1620000000E+01  0.2054276028E+00 
 2008  2190    4  -0.1320000000E+01  0.7300342458E-01 
 2008  2196    4  -0.1480000000E+01  0.4772316000E-01 
 2008  2202    4  -0.1569000000E+01  0.4503887210E-01 
 2008  2208    4  -0.1292000000E+01  0.1609176808E+00 
 2008  2214    4  -0.1189250000E+01  0.5830683922E-01 
 2008  2220    4  -0.1323000000E+01  0.5064582905E-01 
 2008  2226    4  -0.1372000000E+01  0.5082814181E-01 
 2008  2232    4  -0.1073800000E+01  0.4947645905E-01 
 2008  2238    4  -0.1169000000E+01  0.7316419890E-01 
 2008  2244    4  -0.1080225000E+01  0.9790915113E-01 
 2008  2250    4  -0.1074400000E+01  0.8674203133E-01 
 2008  2256    4  -0.8519750000E+00  0.2469669044E+00 
 2008  2262    4  -0.4807750000E+00  0.8174923165E-01 
 2008  2268    4  -0.6004750000E+00  0.4133263692E-01 
 2008  2274    4  -0.7496000000E+00  0.5029378689E-01 
 2008  2280    4  -0.6278250000E+00  0.2533915189E+00 
 2008  2286    4  -0.5873500000E+00  0.2721989162E-01 
 2008  2292    4  -0.5723500000E+00  0.2606746056E-01 
 2008  2298    4  -0.8893500000E+00  0.8920430203E-01 
 2008  2304    4  -0.1383750000E+01  0.1899294277E+00 
 2008  2310    4  -0.5289750000E+00  0.6318846315E-01 
 2008  2316    4  -0.1492250000E+00  0.7505619145E-01 
 2008  2322    4  -0.5046500000E+00  0.5242005818E-01 
 2008  2328    4  -0.5229750000E+00  0.2180545388E+00 
 2008  2334    4  -0.1457545000E+00  0.9868409958E-01 
 2008  2340    4  -0.2580500000E-01  0.7993112207E-01 
 2008  2346    4  -0.4116750000E+00  0.7488368898E-01 
 2008  2352    4  -0.8399000000E+00  0.2325406094E+00 
 2008  2358    4  0.1761425000E+00  0.1609652022E+00 
 2008  2364    4  -0.1299575000E+00  0.5950363366E-01 
 2008  2370    4  -0.4981500000E+00  0.1077074858E+00 
 2008  2376    4  -0.1479750000E+00  0.2488969905E+00 
 2008  2382    4  0.9842500000E-02  0.1189042279E+00 
 2008  2388    4  -0.1141900000E+00  0.6995362106E-01 
 2008  2394    4  -0.3676000000E+00  0.5608645113E-01 
 2008  2400    4  -0.3901750000E+00  0.1507048170E+00 
 2008  2406    4  -0.2331500000E+00  0.9194445334E-01 
 2008  2412    4  -0.4158000000E+00  0.7899025256E-01 
 2008  2418    4  -0.2873750000E+00  0.7024362516E-01 
 2008  2424    4  -0.6518250000E+00  0.1655592851E+00 
 2008  2430    4  -0.7398750000E+00  0.1913405015E-01 
 2008  2436    4  -0.5222500000E+00  0.2683994225E-01 
 2008  2442    4  -0.6965500000E+00  0.8207111246E-01 
 2008  2448    4  -0.8645750000E+00  0.1043160672E+00 
 2008  2454    4  -0.6109750000E+00  0.4155155683E-01 
 2008  2460    4  -0.5351750000E+00  0.2556338935E-01 
 2008  2466    4  -0.7936500000E+00  0.3648427744E-01 
 2008  2472    4  -0.2219675000E+00  0.1282115076E+00 
 2008  2478    4  -0.6880500000E+00  0.3218233211E-01 
 2008  2484    4  -0.5613750000E+00  0.9641849861E-01 
 2008  2490    4  -0.1077775000E+01  0.6533874712E-01 
 2008  2496    4  -0.5430250000E+00  0.1324203794E+00 
 2008  2502    4  -0.2520750000E+00  0.3129995008E-01 
 2008  2508    4  -0.5196750000E+00  0.3268955299E-01 
 2008  2514    4  -0.8480250000E+00  0.3057493868E-01 
 2008  2520    4  -0.3789000000E+00  0.1393059223E+00 
 2008  2526    4  0.3043500000E-01  0.6321157509E-01 
 2008  2532    4  -0.3704500000E+00  0.7886458331E-01 
 2008  2538    4  -0.4964000000E+00  0.9317993346E-01 
 2008  2544    4  0.2365000000E-01  0.1849712207E+00 
 2008  2550    4  0.3565500000E+00  0.1306231316E+00 
 2008  2556    4  0.1705200000E+00  0.8066542754E-01 
 2008  2562    4  0.4363500000E-01  0.9652443693E-01 
 2008  2568    4  0.1535142500E+00  0.9572153472E-01 
 2008  2574    4  0.6025250000E+00  0.1268760296E+00 
 2008  2580    4  0.4036750000E+00  0.1016344768E+00 
 2008  2586    4  0.6010750000E+00  0.1173911065E+00 
 2008  2592    4  -0.2146550000E-01  0.1061533043E+00 
 2008  2598    4  -0.3606750000E-02  0.2538667634E-01 
 2008  2604    4  0.2237750000E+00  0.3862650483E-01 
 2008  2610    4  -0.2174000000E+00  0.4874746147E-01 
 2008  2616    4  -0.3962250000E+00  0.1474823951E+00 
 2008  2622    4  0.2071250000E+00  0.8659822097E-01 
 2008  2628    4  0.2057100000E-01  0.1460150722E-01 
 2008  2634    4  -0.9358750000E-01  0.6919140459E-01 
 2008  2640    4  -0.9612500000E-02  0.7528361454E-01 
 2008  2646    4  -0.2297250000E+00  0.4489322750E-01 
 2008  2652    4  -0.2866750000E+00  0.5721067973E-01 
 2008  2658    4  -0.5473000000E+00  0.3572849003E-01 
 2008  2664    4  -0.5523500000E+00  0.1286444422E+00 
 2008  2670    4  -0.5309000000E+00  0.1028812908E+00 
 2008  2676    4  -0.2081850000E+00  0.1195857670E+00 
 2008  2682    4  -0.6142000000E+00  0.1480639220E+00 
 2008  2688    4  -0.5603500000E+00  0.1577795376E+00 
 2008  2694    4  -0.2717750000E+00  0.6601561842E-01 
 2008  2700    4  -0.4325250000E+00  0.8800841934E-01 
 2008  2706    4  -0.6683500000E+00  0.4101758769E-01 
 2008  2712    4  -0.4231750000E+00  0.8281987609E-01 
 2008  2718    4  -0.6530000000E+00  0.2341676750E-01 
 2008  2724    4  -0.6594750000E+00  0.4980930510E-01 
 2008  2730    4  -0.6143500000E+00  0.5833500236E-01 
 2008  2736    4  -0.5298250000E+00  0.9494020157E-01 
 2008  2742    4  -0.3208250000E+00  0.6231939405E-01 
 2008  2748    4  -0.2582500000E+00  0.4420523159E-01 
 2008  2754    4  -0.5515500000E+00  0.1134317967E+00 
 2008  2760    4  -0.3583750000E+00  0.1301350717E+00 
 2008  2766    4  -0.1218250000E-01  0.7894899093E-01 
 2008  2772    4  -0.3133500000E+00  0.1327780196E+00 
 2008  2778    4  -0.7395250000E-01  0.1359384985E+00 
 2008  2784    4  0.1120607500E+00  0.1487581711E+00 
 2008  2790    4  0.3555000000E+00  0.9625998649E-01 
 2008  2796    4  -0.6063000000E+00  0.6140472295E-01 
 2008  2802    4  -0.7375250000E+00  0.3732139969E-01 
 2008  2808    4  -0.6052000000E+00  0.8665036065E-01 
 2008  2814    4  -0.4718000000E+00  0.1075700469E+00 
 2008  2820    4  -0.4659750000E+00  0.6899870923E-01 
 2008  2826    4  -0.6374500000E+00  0.5507660574E-01 
 2008  2832    4  -0.7414250000E+00  0.1015816759E+00 
 2008  2838    4  -0.4880750000E-01  0.9010637141E-01 
 2008  2844    4  -0.5755000000E+00  0.2124605846E-01 
 2008  2850    4  -0.8637000000E+00  0.4349586187E-01 
 2008  2856    4  -0.6790500000E+00  0.1330350424E+00 
 2008  2862    4  -0.4596500000E+00  0.3625937810E-01 
 2008  2868    4  -0.5124250000E+00  0.1123647493E+00 
 2008  2874    4  -0.4030500000E+00  0.5389705465E-01 
 2008  2880    4  -0.5334250000E+00  0.7104475262E-01 
 2008  2886    4  -0.4913250000E+00  0.7549756205E-01 
 2008  2892    4  -0.4228250000E+00  0.8426423841E-01 
 2008  2898    4  -0.3524500000E+00  0.1030539301E+00 
 2008  2904    4  -0.3969500000E+00  0.1224837234E+00 
 2008  2910    4  -0.7755000000E+00  0.8129228131E-01 
 2008  2916    4  -0.8241500000E+00  0.1640301420E+00 
 2008  2922    4  -0.5711500000E+00  0.6299291627E-01 
 2008  2928    4  -0.7228500000E+00  0.1286259402E+00 
 2008  2934    4  -0.7252750000E+00  0.8253430726E-01 
 2008  2940    4  -0.6179750000E+00  0.3030481604E-01 
 2008  2946    4  -0.3887900000E-01  0.6918545832E-01 
 2008  2952    4  -0.8656250000E+00  0.9313169103E-01 
 2008  2958    4  -0.3462500000E+00  0.1312294270E+00 
 2008  2964    4  -0.7481000000E+00  0.2520248004E-01 
 2008  2970    4  -0.9928750000E+00  0.7246065743E-01 
 2008  2976    4  -0.8867500000E+00  0.1135954775E+00 
 2008  2982    4  -0.6178500000E+00  0.1112744917E+00 
 2008  2988    4  -0.4742000000E+00  0.7294309426E-01 
 2008  2994    4  -0.6474250000E+00  0.2924870724E-01 
 2008  3000    4  -0.7067250000E+00  0.9864933793E-01 
 2008  3006    4  -0.1843250000E-01  0.8699631124E-01 
 2008  3012    4  0.1409050000E+00  0.4378429028E-01 
 2008  3018    4  -0.7504250000E-01  0.1220071240E+00 
 2008  3024    4  -0.2027500000E-01  0.5001725727E-01 
 2008  3030    4  0.3911000000E+00  0.7722120823E-01 
 2008  3036    4  0.6198500000E+00  0.3754347480E-01 
 2008  3042    4  0.3351000000E+00  0.5017883020E-01 
 2008  3048    4  -0.1634750000E+00  0.6290979157E-01 
 2008  3054    4  0.2886500000E+00  0.7005442527E-01 
 2008  3060    4  0.3407000000E+00  0.6704106950E-01 
 2008  3066    4  0.2289750000E+00  0.6417563303E-01 
 2008  3072    4  0.1513050000E+00  0.1447348067E+00 
 2008  3078    4  0.1148350000E+00  0.3879245900E-01 
 2008  3084    4  0.2862750000E+00  0.6000372384E-01 
 2008  3090    4  0.2020750000E-02  0.8557242761E-01 
 2008  3096    4  0.9537500000E-01  0.1191443546E+00 
 2008  3102    4  0.4099000000E+00  0.1221396127E+00 
 2008  3108    4  0.3931250000E+00  0.4984924147E-01 
 2008  3114    4  0.1772775000E+00  0.7667224412E-01 
 2008  3120    4  0.4901250000E-01  0.2640601766E-01 
 2008  3126    4  0.1519550000E+00  0.6600406862E-01 
 2008  3132    4  0.2225250000E+00  0.7253814083E-01 
 2008  3138    4  0.8810000000E-01  0.3889166749E-01 
 2008  3144    4  0.5497750000E-01  0.1307330831E+00 
 2008  3150    4  -0.3233500000E+00  0.3945633663E-01 
 2008  3156    4  -0.3598250000E-01  0.3996367874E-01 
 2008  3162    4  -0.1947000000E+00  0.2832340022E-01 
 2008  3168    4  -0.5606500000E-01  0.1814212575E+00 
 2008  3174    4  0.2810250000E+00  0.6569506736E-01 
 2008  3180    4  0.6696100000E-01  0.6572926200E-01 
 2008  3186    4  -0.8968250000E-01  0.5558622508E-01 
 2008  3192    4  0.2681500000E+00  0.8471984714E-01 
 2008  3198    4  0.3856250000E-01  0.3050081423E-01 
 2008  3204    4  0.7463850000E-01  0.7674799864E-01 
 2008  3210    4  -0.8142175000E-01  0.4596094526E-01 
 2008  3216    4  0.2772500000E+00  0.7357817271E-01 
 2008  3222    4  0.2874000000E+00  0.7867410629E-01 
 2008  3228    4  0.1724000000E+00  0.5918310570E-01 
 2008  3234    4  0.1595250000E+00  0.4330845039E-01 
 2008  3240    4  0.5740000000E+00  0.1911092489E+00 
 2008  3246    4  0.1150850000E+01  0.1336217329E+00 
 2008  3252    4  0.5271500000E+00  0.1012145370E+00 
 2008  3258    4  0.4997500000E+00  0.6314718917E-01 
 2008  3264    4  0.8814500000E+00  0.2601778478E+00 
 2008  3270    4  0.1048825000E+01  0.1182547753E+00 
 2008  3276    4  0.4483250000E+00  0.1930119475E+00 
 2008  3282    4  0.7407500000E+00  0.8810461112E-01 
 2008  3288    4  0.9821000000E+00  0.2085775995E+00 
 2008  3294    4  0.9626000000E+00  0.2146991267E+00 
 2008  3300    4  0.3871000000E+00  0.9612478869E-01 
 2008  3306    4  0.4405250000E+00  0.1038401024E+00 
 2008  3312    4  0.8656000000E+00  0.2103790270E+00 
 2008  3318    4  0.6326000000E+00  0.1523371097E+00 
 2008  3324    4  0.2177750000E+00  0.6125958598E-01 
 2008  3330    4  0.2359250000E+00  0.4939435064E-01 
 2008  3336    4  -0.2066750000E-01  0.1578254310E+00 
 2008  3342    4  0.2590750000E+00  0.6264532604E-01 
 2008  3348    4  -0.1836525000E+00  0.6771245283E-01 
 2008  3354    4  -0.2000750000E+00  0.8024959112E-01 
 2008  3360    4  -0.3137750000E+00  0.8001329186E-01 
 2008  3366    4  0.5517500000E-01  0.9355146217E-01 
 2008  3372    4  0.1242550000E+00  0.5382372363E-01 
 2008  3378    4  0.4170250000E-02  0.2157622073E-01 
 2008  3384    4  -0.1367100000E+00  0.1305527539E+00 
 2008  3390    4  0.3682750000E+00  0.4191135735E-01 
 2008  3396    4  0.4973000000E+00  0.3766848816E-01 
 2008  3402    4  0.1880000000E-02  0.6193150370E-01 
 2008  3408    4  -0.3730750000E+00  0.9036681844E-01 
 2008  3414    4  -0.2314600000E+00  0.1054890696E+00 
 2008  3420    4  -0.2864250000E+00  0.2807644698E-01 
 2008  3426    4  -0.4312250000E+00  0.1206863160E+00 
 2008  3432    4  -0.1991050000E+00  0.1221104790E+00 
 2008  3438    4  -0.2925750000E+00  0.4797464825E-01 
 2008  3444    4  -0.6156750000E+00  0.3395249439E-01 
 2008  3450    4  -0.7783000000E+00  0.1002414086E+00 
 2008  3456    4  -0.4966500000E+00  0.8107818757E-01 
 2008  3462    4  -0.5709000000E+00  0.8885018289E-01 
 2008  3468    4  -0.5801500000E+00  0.1854299059E-01 
 2008  3474    4  -0.7322250000E+00  0.5413794303E-01 
 2008  3480    4  -0.2412300000E+00  0.1551436023E+00 
 2008  3486    4  -0.1548250000E+00  0.1539015513E-01 
 2008  3492    4  -0.5019500000E+00  0.3330424147E-01 
 2008  3498    4  -0.2350000000E+00  0.4024158297E-01 
 2008  3504    4  0.2929000000E+00  0.1254062000E+00 
 2008  3510    4  0.1332150000E+00  0.7007166135E-01 
 2008  3516    4  0.1008000000E-01  0.5755855714E-01 
 2008  3522    4  0.1850500000E+00  0.1422998595E-01 
 2008  3528    4  0.3996500000E+00  0.7104218817E-01 
 2008  3534    4  0.1301825000E+00  0.6574176312E-01 
 2008  3540    4  -0.7524250000E-01  0.2059975288E-01 
 2008  3546    4  -0.1778500000E+00  0.2555821786E-01 
 2008  3552    4  -0.2986250000E+00  0.4453478275E-01 
 2008  3558    4  0.1504825000E+00  0.5842798917E-01 
 2008  3564    4  -0.1688850000E+00  0.5131332843E-01 
 2008  3570    4  -0.3070250000E+00  0.9024257241E-01 
 2008  3576    4  0.5780250000E-01  0.7240559729E-01 
 2008  3582    4  0.2522000000E+00  0.4737990080E-01 
 2008  3588    4  0.6172500000E-01  0.9764929634E-01 
 2008  3594    4  -0.1035600000E+00  0.4093075616E-01 
 2008  3600    4  0.2530000000E+00  0.8725047278E-01 
 2008  3606    4  0.2127430000E+00  0.1321442520E+00 
 2008  3612    4  0.3480250000E+00  0.1962082758E-01 
 2008  3618    4  0.3021750000E+00  0.5627585517E-01 
 2008  3624    4  0.1574750000E-01  0.5102172252E-01 
 2008  3630    4  0.3246250000E+00  0.5457116340E-01 
 2008  3636    4  -0.2266675000E-01  0.3292364563E-01 
 2008  3642    4  -0.3901750000E+00  0.6023530422E-01 
 2008  3648    4  -0.2693750000E+00  0.6788197018E-01 
 2008  3654    4  -0.2383750000E+00  0.4235872844E-01 
 2008  3660    4  -0.6002750000E-01  0.7593396391E-02 
 2008  3666    4  -0.1540725000E+00  0.1085269647E+00 
 2008  3672    4  0.1890375000E+00  0.7201384741E-01 
 2008  3678    4  -0.9741750000E-01  0.4318280814E-01 
 2008  3684    4  0.1551875000E+00  0.6011510184E-01 
 2008  3690    4  -0.5359750000E-01  0.2648465629E-01 
 2008  3696    4  0.5238250000E+00  0.4603402953E-01 
 2008  3702    4  0.2752500000E+00  0.4797699970E-01 
 2008  3708    4  0.2527750000E+00  0.8353976224E-01 
 2008  3714    4  0.7905000000E-01  0.2391239218E-01 
 2008  3720    4  0.1390850000E+00  0.2014917310E+00 
 2008  3726    4  0.4854500000E+00  0.1028551530E+00 
 2008  3732    4  0.5404500000E+00  0.1117592614E+00 
 2008  3738    4  0.3157750000E+00  0.9707915263E-01 
 2008  3744    4  0.6275750000E+00  0.1486507043E+00 
 2008  3750    4  0.5293250000E+00  0.5554688898E-01 
 2008  3756    4  0.6715750000E+00  0.5759762907E-01 
 2008  3762    4  0.4841500000E+00  0.6938391384E-01 
 2008  3768    4  0.9777750000E+00  0.2114334100E+00 
 2008  3774    4  0.8181750000E+00  0.1264065737E+00 
 2008  3780    4  0.9613750000E+00  0.1324577739E+00 
 2008  3786    4  0.7623750000E+00  0.1500531302E+00 
 2008  3792    4  0.8650000000E+00  0.1048571409E+00 
 2008  3798    4  0.1515750000E+01  0.2124516121E+00 
 2008  3804    4  0.9268500000E+00  0.1628699251E+00 
 2008  3810    4  0.8147500000E+00  0.8885118176E-01 
 2008  3816    4  0.1242975000E+01  0.1931839845E+00 
 2008  3822    4  0.1318500000E+01  0.1560392579E+00 
 2008  3828    4  0.9181750000E+00  0.1406185687E+00 
 2008  3834    4  0.7679000000E+00  0.6451953193E-01 
 2008  3840    4  0.5115250000E+00  0.6270950387E-01 
 2008  3846    4  0.1745500000E+00  0.3827731051E-01 
 2008  3852    4  0.2186500000E+00  0.8241852037E-01 
 2008  3858    4  0.2460500000E+00  0.9961572416E-01 
 2008  3864    4  0.2865500000E+00  0.5322464185E-01 
 2008  3870    4  0.2618150000E+00  0.1341581741E+00 
 2008  3876    4  0.1085100000E+00  0.1314030475E+00 
 2008  3882    4  0.2313025000E+00  0.1043030729E+00 
 2008  3888    4  0.2215000000E+00  0.7579627300E-01 
 2008  3894    4  0.8181500000E+00  0.1750031071E+00 
 2008  3900    4  0.5504500000E+00  0.1275670902E+00 
 2008  3906    4  0.6187750000E+00  0.1416840565E+00 
 2008  3912    4  0.6979750000E+00  0.6040332669E-01 
 2008  3918    4  0.1014975000E+01  0.1221526171E+00 
 2008  3924    4  0.9369750000E+00  0.1219847403E+00 
 2008  3930    4  0.8513250000E+00  0.8673206947E-01 
 2008  3936    4  0.6156750000E+00  0.1193799894E+00 
 2008  3942    4  0.1362750000E+01  0.7040019531E-01 
 2008  3948    4  0.7756750000E+00  0.1329317565E+00 
 2008  3954    4  0.4707250000E+00  0.7668038781E-01 
 2008  3960    4  0.6327750000E+00  0.1231726507E+00 
 2008  3966    4  0.8614000000E+00  0.9918308828E-01 
 2008  3972    4  0.6881250000E+00  0.4170325976E-01 
 2008  3978    4  0.6526750000E+00  0.1489513406E+00 
 2008  3984    4  0.1009500000E+01  0.1489246286E+00 
 2008  3990    4  0.1380000000E+01  0.2293163753E+00 
 2008  3996    4  0.9234250000E+00  0.8911064401E-01 
 2008  4002    4  0.5198500000E+00  0.7177849608E-01 
 2008  4008    4  0.6674250000E+00  0.1621728457E+00 
 2008  4014    4  0.6430500000E+00  0.1728084127E+00 
 2008  4020    4  0.9319250000E+00  0.1357951283E+00 
 2008  4026    4  0.6105000000E+00  0.1345669350E+00 
 2008  4032    4  0.5381750000E+00  0.1140125952E+00 
 2008  4038    4  0.8297500000E+00  0.9221411226E-01 
 2008  4044    4  0.5312500000E+00  0.1113112865E+00 
 2008  4050    4  0.3851750000E+00  0.1214714035E+00 
 2008  4056    4  0.6522500000E+00  0.5165798583E-01 
 2008  4062    4  0.1988250000E+00  0.6890414991E-01 
 2008  4068    4  0.2688000000E+00  0.6141836045E-01 
 2008  4074    4  0.2840000000E+00  0.1239038135E+00 
 2008  4080    4  0.4565500000E+00  0.1423901067E+00 
 2008  4086    4  0.7734000000E+00  0.9679522199E-01 
 2008  4092    4  0.5103250000E+00  0.7255795528E-01 
 2008  4098    4  0.3848750000E+00  0.6336274043E-01 
 2008  4104    4  0.3649000000E+00  0.1229672111E+00 
 2008  4110    4  0.3486250000E+00  0.4050452907E-01 
 2008  4116    4  0.3122750000E+00  0.9724624350E-01 
 2008  4122    4  -0.1198430000E+00  0.1053819348E+00 
 2008  4128    4  -0.2658000000E+00  0.7284164331E-01 
 2008  4134    4  -0.1668432500E-01  0.1125567294E+00 
 2008  4140    4  -0.8052000000E-01  0.1106214048E+00 
 2008  4146    4  -0.1127050000E+00  0.1372258958E+00 
 2008  4152    4  -0.2487350000E+00  0.1352555162E+00 
 2008  4158    4  0.4167750000E+00  0.1219485829E+00 
 2008  4164    4  0.5004250000E+00  0.1060786118E+00 
 2008  4170    4  0.1590900000E+00  0.1044317267E+00 
 2008  4176    4  0.5017500000E-01  0.1244010630E+00 
 2008  4182    4  0.1930575000E+00  0.6937858040E-01 
 2008  4188    4  0.2113200000E+00  0.7262352374E-01 
 2008  4194    4  0.5860750000E-01  0.8693857785E-01 
 2008  4200    4  0.3137750000E-01  0.1641958886E+00 
 2008  4206    4  0.1543350000E+00  0.9311539440E-01 
 2008  4212    4  0.2753000000E+00  0.5421337473E-01 
 2008  4218    4  0.1399250000E-01  0.7394399684E-01 
 2008  4224    4  0.2323000000E+00  0.9610356393E-01 
 2008  4230    4  0.2853500000E+00  0.1183183101E+00 
 2008  4236    4  0.3338250000E+00  0.1048554094E+00 
 2008  4242    4  0.5073750000E+00  0.1151116279E+00 
 2008  4248    4  0.8099000000E+00  0.1059144702E+00 
 2008  4254    4  0.6253250000E+00  0.2006320061E+00 
 2008  4260    4  0.8455250000E+00  0.1518305861E+00 
 2008  4266    4  0.5974250000E+00  0.1888638580E+00 
 2008  4272    4  0.5905500000E+00  0.1093623678E+00 
 2008  4278    4  0.3853000000E+00  0.1152299006E+00 
 2008  4284    4  0.6903500000E+00  0.1405443969E+00 
 2008  4290    4  0.4027000000E+00  0.1817407357E+00 
 2008  4296    4  0.5630500000E-01  0.8536785124E-01 
 2008  4302    4  0.6115750000E+00  0.6175376001E-01 
 2008  4308    4  0.6978750000E+00  0.1481752236E+00 
 2008  4314    4  0.6661250000E+00  0.6702545692E-01 
 2008  4320    4  0.3639250000E+00  0.1071596093E+00 
 2008  4326    4  0.8267500000E+00  0.1286342587E+00 
 2008  4332    4  0.8106500000E+00  0.1261141645E+00 
 2008  4338    4  0.6162750000E+00  0.1039415070E+00 
 2008  4344    4  0.4767000000E+00  0.1538745431E+00 
 2008  4350    4  0.9962000000E+00  0.1685033679E+00 
 2008  4356    4  0.7125750000E+00  0.1582859655E+00 
 2008  4362    4  0.1110125000E+01  0.1968588755E+00 
 2008  4368    4  0.9160000000E+00  0.2249733762E+00 
 2008  4374    4  0.1021625000E+01  0.1879663584E+00 
 2008  4380    4  0.5796250000E+00  0.1348954109E+00 
 2008  4386    4  0.7598500000E+00  0.1721992814E+00 
 2008  4392    4  0.5699750000E+00  0.5219326465E-01 
 2008  4398    4  0.5545750000E+00  0.1786399084E+00 
 2008  4404    4  0.8995750000E+00  0.1073393072E+00 
 2008  4410    4  0.6865250000E+00  0.1297132679E+00 
 2008  4416    4  0.3436250000E+00  0.1964769389E-01 
 2008  4422    4  0.6150000000E+00  0.6106705331E-01 
 2008  4428    4  0.4280000000E+00  0.9787612068E-01 
 2008  4434    4  0.4406000000E+00  0.1221380981E+00 
 2008  4440    4  0.5382250000E+00  0.6117689004E-01 
 2008  4446    4  0.2769500000E+00  0.1327375324E+00 
 2008  4452    4  0.5026750000E+00  0.6935421310E-01 
 2008  4458    4  0.2778500000E+00  0.6699882462E-01 
 2008  4464    4  0.3633750000E+00  0.1479222832E+00 
 2008  4470    4  0.8546750000E+00  0.1401316056E+00 
 2008  4476    4  0.6013500000E+00  0.1534699075E+00 
 2008  4482    4  0.4711500000E+00  0.1277041601E+00 
 2008  4488    4  0.6548000000E+00  0.1208901981E+00 
 2008  4494    4  0.6595250000E+00  0.1406683578E+00 
 2008  4500    4  0.6308000000E+00  0.9528420646E-01 
 2008  4506    4  0.5336000000E+00  0.1184420744E+00 
 2008  4512    4  0.4104250000E+00  0.1647868529E+00 
 2008  4518    4  0.5585000000E+00  0.1082102352E+00 
 2008  4524    4  0.3411000000E+00  0.1498043224E+00 
 2008  4530    4  0.6216500000E+00  0.1671165237E+00 
 2008  4536    4  0.5478750000E+00  0.1058747462E+00 
 2008  4542    4  0.9263250000E+00  0.1713918518E+00 
 2008  4548    4  0.9692500000E+00  0.1815201573E+00 
 2008  4554    4  0.5583250000E+00  0.1264220585E+00 
 2008  4560    4  0.9414750000E+00  0.2060216175E+00 
 2008  4566    4  0.9838250000E+00  0.1653113483E+00 
 2008  4572    4  0.1036600000E+01  0.1346939308E+00 
 2008  4578    4  0.9300750000E+00  0.1460875487E+00 
 2008  4584    4  0.9868500000E+00  0.1923961213E+00 
 2008  4590    4  0.8540500000E+00  0.1426770917E+00 
 2008  4596    4  0.7649250000E+00  0.6425594817E-01 
 2008  4602    4  0.4019000000E+00  0.1137886857E+00 
 2008  4608    4  0.2814750000E+00  0.7723209744E-01 
 2008  4614    4  0.4443750000E+00  0.1071109326E+00 
 2008  4620    4  0.3591250000E+00  0.8960427933E-01 
 2008  4626    4  0.2848000000E+00  0.7270522677E-01 
 2008  4632    4  0.1213400000E+00  0.7113583239E-01 
 2008  4638    4  0.3574250000E+00  0.4968542920E-01 
 2008  4644    4  0.4852000000E+00  0.6368300401E-01 
 2008  4650    4  0.3380250000E+00  0.1179260441E+00 
 2008  4656    4  0.2239500000E+00  0.7101663538E-01 
 2008  4662    4  0.5391750000E+00  0.6860547992E-01 
 2008  4668    4  0.6746250000E+00  0.1048252445E+00 
 2008  4674    4  0.4853250000E+00  0.2921834826E-01 
 2008  4680    4  0.8474750000E+00  0.1541998277E+00 
 2008  4686    4  0.1043475000E+01  0.1645921531E+00 
 2008  4692    4  0.7661250000E+00  0.1345451667E+00 
 2008  4698    4  0.6196750000E+00  0.1836870760E+00 
 2008  4704    4  0.4434500000E+00  0.1146275381E+00 
 2008  4710    4  0.6189500000E+00  0.1575506982E+00 
 2008  4716    4  0.4086500000E+00  0.2627075370E-01 
 2008  4722    4  0.2376825000E+00  0.1948155754E+00 
 2008  4728    4  0.3486250000E+00  0.1590948361E+00 
 2008  4734    4  0.6926250000E+00  0.1790701730E+00 
 2008  4740    4  0.5414250000E+00  0.1835444956E+00 
 2008  4746    4  0.4693500000E+00  0.1920082615E+00 
 2008  4752    4  0.4543250000E+00  0.1072582019E+00 
 2008  4758    4  0.6092000000E+00  0.2441156795E+00 
 2008  4764    4  0.9431250000E+00  0.1839095617E+00 
 2008  4770    4  0.1201400000E+01  0.1669741896E+00 
 2008  4776    4  0.1214525000E+01  0.2241457715E+00 
 2008  4782    4  0.1115525000E+01  0.1598471985E+00 
 2008  4788    4  0.1173375000E+01  0.1601395388E+00 
 2008  4794    4  0.9930250000E+00  0.1450358641E+00 
 2008  4800    4  0.6603500000E+00  0.1526196989E+00 
 2008  4806    4  0.6480250000E+00  0.1715934931E+00 
 2008  4812    4  0.6729250000E+00  0.1814805138E+00 
 2008  4818    4  0.3093750000E+00  0.1309476876E+00 
 2008  4824    4  -0.7981000000E-01  0.1662190702E+00 
 2008  4830    4  0.3469000000E+00  0.6509335604E-01 
 2008  4836    4  0.2215500000E-01  0.9377972076E-01 
 2008  4842    4  -0.1628850000E+00  0.8986485228E-01 
 2008  4848    4  0.1642225000E+00  0.1703146298E+00 
 2008  4854    4  0.3497500000E+00  0.1783278512E+00 
 2008  4860    4  0.3941250000E+00  0.1667284375E+00 
 2008  4866    4  0.8098250000E+00  0.1608934177E+00 
 2008  4872    4  0.7214500000E+00  0.2201367813E+00 
 2008  4878    4  0.9302500000E+00  0.1661717861E+00 
 2008  4884    4  0.1310275000E+01  0.2060990705E+00 
 2008  4890    4  0.1299250000E+01  0.1816732988E+00 
 2008  4896    4  0.9171000000E+00  0.2098649923E+00 
 2008  4902    4  0.1304000000E+01  0.1997335725E+00 
 2008  4908    4  0.1115625000E+01  0.1953366885E+00 
 2008  4914    4  0.8080250000E+00  0.1700897465E+00 
 2008  4920    4  0.9745500000E+00  0.1229657778E+00 
 2008  4926    4  0.8456750000E+00  0.1499843888E+00 
 2008  4932    4  0.7302250000E+00  0.1349059742E+00 
 2008  4938    4  0.6293750000E+00  0.1665454499E+00 
 2008  4944    4  0.6136250000E+00  0.1893768779E+00 
 2008  4950    4  0.9009250000E+00  0.1349041766E+00 
 2008  4956    4  0.1062475000E+01  0.1215821816E+00 
 2008  4962    4  0.9495750000E+00  0.1083786966E+00 
 2008  4968    4  0.7794750000E+00  0.2605670499E-01 
 2008  4974    4  0.8129750000E+00  0.1027411401E+00 
 2008  4980    4  0.1191775000E+01  0.1826118886E+00 
 2008  4986    4  0.1138725000E+01  0.1406610354E+00 
 2008  4992    4  0.9502500000E+00  0.2156390097E+00 
 2008  4998    4  0.1088150000E+01  0.1866809243E+00 
 2008  5004    4  0.7116000000E+00  0.1297145520E+00 
 2008  5010    4  0.6267000000E+00  0.1483532777E+00 
 2008  5016    4  0.6215250000E+00  0.1414661156E+00 
 2008  5022    4  0.7494500000E+00  0.1568184380E+00 
 2008  5028    4  0.4889250000E+00  0.1675349423E+00 
 2008  5034    4  0.4942250000E+00  0.1629100576E+00 
 2008  5040    4  0.4210000000E+00  0.1537665113E+00 
 2008  5046    4  0.6023500000E+00  0.1546387645E+00 
 2008  5052    4  0.6672250000E+00  0.1432698394E+00 
 2008  5058    4  0.7013750000E+00  0.1486431528E+00 
 2008  5064    4  0.8027250000E+00  0.1003136924E+00 
 2008  5070    4  0.8164500000E+00  0.1792070381E+00 
 2008  5076    4  0.1017850000E+01  0.1684374290E+00 
 2008  5082    4  0.8267250000E+00  0.1284803365E+00 
 2008  5088    4  0.7804000000E+00  0.1466794975E+00 
 2008  5094    4  0.8353750000E+00  0.1788894683E+00 
 2008  5100    4  0.5235250000E+00  0.1411590659E+00 
 2008  5106    4  0.7063750000E+00  0.1333614707E+00 
 2008  5112    4  0.5300250000E+00  0.1446266638E+00 
 2008  5118    4  0.8278250000E+00  0.1368484814E+00 
 2008  5124    4  0.6908750000E+00  0.1348333114E+00 
 2008  5130    4  0.1271275000E+00  0.1370378242E+00 
 2008  5136    4  -0.4707500000E-01  0.1687582188E+00 
 2008  5142    4  0.1735427500E+00  0.1222621570E+00 
 2008  5148    4  0.9552750000E-01  0.1318309993E+00 
 2008  5154    4  0.4662750000E+00  0.1386041373E+00 
 2008  5160    4  0.4697000000E+00  0.1631582208E+00 
 2008  5166    4  0.7237750000E+00  0.1277304070E+00 
 2008  5172    4  0.6670000000E+00  0.1234067057E+00 
 2008  5178    4  0.6607250000E+00  0.1137399089E+00 
 2008  5184    4  0.5639250000E+00  0.1147863750E+00 
 2008  5190    4  0.6347750000E+00  0.1136727183E+00 
 2008  5196    4  0.6281000000E+00  0.1104444657E+00 
 2008  5202    4  0.1011525000E+01  0.1798179270E+00 
 2008  5208    4  0.5898250000E+00  0.1039513919E+00 
 2008  5214    4  0.4622250000E+00  0.1154665834E+00 
 2008  5220    4  0.3982500000E+00  0.1280183092E+00 
 2008  5226    4  0.8990500000E+00  0.1336978777E+00 
 2008  5232    4  0.7844500000E+00  0.1839642424E+00 
 2008  5238    4  0.7010250000E+00  0.1192266408E+00 
 2008  5244    4  0.6990750000E+00  0.1902784851E+00 
 2008  5250    4  0.8997500000E+00  0.1405017882E+00 
 2008  5256    4  0.7445000000E+00  0.1436780429E+00 
 2008  5262    4  0.1140550000E+01  0.1803105862E+00 
 2008  5268    4  0.1239750000E+01  0.1327900128E+00 
 2008  5274    4  0.1028375000E+01  0.1296477608E+00 
 2008  5280    4  0.9067250000E+00  0.2057753311E+00 
 2008  5286    4  0.7993500000E+00  0.1304229562E+00 
 2008  5292    4  0.7238500000E+00  0.6133194518E-01 
 2008  5298    4  0.5446250000E+00  0.7101634935E-01 
 2008  5304    4  0.5252750000E+00  0.1296826198E+00 
 2008  5310    4  0.7129250000E+00  0.1205182844E+00 
 2008  5316    4  0.7249750000E+00  0.8913443148E-01 
 2008  5322    4  0.5639000000E+00  0.1456970659E+00 
 2008  5328    4  0.4818750000E+00  0.1174098883E+00 
 2008  5334    4  0.5801000000E+00  0.1284421076E+00 
 2008  5340    4  0.2181525000E+00  0.1223503505E+00 
 2008  5346    4  0.4214750000E+00  0.8212975633E-01 
 2008  5352    4  0.4004500000E+00  0.5120456523E-01 
 2008  5358    4  0.5763000000E+00  0.1017864677E+00 
 2008  5364    4  0.7603750000E+00  0.1100996679E+00 
 2008  5370    4  0.5025500000E+00  0.7175592310E-01 
 2008  5376    4  0.3643750000E+00  0.1171087395E+00 
 2008  5382    4  0.4852000000E+00  0.1288311880E+00 
 2008  5388    4  0.4460250000E+00  0.5462501144E-01 
 2008  5394    4  0.7608250000E+00  0.9091059825E-01 
 2008  5400    4  0.7573500000E+00  0.1389829936E+00 
 2008  5406    4  0.6580500000E+00  0.9852899319E-01 
 2008  5412    4  0.3774500000E+00  0.6622539166E-01 
 2008  5418    4  0.7547500000E+00  0.1765650376E+00 
 2008  5424    4  0.4935500000E+00  0.1150052281E+00 
 2008  5430    4  0.8083250000E+00  0.1211148706E+00 
 2008  5436    4  0.7434250000E+00  0.9084303427E-01 
 2008  5442    4  0.6018500000E+00  0.7936663342E-01 
 2008  5448    4  0.7242500000E-01  0.1259933604E+00 
 2008  5454    4  0.5030000000E+00  0.1450284627E+00 
 2008  5460    4  0.4355750000E+00  0.1405529682E+00 
 2008  5466    4  0.4785750000E+00  0.1589824106E+00 
 2008  5472    4  0.4152675000E-01  0.1113383118E+00 
 2008  5478    4  0.5625000000E+00  0.1401428735E+00 
 2008  5484    4  0.2251700000E+00  0.1075337142E+00 
 2008  5490    4  0.4537250000E+00  0.7677914349E-01 
 2008  5496    4  0.1273850000E+00  0.1389387443E+00 
 2008  5502    4  0.2905250000E+00  0.1111664377E+00 
 2008  5508    4  0.1097750000E+00  0.1091609118E+00 
 2008  5514    4  -0.4811100000E-01  0.1663437155E+00 
 2008  5520    4  -0.2091750000E+00  0.1168926725E+00 
 2008  5526    4  -0.1146650000E+00  0.9609081473E-01 
 2008  5532    4  -0.6214750000E-01  0.7108421603E-01 
 2008  5538    4  -0.4648750000E+00  0.1157617462E+00 
 2008  5544    4  -0.5496000000E+00  0.5211357789E-01 
 2008  5550    4  -0.1047225000E+00  0.8225888717E-01 
 2008  5556    4  -0.3285500000E+00  0.9055485906E-01 
 2008  5562    4  -0.4420100000E-01  0.3391768157E-01 
 2008  5568    4  -0.3339250000E+00  0.8963278906E-01 
 2008  5574    4  -0.1987725000E+00  0.7581386264E-01 
 2008  5580    4  -0.6068500000E-01  0.7909870084E-01 
 2008  5586    4  -0.1276750000E-01  0.3468767748E-01 
 2008  5592    4  -0.1681125000E+00  0.4219345884E-01 
 2008  5598    4  0.1799875000E+00  0.9311515972E-01 
 2008  5604    4  0.4588750000E+00  0.1302478671E+00 
 2008  5610    4  -0.1426950000E+00  0.7738190405E-01 
 2008  5616    4  -0.4242750000E+00  0.5864074415E-01 
 2008  5622    4  -0.2967750000E+00  0.6830638239E-01 
 2008  5628    4  0.1296300000E+00  0.1450030927E+00 
 2008  5634    4  -0.3700000000E-03  0.1028922973E+00 
 2008  5640    4  -0.6634050000E-01  0.4082440399E-01 
 2008  5646    4  0.2470500000E-01  0.1514176784E+00 
 2008  5652    4  -0.6879250000E-01  0.7506638774E-01 
 2008  5658    4  0.3974750000E+00  0.1636054457E+00 
 2008  5664    4  0.7916000000E+00  0.1556141382E+00 
 2008  5670    4  0.1005900000E+01  0.1289348285E+00 
 2008  5676    4  0.9350750000E+00  0.1244730167E+00 
 2008  5682    4  0.6874250000E+00  0.9026295960E-01 
 2008  5688    4  0.4706000000E+00  0.7131770467E-01 
 2008  5694    4  0.6448750000E+00  0.1250137267E+00 
 2008  5700    4  0.7523000000E+00  0.1404527145E+00 
 2008  5706    4  0.4718250000E+00  0.7087832444E-01 
 2008  5712    4  0.1100275000E+00  0.1208715354E+00 
 2008  5718    4  0.1874375000E+00  0.8710333931E-01 
 2008  5724    4  0.1617292500E+00  0.1115298515E+00 
 2008  5730    4  0.1902075000E+00  0.7327891012E-01 
 2008  5736    4  -0.2824500000E+00  0.9673697587E-01 
 2008  5742    4  -0.1443200000E+00  0.1004892940E+00 
 2008  5748    4  -0.4556500000E+00  0.7777681210E-01 
 2008  5754    4  -0.2906500000E+00  0.1256689401E+00 
 2008  5760    4  -0.3372250000E+00  0.7267026128E-01 
 2008  5766    4  0.3280750000E-01  0.9660044420E-01 
 2008  5772    4  0.7787500000E-02  0.1480446063E+00 
 2008  5778    4  0.3566500000E-01  0.1122581118E+00 
 2008  5784    4  -0.4564500000E-01  0.1633339924E+00 
 2008  5790    4  0.5807250000E+00  0.1035029317E+00 
 2008  5796    4  0.6463500000E+00  0.8883418542E-01 
 2008  5802    4  0.1266725000E+00  0.1653654606E+00 
 2008  5808    4  0.5934225000E-01  0.1059728281E+00 
 2008  5814    4  0.5428250000E+00  0.1569252270E+00 
 2008  5820    4  0.5032500000E+00  0.1232143153E+00 
 2008  5826    4  0.3797500000E+00  0.1473791284E+00 
 2008  5832    4  0.5261000000E+00  0.1188532499E+00 
 2008  5838    4  0.7527500000E+00  0.1079776481E+00 
 2008  5844    4  0.4826250000E+00  0.9385761490E-01 
 2008  5850    4  0.5463500000E+00  0.9977576108E-01 
 2008  5856    4  0.7184250000E+00  0.1876318786E+00 
 2008  5862    4  0.6439750000E+00  0.1861594260E+00 
 2008  5868    4  0.3837750000E+00  0.5278770572E-01 
 2008  5874    4  0.5053750000E+00  0.1156676354E+00 
 2008  5880    4  0.3565250000E+00  0.1512968667E+00 
 2008  5886    4  0.3464250000E+00  0.1494363974E+00 
 2008  5892    4  0.1306242500E+00  0.9327503720E-01 
 2008  5898    4  0.3119750000E+00  0.9385689572E-01 
 2008  5904    4  0.3623250000E+00  0.1765041979E+00 
 2008  5910    4  0.7069250000E+00  0.1529550649E+00 
 2008  5916    4  0.8222750000E+00  0.1420663115E+00 
 2008  5922    4  0.9955000000E+00  0.1240131041E+00 
 2008  5928    4  0.1148975000E+01  0.1549761332E+00 
 2008  5934    4  0.1361000000E+01  0.1616709621E+00 
 2008  5940    4  0.1413000000E+01  0.1792065847E+00 
 2008  5946    4  0.1382500000E+01  0.1128682861E+00 
 2008  5952    4  0.1357500000E+01  0.1588371808E+00 
 2008  5958    4  0.9585000000E+00  0.1350936342E+00 
 2008  5964    4  0.1076075000E+01  0.1989840870E+00 
 2008  5970    4  0.7054750000E+00  0.1957039393E+00 
 2008  5976    4  0.4705000000E+00  0.5866161437E-01 
 2008  5982    4  0.3643250000E+00  0.1326079819E+00 
 2008  5988    4  0.4069500000E+00  0.7990983982E-01 
 2008  5994    4  0.4001000000E+00  0.4016932910E-01 
 2008  6000    4  0.3246750000E+00  0.6990788135E-01 
 2008  6006    4  0.5785500000E+00  0.9523511695E-01 
 2008  6012    4  0.8013250000E+00  0.1432076704E+00 
 2008  6018    4  0.8373500000E+00  0.5774004243E-01 
 2008  6024    4  0.8973750000E+00  0.1876125712E+00 
 2008  6030    4  0.9182250000E+00  0.1987318467E+00 
 2008  6036    4  0.9601500000E+00  0.1966950495E+00 
 2008  6042    4  0.7353750000E+00  0.6280089072E-01 
 2008  6048    4  0.4252400000E+00  0.2644371642E+00 
 2008  6054    4  0.1115450000E+01  0.1271703877E+00 
 2008  6060    4  0.5735000000E+00  0.1185504323E+00 
 2008  6066    4  0.7154000000E+00  0.1274911762E+00 
 2008  6072    4  0.6854000000E+00  0.1589101790E+00 
 2008  6078    4  0.6846000000E+00  0.1482157212E+00 
 2008  6084    4  0.7695000000E+00  0.1315091632E+00 
 2008  6090    4  0.4585500000E+00  0.7084717708E-01 
 2008  6096    4  0.7542750000E-01  0.1197606520E+00 
 2008  6102    4  0.3535500000E+00  0.1193648713E+00 
 2008  6108    4  0.1669375000E+00  0.7980467855E-01 
 2008  6114    4  0.3343750000E+00  0.1186281875E+00 
 2008  6120    4  0.2609250000E+00  0.1169068085E+00 
 2008  6126    4  0.3966250000E+00  0.1310399057E+00 
 2008  6132    4  0.2762000000E+00  0.6104346812E-01 
 2008  6138    4  0.4451750000E+00  0.1154296837E+00 
 2008  6144    4  0.4377000000E+00  0.8947100089E-01 
 2008  6150    4  0.5743000000E+00  0.1698081712E+00 
 2008  6156    4  0.5919750000E+00  0.7535560281E-01 
 2008  6162    4  0.5690000000E+00  0.5360079290E-01 
 2008  6168    4  0.2580250000E+00  0.9719509697E-01 
 2008  6174    4  0.5330500000E+00  0.1308669076E+00 
 2008  6180    4  0.5336250000E+00  0.1457875402E+00 
 2008  6186    4  0.4539750000E+00  0.9724580646E-01 
 2008  6192    4  0.4527250000E+00  0.1532225404E+00 
 2008  6198    4  0.3837250000E+00  0.8473919916E-01 
 2008  6204    4  0.1842000000E+00  0.1184194874E+00 
 2008  6210    4  0.3935500000E+00  0.1464412937E+00 
 2008  6216    4  0.3204500000E+00  0.5959146331E-01 
 2008  6222    4  0.6598500000E+00  0.9322310604E-01 
 2008  6228    4  0.3564250000E+00  0.1618185770E+00 
 2008  6234    4  0.6251250000E+00  0.1524761190E+00 
 2008  6240    4  0.6122500000E+00  0.1813297342E+00 
 2008  6246    4  0.7880500000E+00  0.9828872011E-01 
 2008  6252    4  0.7244000000E+00  0.1178405066E+00 
 2008  6258    4  0.6362750000E+00  0.9948453083E-01 
 2008  6264    4  0.8883500000E+00  0.1694758464E+00 
 2008  6270    4  0.7711000000E+00  0.1366594856E+00 
 2008  6276    4  0.7817500000E+00  0.1562496960E+00 
 2008  6282    4  0.7320750000E+00  0.5352337690E-01 
 2008  6288    4  0.5250500000E+00  0.1630985208E+00 
 2008  6294    4  0.7497000000E+00  0.1681810185E+00 
 2008  6300    4  0.6893000000E+00  0.3694157549E-01 
 2008  6306    4  0.5343250000E+00  0.6924378582E-01 
 2008  6312    4  0.3119000000E+00  0.6403975328E-01 
 2008  6318    4  0.4099000000E+00  0.7589759548E-01 
 2008  6324    4  0.5935750000E+00  0.4685340836E-01 
 2008  6330    4  0.1316500000E+01  0.2096431492E+00 
 2008  6336    4  0.1076500000E+01  0.1750735560E+00 
 2008  6342    4  0.1273250000E+01  0.1623166273E+00 
 2008  6348    4  0.1260700000E+01  0.1857599795E+00 
 2008  6354    4  0.8818250000E+00  0.1434053063E+00 
 2008  6360    4  0.7966750000E+00  0.9516660063E-01 
 2008  6366    4  0.6913000000E+00  0.1486176470E+00 
 2008  6372    4  0.7709500000E+00  0.1519722590E+00 
 2008  6378    4  0.5500750000E+00  0.9671880311E-01 
 2008  6384    4  0.7152500000E+00  0.1064981807E+00 
 2008  6390    4  0.1035200000E+01  0.1427999300E+00 
 2008  6396    4  0.1002525000E+01  0.1481921957E+00 
 2008  6402    4  0.5375500000E+00  0.1071564860E+00 
 2008  6408    4  0.7207500000E+00  0.1285521392E+00 
 2008  6414    4  0.6942000000E+00  0.1169640116E+00 
 2008  6420    4  0.6953500000E+00  0.7285181878E-01 
 2008  6426    4  0.3210750000E+00  0.7331225597E-01 
 2008  6432    4  0.9257500000E-02  0.1506224881E+00 
 2008  6438    4  0.1921750000E+00  0.8480687988E-01 
 2008  6444    4  0.2764750000E+00  0.2945533695E-01 
 2008  6450    4  0.1531250000E+00  0.1741933450E+00 
 2008  6456    4  0.6183000000E+00  0.1860427773E+00 
 2008  6462    4  0.6668500000E+00  0.1422822986E+00 
 2008  6468    4  0.5329250000E+00  0.3653973009E-01 
 2008  6474    4  0.5944250000E+00  0.1397233942E+00 
 2008  6480    4  0.5770500000E+00  0.5806898914E-01 
 2008  6486    4  0.8336000000E+00  0.9958812680E-01 
 2008  6492    4  0.9084500000E+00  0.1275245565E+00 
 2008  6498    4  0.9248250000E+00  0.1289253345E+00 
 2008  6504    4  0.8941750000E+00  0.1603699220E+00 
 2008  6510    4  0.8614000000E+00  0.6017237738E-01 
 2008  6516    4  0.7536000000E+00  0.2760090578E-01 
 2008  6522    4  0.7715750000E+00  0.9035066062E-01 
 2008  6528    4  0.8080750000E+00  0.3386977820E-01 
 2008  6534    4  0.8579500000E+00  0.1387334224E+00 
 2008  6540    4  0.8311750000E+00  0.1068955887E+00 
 2008  6546    4  0.7313000000E+00  0.1709568659E+00 
 2008  6552    4  0.9484500000E+00  0.1367226115E+00 
 2008  6558    4  0.4492500000E+00  0.1080661025E+00 
 2008  6564    4  0.5363000000E+00  0.1304974904E+00 
 2008  6570    4  0.4302000000E+00  0.9174674381E-01 
 2008  6576    4  0.4592750000E+00  0.8360129709E-01 
 2008  6582    4  0.9002750000E+00  0.1481071466E+00 
 2008  6588    4  0.6171750000E+00  0.7079016086E-01 
 2008  6594    4  0.8909000000E+00  0.1300052499E+00 
 2008  6600    4  0.7583500000E+00  0.6718323824E-01 
 2008  6606    4  0.9913750000E+00  0.1223809907E+00 
 2008  6612    4  0.7749750000E+00  0.1030984329E+00 
 2008  6618    4  0.6573500000E+00  0.2961253957E-01 
 2008  6624    4  0.4453250000E+00  0.1456671956E+00 
 2008  6630    4  0.8052500000E+00  0.4987336463E-01 
 2008  6636    4  0.5056500000E+00  0.8703851159E-01 
 2008  6642    4  0.2342750000E+00  0.3816558496E-01 
 2008  6648    4  -0.1648225000E+00  0.7688618549E-01 
 2008  6654    4  0.2670500000E+00  0.6326240985E-01 
 2008  6660    4  0.6650750000E+00  0.6919072824E-01 
 2008  6666    4  0.4704500000E-01  0.6270405111E-01 
 2008  6672    4  0.1891975000E+00  0.8150992589E-01 
 2008  6678    4  0.2631000000E+00  0.6405064402E-01 
 2008  6684    4  0.1137230000E+00  0.9131254742E-01 
 2008  6690    4  -0.1632425000E+00  0.7938795827E-01 
 2008  6696    4  -0.2700500000E+00  0.8988076824E-01 
 2008  6702    4  -0.9521000000E-01  0.8893524554E-01 
 2008  6708    4  -0.1147500000E-02  0.4243889806E-01 
 2008  6714    4  -0.1915450000E-01  0.8018806819E-01 
 2008  6720    4  0.5335750000E-01  0.7094235279E-01 
 2008  6726    4  -0.3446500000E+00  0.2613106389E-01 
 2008  6732    4  -0.2897250000E+00  0.1200220058E+00 
 2008  6738    4  -0.3469000000E+00  0.4775903056E-01 
 2008  6744    4  -0.1491250000E+00  0.2294194562E+00 
 2008  6750    4  0.5547250000E+00  0.1469239833E+00 
 2008  6756    4  0.5488000000E+00  0.9795327968E-01 
 2008  6762    4  0.3376750000E+00  0.1062012094E+00 
 2008  6768    4  0.1591625000E+00  0.1415944735E+00 
 2008  6774    4  0.6475750000E+00  0.1122062248E+00 
 2008  6780    4  0.3883500000E+00  0.1665618879E+00 
 2008  6786    4  0.2827000000E+00  0.1339776660E+00 
 2008  6792    4  0.2767250000E+00  0.1150214409E+00 
 2008  6798    4  0.3013000000E+00  0.1335881357E+00 
 2008  6804    4  0.2337750000E+00  0.1384389283E+00 
 2008  6810    4  0.1349800000E+00  0.1627375213E+00 
 2008  6816    4  0.2617475000E+00  0.1481032740E+00 
 2008  6822    4  0.2604500000E+00  0.1307278949E+00 
 2008  6828    4  0.3798500000E+00  0.1912708616E+00 
 2008  6834    4  0.2814250000E+00  0.7623750307E-01 
 2008  6840    4  0.1309575000E+00  0.1844449168E+00 
 2008  6846    4  0.5639000000E+00  0.1186937235E+00 
 2008  6852    4  0.3801250000E+00  0.1324742687E+00 
 2008  6858    4  0.2274750000E+00  0.1201269407E+00 
 2008  6864    4  0.4142500000E+00  0.1613962438E+00 
 2008  6870    4  0.5350500000E+00  0.4941581225E-01 
 2008  6876    4  0.4274750000E+00  0.7620900127E-01 
 2008  6882    4  0.4714000000E+00  0.6142666359E-01 
 2008  6888    4  0.8090000000E+00  0.1186000211E+00 
 2008  6894    4  0.5692250000E+00  0.1099368313E+00 
 2008  6900    4  0.5143000000E+00  0.9658910394E-01 
 2008  6906    4  0.3641000000E+00  0.6345080772E-01 
 2008  6912    4  0.3835500000E+00  0.1104246689E+00 
 2008  6918    4  0.4911000000E+00  0.8717482435E-01 
 2008  6924    4  0.4151000000E+00  0.9841407420E-01 
 2008  6930    4  0.2099500000E+00  0.7783933774E-01 
 2008  6936    4  0.1857950000E+00  0.1952421294E+00 
 2008  6942    4  0.7661250000E+00  0.1139164250E+00 
 2008  6948    4  0.4403500000E+00  0.7183695080E-01 
 2008  6954    4  0.6772652500E-01  0.5448512791E-01 
 2008  6960    4  0.1114500000E+00  0.8382677078E-01 
 2008  6966    4  0.4601000000E+00  0.3404739344E-01 
 2008  6972    4  0.3745500000E+00  0.8905934819E-01 
 2008  6978    4  0.3980250000E-01  0.6587654604E-01 
 2008  6984    4  0.2849750000E+00  0.1426932440E+00 
 2008  6990    4  0.8033000000E+00  0.1171893553E+00 
 2008  6996    4  0.8368250000E+00  0.8368713686E-01 
 2008  7002    4  0.5993000000E+00  0.5061980838E-01 
 2008  7008    4  0.1059550000E+01  0.1183413812E+00 
 2008  7014    4  0.8543500000E+00  0.1044048011E+00 
 2008  7020    4  0.7702250000E+00  0.9344400395E-01 
 2008  7026    4  0.5935250000E+00  0.1760820601E+00 
 2008  7032    4  0.8672500000E+00  0.1918071492E+00 
 2008  7038    4  0.1015475000E+01  0.1886286216E+00 
 2008  7044    4  0.6972000000E+00  0.1395389731E+00 
 2008  7050    4  0.7617000000E+00  0.1042578294E+00 
 2008  7056    4  0.6702000000E+00  0.1568118777E+00 
 2008  7062    4  0.1098775000E+01  0.1250322034E+00 
 2008  7068    4  0.8904500000E+00  0.8886282969E-01 
 2008  7074    4  0.7586000000E+00  0.1208516239E+00 
 2008  7080    4  0.5601000000E+00  0.3593514992E-01 
 2008  7086    4  0.8121250000E+00  0.8641245208E-01 
 2008  7092    4  0.7049000000E+00  0.1122919187E+00 
 2008  7098    4  0.1337950000E+00  0.1191849826E+00 
 2008  7104    4  0.5354750000E+00  0.9871728255E-01 
 2008  7110    4  0.3523500000E+00  0.5289350149E-01 
 2008  7116    4  0.8061000000E-01  0.7375055695E-01 
 2008  7122    4  -0.4025000000E-01  0.5370656664E-01 
 2008  7128    4  0.1786350000E+00  0.1331613295E+00 
 2008  7134    4  0.6684000000E+00  0.1011446736E+00 
 2008  7140    4  0.3698750000E+00  0.1380273592E+00 
 2008  7146    4  0.4879750000E+00  0.1437189162E+00 
 2008  7152    4  0.3488500000E+00  0.9242452326E-01 
 2008  7158    4  0.4856750000E+00  0.1554722222E+00 
 2008  7164    4  0.3548250000E+00  0.1377162186E+00 
 2008  7170    4  0.9683500000E-01  0.1087631219E+00 
 2008  7176    4  -0.4607000000E-01  0.9667566964E-01 
 2008  7182    4  0.1481150000E-01  0.1292247547E+00 
 2008  7188    4  0.2808250000E-01  0.1598862515E+00 
 2008  7194    4  -0.6612000000E-01  0.1372733521E+00 
 2008  7200    4  -0.2201050000E+00  0.1107558625E+00 
 2008  7206    4  0.2571700000E+00  0.1320957634E+00 
 2008  7212    4  0.2722000000E+00  0.1078773609E+00 
 2008  7218    4  0.1943000000E-01  0.1111742387E+00 
 2008  7224    4  -0.1050775000E+00  0.8173234989E-01 
 2008  7230    4  0.1237900000E+00  0.7422848712E-01 
 2008  7236    4  -0.1779000000E-01  0.3974201995E-01 
 2008  7242    4  -0.2111500000E+00  0.2014255446E-01 
 2008  7248    4  -0.1782500000E+00  0.5016704596E-01 
 2008  7254    4  0.6892750000E-01  0.2870347660E-01 
 2008  7260    4  0.9389500000E-01  0.5913726004E-01 
 2008  7266    4  0.1287775000E+00  0.5920070117E-01 
 2008  7272    4  0.3749750000E+00  0.7625058606E-01 
 2008  7278    4  0.6939000000E+00  0.4012175221E-01 
 2008  7284    4  0.4389500000E+00  0.7084580086E-01 
 2008  7290    4  0.3304000000E+00  0.7746886471E-01 
 2008  7296    4  0.6524925000E-01  0.6015322628E-01 
 2008  7302    4  0.2930000000E-02  0.2569906516E-01 
 2008  7308    4  0.1106800000E+00  0.4135925773E-01 
 2008  7314    4  0.5061750000E-01  0.8313221348E-01 
 2008  7320    4  0.2220750000E+00  0.8580234190E-01 
 2008  7326    4  0.6203500000E+00  0.6877341419E-01 
 2008  7332    4  0.4564750000E+00  0.2674896026E-01 
 2008  7338    4  0.1416050000E+00  0.6201332175E-01 
 2008  7344    4  0.6636000000E+00  0.1337424577E+00 
 2008  7350    4  0.4928000000E+00  0.1329167032E+00 
 2008  7356    4  0.4612500000E-02  0.1244982416E+00 
 2008  7362    4  -0.3295500000E+00  0.5196433873E-01 
 2008  7368    4  -0.4688500000E+00  0.5642253539E-01 
 2008  7374    4  -0.4363250000E+00  0.5607046348E-01 
 2008  7380    4  -0.2322000000E+00  0.5243171750E-01 
 2008  7386    4  -0.3261500000E+00  0.7993001626E-01 
 2008  7392    4  0.6707000000E-01  0.1863877778E+00 
 2008  7398    4  0.4782500000E+00  0.1594187019E+00 
 2008  7404    4  0.1646325000E+00  0.6085463556E-01 
 2008  7410    4  -0.1943125000E+00  0.7672988641E-01 
 2008  7416    4  -0.9178050000E-01  0.1534799490E+00 
 2008  7422    4  0.1615275000E+00  0.1535960669E+00 
 2008  7428    4  -0.1135675000E+00  0.1140888696E+00 
 2008  7434    4  -0.4555250000E+00  0.5828582053E-01 
 2008  7440    4  -0.5243750000E+00  0.4148501989E-01 
 2008  7446    4  -0.2255750000E+00  0.3931954826E-01 
 2008  7452    4  -0.1444300000E+00  0.7963969927E-01 
 2008  7458    4  -0.3884000000E+00  0.2178175842E-01 
 2008  7464    4  -0.4324000000E+00  0.6260654918E-01 
 2008  7470    4  -0.1390350000E+00  0.4685343824E-01 
 2008  7476    4  -0.1409500000E+00  0.4295779906E-01 
 2008  7482    4  -0.5286000000E+00  0.3928256611E-01 
 2008  7488    4  -0.6196000000E+00  0.5844424694E-01 
 2008  7494    4  -0.5934000000E+00  0.6186586296E-01 
 2008  7500    4  -0.2613750000E+00  0.4075729229E-01 
 2008  7506    4  -0.5068750000E+00  0.3901220162E-01 
 2008  7512    4  -0.8447500000E+00  0.9121536329E-01 
 2008  7518    4  -0.8169750000E+00  0.4621987532E-01 
 2008  7524    4  -0.4083000000E+00  0.6826243476E-01 
 2008  7530    4  -0.6745500000E+00  0.4641586474E-01 
 2008  7536    4  -0.7726000000E+00  0.5479575714E-01 
 2008  7542    4  -0.6310000000E+00  0.2571740656E-01 
 2008  7548    4  -0.2788500000E+00  0.6542681025E-01 
 2008  7554    4  -0.3080000000E+00  0.1155336315E+00 
 2008  7560    4  -0.3776500000E+00  0.1504566466E+00 
 2008  7566    4  0.1518000000E-01  0.1511799405E+00 
 2008  7572    4  0.2306250000E+00  0.1203918472E+00 
 2008  7578    4  -0.1236100000E+00  0.1040947095E+00 
 2008  7584    4  0.3670000000E-02  0.8556475472E-01 
 2008  7590    4  0.1741250000E+00  0.4870797548E-01 
 2008  7596    4  -0.2870250000E+00  0.4352409534E-01 
 2008  7602    4  -0.4774250000E+00  0.1753501853E-01 
 2008  7608    4  -0.2531500000E+00  0.5348852681E-01 
 2008  7614    4  -0.2690250000E+00  0.4384999287E-01 
 2008  7620    4  -0.2891750000E+00  0.4533692618E-01 
 2008  7626    4  -0.5398750000E+00  0.3172076410E-01 
 2008  7632    4  -0.4964000000E+00  0.1138327940E+00 
 2008  7638    4  -0.2462750000E+00  0.1504399797E-01 
 2008  7644    4  -0.5369750000E+00  0.4106801523E-01 
 2008  7650    4  -0.1160500000E+01  0.8239083687E-01 
 2008  7656    4  -0.8362000000E+00  0.9156956372E-01 
 2008  7662    4  -0.4773750000E+00  0.2067756937E-01 
 2008  7668    4  -0.5680250000E+00  0.3321869767E-01 
 2008  7674    4  -0.9321500000E+00  0.7695818670E-01 
 2008  7680    4  -0.4579500000E+00  0.9851430099E-01 
 2008  7686    4  -0.5565750000E+00  0.3229879061E-01 
 2008  7692    4  -0.5684250000E+00  0.3926966864E-01 
 2008  7698    4  -0.8509750000E+00  0.4107976235E-01 
 2008  7704    4  -0.8418500000E+00  0.5391222032E-01 
 2008  7710    4  -0.5949000000E+00  0.2554672190E-01 
 2008  7716    4  -0.4067500000E+00  0.2404896048E-01 
 2008  7722    4  -0.8686750000E+00  0.5043631504E-01 
 2008  7728    4  -0.9207250000E+00  0.6485658698E-01 
 2008  7734    4  -0.6307250000E+00  0.3897989065E-01 
 2008  7740    4  -0.3074750000E+00  0.1142458178E+00 
 2008  7746    4  -0.5834500000E+00  0.2509845613E-01 
 2008  7752    4  -0.1098000000E+01  0.4638426457E-01 
 2008  7758    4  -0.8669750000E+00  0.5026959195E-01 
 2008  7764    4  -0.5418250000E+00  0.2339042272E-01 
 2008  7770    4  -0.8313500000E+00  0.4338827607E-01 
 2008  7776    4  -0.7170750000E+00  0.7477530926E-01 
 2008  7782    4  -0.5943250000E+00  0.3895640993E-01 
 2008  7788    4  -0.5128500000E+00  0.5185906382E-01 
 2008  7794    4  -0.4900500000E+00  0.6593290150E-01 
 2008  7800    4  -0.5175500000E+00  0.7908797317E-01 
 2008  7806    4  -0.3395000000E+00  0.6118132885E-01 
 2008  7812    4  0.1083250000E-01  0.4021612076E-01 
 2008  7818    4  -0.3107750000E+00  0.4559267348E-01 
 2008  7824    4  -0.1603925000E+00  0.1291893868E+00 
 2008  7830    4  -0.3267500000E+00  0.5717820826E-01 
 2008  7836    4  -0.2963000000E+00  0.4830833261E-01 
 2008  7842    4  -0.1875250000E+00  0.4871300519E-01 
 2008  7848    4  0.3724250000E+00  0.7991556091E-01 
 2008  7854    4  0.2416250000E+00  0.6651159203E-01 
 2008  7860    4  -0.7242500000E-02  0.2823350437E-01 
 2008  7866    4  -0.4850800000E-01  0.2813510729E-01 
 2008  7872    4  0.1950750000E+00  0.5710430697E-01 
 2008  7878    4  0.2206000000E+00  0.3350425346E-01 
 2008  7884    4  0.1590250000E+00  0.5323168112E-01 
 2008  7890    4  0.2164000000E-01  0.2990351986E-01 
 2008  7896    4  -0.3656500000E+00  0.7441466589E-01 
 2008  7902    4  -0.2448250000E+00  0.2851415219E-01 
 2008  7908    4  -0.1721250000E+00  0.2949333611E-01 
 2008  7914    4  -0.1172250000E+00  0.5808671686E-01 
 2008  7920    4  -0.1600000000E-01  0.1504666907E+00 
 2008  7926    4  -0.7370000000E-02  0.7284069227E-01 
 2008  7932    4  0.3171250000E-01  0.5094693729E-01 
 2008  7938    4  -0.2028250000E+00  0.5997938708E-01 
 2008  7944    4  -0.1340750000E+00  0.1395725148E+00 
 2008  7950    4  -0.2444500000E+00  0.8882920409E-01 
 2008  7956    4  -0.3357500000E+00  0.5986754129E-01 
 2008  7962    4  -0.5593000000E+00  0.4322400953E-01 
 2008  7968    4  -0.5460500000E+00  0.4961297713E-01 
 2008  7974    4  -0.3865250000E+00  0.3735005857E-01 
 2008  7980    4  -0.4009750000E+00  0.3816558496E-01 
 2008  7986    4  -0.5114250000E+00  0.4174071004E-01 
 2008  7992    4  -0.5536500000E+00  0.4935309008E-01 
 2008  7998    4  -0.1125850000E+00  0.5430710520E-01 
 2008  8004    4  0.5479250000E-01  0.7658734340E-01 
 2008  8010    4  0.1258850000E+00  0.1007826941E+00 
 2008  8016    4  0.5660750000E-01  0.1682807213E+00 
 2008  8022    4  -0.3879250000E-01  0.5287417251E-01 
 2008  8028    4  0.4372250000E-01  0.4918237102E-01 
 2008  8034    4  -0.4328750000E+00  0.5352370386E-01 
 2008  8040    4  -0.2158500000E+00  0.8394148259E-01 
 2008  8046    4  -0.9241000000E-01  0.4482002956E-01 
 2008  8052    4  -0.1842750000E+00  0.4714797848E-01 
 2008  8058    4  -0.6136500000E+00  0.3499753563E-01 
 2008  8064    4  -0.4037250000E+00  0.1919508580E+00 
 2008  8070    4  -0.2143600000E+00  0.1071424556E+00 
 2008  8076    4  -0.1335825000E+00  0.5054688832E-01 
 2008  8082    4  0.4930250000E-01  0.8763353507E-01 
 2008  8088    4  0.1277175000E+00  0.1735457056E+00 
 2008  8094    4  0.1514150000E+00  0.4606144456E-01 
 2008  8100    4  0.2058250000E+00  0.5905867316E-01 
 2008  8106    4  -0.1922000000E+00  0.6274962151E-01 
 2008  8112    4  -0.3528500000E+00  0.9825519070E-01 
 2008  8118    4  -0.1579000000E+00  0.6916393569E-01 
 2008  8124    4  0.2448250000E+00  0.7295842566E-01 
 2008  8130    4  -0.1635050000E+00  0.9117139395E-01 
 2008  8136    4  -0.3215000000E-01  0.1658067022E+00 
 2008  8142    4  0.8606000000E-01  0.1009961217E+00 
 2008  8148    4  -0.1550750000E+00  0.3353128204E-01 
 2008  8154    4  -0.1651250000E-01  0.4656519160E-01 
 2008  8160    4  0.3416250000E-01  0.9967609552E-01 
 2008  8166    4  -0.5785250000E-01  0.5446108444E-01 
 2008  8172    4  -0.2572250000E+00  0.6747834375E-01 
 2008  8178    4  -0.1566250000E+00  0.2475069443E-01 
 2008  8184    4  -0.1077520000E+00  0.7612092086E-01 
 2008  8190    4  -0.3236750000E-01  0.6325886712E-01 
 2008  8196    4  -0.3096250000E+00  0.3278478115E-01 
 2008  8202    4  -0.4704250000E+00  0.1983423492E-01 
 2008  8208    4  -0.4290250000E+00  0.4548281956E-01 
 2008  8214    4  -0.1083200000E+00  0.7031896330E-01 
 2008  8220    4  0.2808250000E-01  0.9109757910E-01 
 2008  8226    4  -0.2916750000E+00  0.5983549845E-01 
 2008  8232    4  -0.5097000000E+00  0.9328625301E-01 
 2008  8238    4  -0.4346250000E+00  0.4548826085E-01 
 2008  8244    4  -0.2821250000E+00  0.6082509248E-01 
 2008  8250    4  -0.6236000000E+00  0.5337110642E-01 
 2008  8256    4  -0.7813500000E+00  0.5666526714E-01 
 2008  8262    4  -0.4107750000E+00  0.3453508180E-01 
 2008  8268    4  -0.1885500000E+00  0.6034908864E-01 
 2008  8274    4  -0.3708750000E+00  0.5916089819E-01 
 2008  8280    4  -0.4054750000E+00  0.5341551156E-01 
 2008  8286    4  0.5127250000E-01  0.5116079181E-01 
 2008  8292    4  0.2338750000E+00  0.6695189971E-01 
 2008  8298    4  0.1306675000E+00  0.5842401192E-01 
 2008  8304    4  -0.1316575000E+00  0.9013385667E-01 
 2008  8310    4  -0.5224250000E-01  0.2284737444E-01 
 2008  8316    4  0.1359125000E+00  0.6205051304E-01 
 2008  8322    4  -0.3664000000E+00  0.7428078486E-01 
 2008  8328    4  -0.2561750000E+00  0.5246948518E-01 
 2008  8334    4  0.8372500000E-02  0.8758010344E-01 
 2008  8340    4  -0.6065750000E-01  0.1574215420E-01 
 2008  8346    4  -0.2311250000E+00  0.6903996578E-01 
 2008  8352    4  -0.3707500000E+00  0.9735102722E-01 
 2008  8358    4  -0.2933500000E+00  0.6839533975E-01 
 2008  8364    4  -0.7827400000E-01  0.4300995301E-01 
 2008  8370    4  -0.2465250000E+00  0.2698206580E-01 
 2008  8376    4  -0.4812500000E+00  0.5652320320E-01 
 2008  8382    4  -0.1937725000E-01  0.3174037898E-01 
 2008  8388    4  -0.2007125000E-01  0.3032426759E-01 
 2008  8394    4  -0.2872500000E+00  0.2585831588E-01 
 2008  8400    4  -0.7259500000E+00  0.5251668782E-01 
 2008  8406    4  -0.2215750000E+00  0.2188051359E-01 
 2008  8412    4  -0.1460000000E+00  0.2177820011E-01 
 2008  8418    4  -0.3210500000E+00  0.6451273130E-01 
 2008  8424    4  0.1130500000E-01  0.6237246448E-01 
 2008  8430    4  -0.4085750000E+00  0.3537091849E-01 
 2008  8436    4  -0.7745750000E+00  0.7279304139E-01 
 2008  8442    4  -0.1001200000E+01  0.1060038679E+00 
 2008  8448    4  -0.1169000000E+01  0.5318364410E-01 
 2008  8454    4  -0.1139500000E+01  0.6606625462E-01 
 2008  8460    4  -0.1055125000E+01  0.1018435902E+00 
 2008  8466    4  -0.1232500000E+01  0.8584142357E-01 
 2008  8472    4  -0.1171400000E+01  0.1067627276E+00 
 2008  8478    4  -0.7070000000E+00  0.4785195921E-01 
 2008  8484    4  -0.8780500000E+00  0.5819177347E-01 
 2008  8490    4  -0.1003275000E+01  0.6617308271E-01 
 2008  8496    4  -0.1472250000E+01  0.1436286444E+00 
 2008  8502    4  -0.1107875000E+01  0.9018895096E-01 
 2008  8508    4  -0.6760500000E+00  0.7146168554E-01 
 2008  8514    4  -0.8941750000E+00  0.6746563477E-01 
 2008  8520    4  -0.1143750000E+01  0.9064870380E-01 
 2008  8526    4  -0.8380000000E+00  0.9087411623E-01 
 2008  8532    4  -0.6919500000E+00  0.6972261111E-01 
 2008  8538    4  -0.1122750000E+01  0.5791534771E-01 
 2008  8544    4  -0.1102750000E+01  0.6274701188E-01 
 2008  8550    4  -0.6066750000E+00  0.1199568125E+00 
 2008  8556    4  -0.5046000000E+00  0.1142378002E+00 
 2008  8562    4  -0.5364500000E+00  0.8821594244E-01 
 2008  8568    4  -0.8974500000E+00  0.1825261831E+00 
 2008  8574    4  -0.4181000000E+00  0.1472619605E+00 
 2008  8580    4  -0.7047500000E+00  0.8261941358E-01 
 2008  8586    4  -0.1052250000E+01  0.8341575091E-01 
 2008  8592    4  -0.9525750000E+00  0.1202565253E+00 
 2008  8598    4  -0.5126000000E+00  0.8722875099E-01 
 2008  8604    4  -0.4731750000E+00  0.1232326737E+00 
 2008  8610    4  -0.9538750000E+00  0.3312237725E-01 
 2008  8616    4  -0.6473750000E+00  0.6129687492E-01 
 2008  8622    4  -0.5579250000E+00  0.3315089554E-01 
 2008  8628    4  -0.4762250000E+00  0.6624731598E-01 
 2008  8634    4  -0.6228000000E+00  0.6100868791E-01 
 2008  8640    4  -0.6932250000E+00  0.9170919733E-01 
 2008  8646    4  -0.3245250000E+00  0.1275708896E+00 
 2008  8652    4  -0.3496500000E+00  0.6222372940E-01 
 2008  8658    4  -0.8216250000E+00  0.5772596361E-01 
 2008  8664    4  -0.1131000000E+01  0.5903812328E-01 
 2008  8670    4  -0.6702750000E+00  0.5796586819E-01 
 2008  8676    4  -0.6715750000E+00  0.3885301629E-01 
 2008  8682    4  -0.1100950000E+01  0.6736028132E-01 
 2008  8688    4  -0.1436500000E+01  0.6877681295E-01 
 2008  8694    4  -0.8193000000E+00  0.6626971405E-01 
 2008  8700    4  -0.6509500000E+00  0.4150183731E-01 
 2008  8706    4  -0.1017550000E+01  0.7229113016E-01 
 2008  8712    4  -0.1299000000E+01  0.7393578295E-01 
 2008  8718    4  -0.5252750000E+00  0.5868323334E-01 
 2008  8724    4  -0.2448000000E+00  0.7391045258E-01 
 2008  8730    4  -0.7169500000E+00  0.4556755973E-01 
 2008  8736    4  -0.8631250000E+00  0.5811765545E-01 
 2008  8742    4  -0.6661500000E+00  0.5640791168E-01 
 2008  8748    4  0.1706675000E-01  0.1263360071E+00 
 2008  8754    4  -0.1879100000E+00  0.8660050404E-01 
 2008  8760    4  -0.5398000000E+00  0.1345227676E+00 
 2008  8766    4  -0.1604500000E+00  0.1242167561E+00 
 2008  8772    4  -0.2972500000E-02  0.1414230288E+00 
 2008  8778    4  -0.4940750000E+00  0.3688030470E-01 
 2008  8784    4  -0.7226250000E+00  0.5664103526E-01 
