 2008  0006    4  0.7185250000E+01  0.1161104297E+01 
 2008  0012    4  0.8284000000E+01  0.5266236797E+00 
 2008  0018    4  0.7486750000E+01  0.4768906452E+00 
 2008  0024    4  0.7446750000E+01  0.8261611147E+00 
 2008  0030    4  0.1084925000E+02  0.1127307273E+01 
 2008  0036    4  0.1496500000E+02  0.1557152851E+01 
 2008  0042    4  0.1210750000E+02  0.8972562343E+00 
 2008  0048    4  0.5821750000E+01  0.6482018879E+00 
 2008  0054    4  0.2658250000E+01  0.9549600450E+00 
 2008  0060    4  0.2178250000E+01  0.4681064916E+00 
 2008  0066    4  0.1535625000E+01  0.4697471893E+00 
 2008  0072    4  0.3697000000E+01  0.1107792174E+01 
 2008  0078    4  0.8909500000E+01  0.1432417799E+01 
 2008  0084    4  0.1217750000E+02  0.1693832563E+01 
 2008  0090    4  0.9549500000E+01  0.7475595294E+00 
 2008  0096    4  0.5711250000E+01  0.7314145114E+00 
 2008  0102    4  0.5487500000E+01  0.1460429475E+01 
 2008  0108    4  0.8047750000E+01  0.1051790467E+01 
 2008  0114    4  0.1316250000E+02  0.8007613565E+00 
 2008  0120    4  0.2264000000E+02  0.1809613218E+01 
 2008  0126    4  0.2790000000E+02  0.3746151358E+01 
 2008  0132    4  0.1900500000E+02  0.1795501323E+01 
 2008  0138    4  0.2577200000E+01  0.2065465860E+01 
 2008  0144    4  -0.9298000000E+01  0.8183083160E+00 
 2008  0150    4  -0.1865000000E+02  0.1388452376E+01 
 2008  0156    4  -0.2278250000E+02  0.1091612912E+01 
 2008  0162    4  -0.1612500000E+02  0.1480565770E+01 
 2008  0168    4  -0.1134000000E+00  0.2988095678E+01 
 2008  0174    4  0.1308325000E+02  0.2641370229E+01 
 2008  0180    4  0.1743000000E+02  0.1942009269E+01 
 2008  0186    4  0.1569500000E+02  0.1173296638E+01 
 2008  0192    4  0.1015925000E+02  0.8698227909E+00 
 2008  0198    4  0.1333600000E+01  0.6614642885E+00 
 2008  0204    4  -0.6808500000E+01  0.4838540586E+00 
 2008  0210    4  -0.8772500000E+01  0.5473209753E+00 
 2008  0216    4  -0.5571500000E+01  0.1358659358E+01 
 2008  0222    4  0.1211975000E+01  0.1258673362E+01 
 2008  0228    4  0.8785000000E+01  0.1815854207E+01 
 2008  0234    4  0.1285500000E+02  0.1607070316E+01 
 2008  0240    4  0.1365250000E+02  0.1106715298E+01 
 2008  0246    4  0.1246500000E+02  0.2045012225E+01 
 2008  0252    4  0.7476000000E+01  0.1462660077E+01 
 2008  0258    4  0.4041200000E+00  0.5931731343E+00 
 2008  0264    4  -0.1017950000E+01  0.1226327586E+01 
 2008  0270    4  0.3289535000E+01  0.2559324583E+01 
 2008  0276    4  0.6798250000E+01  0.1776886093E+01 
 2008  0282    4  0.7845500000E+01  0.1094799182E+01 
 2008  0288    4  0.1003500000E+02  0.1682219516E+01 
 2008  0294    4  0.1162100000E+02  0.2548757639E+01 
 2008  0300    4  0.7923000000E+01  0.1258881845E+01 
 2008  0306    4  -0.8255000000E-01  0.4284992678E+00 
 2008  0312    4  -0.5453250000E+01  0.7460269348E+00 
 2008  0318    4  -0.4469000000E+01  0.1403336560E+01 
 2008  0324    4  -0.1811075000E+01  0.1149137510E+01 
 2008  0330    4  -0.4447500000E+00  0.2213731748E+00 
 2008  0336    4  0.1706100000E+01  0.1101212373E+01 
 2008  0342    4  0.4723750000E+01  0.1351672922E+01 
 2008  0348    4  0.5167000000E+01  0.1152428957E+01 
 2008  0354    4  0.1281900000E+01  0.5035974881E+00 
 2008  0360    4  -0.2933750000E+01  0.4091719535E+00 
 2008  0366    4  -0.2469700000E+01  0.1428233234E+01 
 2008  0372    4  -0.1354175000E+01  0.1150888762E+01 
 2008  0378    4  -0.1909250000E+01  0.3781239050E+00 
 2008  0384    4  0.1074250000E+01  0.1367012322E+01 
 2008  0390    4  0.5549000000E+01  0.2090016627E+01 
 2008  0396    4  0.6337500000E+01  0.9834799185E+00 
 2008  0402    4  0.2241250000E+01  0.2519884670E+00 
 2008  0408    4  -0.1167575000E+01  0.6031557526E+00 
 2008  0414    4  -0.2151750000E+01  0.7125974933E+00 
 2008  0420    4  -0.7909500000E+00  0.8980286090E+00 
 2008  0426    4  -0.7218500000E+00  0.3928095626E+00 
 2008  0432    4  0.2206250000E+01  0.5738459615E+00 
 2008  0438    4  0.5959000000E+01  0.1565779199E+01 
 2008  0444    4  0.7063250000E+01  0.7001586874E+00 
 2008  0450    4  0.4587000000E+01  0.2660310132E+00 
 2008  0456    4  0.2331500000E+01  0.4056861472E+00 
 2008  0462    4  0.1358500000E+01  0.4624033196E+00 
 2008  0468    4  -0.1036175000E+00  0.3819557984E+00 
 2008  0474    4  -0.1426000000E+01  0.2412809566E+00 
 2008  0480    4  -0.1388825000E+01  0.6085376668E+00 
 2008  0486    4  0.2541750000E+01  0.9639892051E+00 
 2008  0492    4  0.5001250000E+01  0.8550790534E+00 
 2008  0498    4  0.3883250000E+01  0.1934791655E+00 
 2008  0504    4  0.2776000000E+01  0.6574412521E+00 
 2008  0510    4  0.3298500000E+01  0.7609699403E+00 
 2008  0516    4  0.2387500000E+01  0.1349712932E+00 
 2008  0522    4  -0.1331975000E+01  0.2290628776E+00 
 2008  0528    4  -0.2772500000E+01  0.5917019943E+00 
 2008  0534    4  -0.6119200000E+00  0.5192351358E+00 
 2008  0540    4  0.1799750000E+01  0.5409927795E+00 
 2008  0546    4  0.1218350000E+01  0.1520883543E+00 
 2008  0552    4  0.1970000000E+01  0.3511260457E+00 
 2008  0558    4  0.3759500000E+01  0.7400440865E+00 
 2008  0564    4  0.3630000000E+01  0.3076686529E+00 
 2008  0570    4  0.4466025000E+00  0.3308466004E+00 
 2008  0576    4  -0.1535200000E+01  0.5984092412E+00 
 2008  0582    4  -0.5474250000E+00  0.2349418691E+00 
 2008  0588    4  0.1213050000E+01  0.4937249310E+00 
 2008  0594    4  -0.4609500000E+00  0.1254084826E+00 
 2008  0600    4  0.3954250000E+00  0.7597503352E+00 
 2008  0606    4  0.4383750000E+01  0.8880105222E+00 
 2008  0612    4  0.6458500000E+01  0.5806950577E+00 
 2008  0618    4  0.3390750000E+01  0.3403464228E+00 
 2008  0624    4  0.1068525000E+01  0.7189713672E+00 
 2008  0630    4  0.2417750000E+01  0.4881441257E+00 
 2008  0636    4  0.3139500000E+01  0.2817627548E+00 
 2008  0642    4  0.1204150000E+01  0.1940463025E+00 
 2008  0648    4  0.4668900000E+00  0.5978871627E+00 
 2008  0654    4  0.2228000000E+01  0.4967519502E+00 
 2008  0660    4  0.3917250000E+01  0.5329861044E+00 
 2008  0666    4  0.3713000000E+01  0.3238340624E+00 
 2008  0672    4  0.3581250000E+01  0.4615524753E+00 
 2008  0678    4  0.3711750000E+01  0.5773895457E+00 
 2008  0684    4  0.5032750000E+01  0.5038657435E+00 
 2008  0690    4  0.3806000000E+01  0.1885470763E+00 
 2008  0696    4  0.1844250000E+01  0.5762908879E+00 
 2008  0702    4  0.1829000000E+01  0.4894374322E+00 
 2008  0708    4  0.2545500000E+01  0.4424694905E+00 
 2008  0714    4  0.1333000000E+01  0.9914383491E-01 
 2008  0720    4  0.1401750000E+00  0.6676917379E+00 
 2008  0726    4  0.1747050000E+01  0.7870400927E+00 
 2008  0732    4  0.4927750000E+01  0.8206458965E+00 
 2008  0738    4  0.4720000000E+01  0.2695060296E+00 
 2008  0744    4  0.2859250000E+01  0.5349884929E+00 
 2008  0750    4  0.2113000000E+01  0.5884339385E+00 
 2008  0756    4  0.2829500000E+01  0.5342754439E+00 
 2008  0762    4  0.1315000000E+01  0.1141774934E+00 
 2008  0768    4  -0.3130000000E-01  0.4998956141E+00 
 2008  0774    4  0.1035225000E+01  0.5957505450E+00 
 2008  0780    4  0.3676250000E+01  0.6500885997E+00 
 2008  0786    4  0.3553500000E+01  0.3479378536E+00 
 2008  0792    4  0.3543000000E+01  0.5761718494E+00 
 2008  0798    4  0.4358000000E+01  0.7752435101E+00 
 2008  0804    4  0.5888750000E+01  0.5775592502E+00 
 2008  0810    4  0.4025000000E+01  0.2300054347E+00 
 2008  0816    4  0.1627750000E+01  0.5027083523E+00 
 2008  0822    4  0.9942400000E+00  0.6514269574E+00 
 2008  0828    4  0.2208750000E+01  0.5411711259E+00 
 2008  0834    4  0.1726500000E+01  0.2191489220E+00 
 2008  0840    4  0.1866250000E+01  0.5908034254E+00 
 2008  0846    4  0.3189250000E+01  0.6909820457E+00 
 2008  0852    4  0.4872000000E+01  0.6340760995E+00 
 2008  0858    4  0.4272750000E+01  0.3866531876E+00 
 2008  0864    4  0.3545500000E+01  0.4894162339E+00 
 2008  0870    4  0.3655250000E+01  0.6339607145E+00 
 2008  0876    4  0.3963750000E+01  0.4758263207E+00 
 2008  0882    4  0.3545500000E+01  0.4046915492E+00 
 2008  0888    4  0.3871000000E+01  0.7511507838E+00 
 2008  0894    4  0.5994750000E+01  0.8520590869E+00 
 2008  0900    4  0.7356000000E+01  0.8012468409E+00 
 2008  0906    4  0.6630500000E+01  0.4655929016E+00 
 2008  0912    4  0.5331500000E+01  0.6845445566E+00 
 2008  0918    4  0.5051750000E+01  0.8527462621E+00 
 2008  0924    4  0.4177250000E+01  0.3075925674E+00 
 2008  0930    4  0.3040000000E+01  0.3485477012E+00 
 2008  0936    4  0.2632250000E+01  0.6388119344E+00 
 2008  0942    4  0.5006000000E+01  0.8600636604E+00 
 2008  0948    4  0.6568500000E+01  0.1103142896E+01 
 2008  0954    4  0.6008250000E+01  0.5529432046E+00 
 2008  0960    4  0.6692500000E+01  0.1200671791E+01 
 2008  0966    4  0.7634500000E+01  0.2440163263E+01 
 2008  0972    4  0.7526500000E+01  0.1786492863E+01 
 2008  0978    4  0.3349750000E+01  0.5928766208E+00 
 2008  0984    4  0.1392150000E+01  0.1496845798E+01 
 2008  0990    4  -0.8687500000E-01  0.1612905675E+01 
 2008  0996    4  -0.4004750000E+00  0.1057452640E+01 
 2008  1002    4  -0.1125650000E+01  0.1414771640E+01 
 2008  1008    4  0.4289250000E+00  0.1414525191E+01 
 2008  1014    4  0.5098500000E+01  0.1941493819E+01 
 2008  1020    4  0.7663000000E+01  0.1736173234E+01 
 2008  1026    4  0.6575750000E+01  0.9648441260E+00 
 2008  1032    4  0.4826750000E+01  0.1714334765E+01 
 2008  1038    4  0.3024750000E+01  0.1080781286E+01 
 2008  1044    4  0.2304250000E+01  0.7493645224E+00 
 2008  1050    4  -0.2658000000E+00  0.7512882503E+00 
 2008  1056    4  -0.3223250000E+01  0.7715644416E+00 
 2008  1062    4  -0.3479000000E+00  0.1087812233E+01 
 2008  1068    4  0.3046625000E+01  0.1501679117E+01 
 2008  1074    4  0.1119025000E+01  0.1167640864E+00 
 2008  1080    4  0.4221250000E+00  0.8139078921E+00 
 2008  1086    4  0.2638525000E+01  0.1460897234E+01 
 2008  1092    4  0.2739000000E+01  0.8311504076E+00 
 2008  1098    4  -0.5657750000E+00  0.4671302682E-01 
 2008  1104    4  -0.1544375000E+01  0.8946376651E+00 
 2008  1110    4  0.3124750000E+00  0.9979161422E+00 
 2008  1116    4  0.2417000000E+01  0.7544491368E+00 
 2008  1122    4  0.1151525000E+01  0.6312102715E+00 
 2008  1128    4  0.7722850000E+00  0.6032765831E+00 
 2008  1134    4  0.1089550000E+01  0.9931519257E+00 
 2008  1140    4  0.1478250000E+00  0.4531326206E+00 
 2008  1146    4  -0.3232500000E+01  0.2678455712E+00 
 2008  1152    4  -0.3900250000E+01  0.4873301627E+00 
 2008  1158    4  -0.1378925000E+01  0.6939274219E+00 
 2008  1164    4  0.1776425000E+01  0.7283055965E+00 
 2008  1170    4  0.2896000000E+01  0.5974650617E+00 
 2008  1176    4  0.4765250000E+01  0.6039761481E+00 
 2008  1182    4  0.7138500000E+01  0.1023754976E+01 
 2008  1188    4  0.8358000000E+01  0.7093401864E+00 
 2008  1194    4  0.5413750000E+01  0.2309322141E+00 
 2008  1200    4  0.4435000000E+01  0.6787716847E+00 
 2008  1206    4  0.5936250000E+01  0.9530048203E+00 
 2008  1212    4  0.7235750000E+01  0.7459924179E+00 
 2008  1218    4  0.4306250000E+01  0.2504080420E+00 
 2008  1224    4  0.3114500000E+01  0.8933645672E+00 
 2008  1230    4  0.5523250000E+01  0.1157857153E+01 
 2008  1236    4  0.8510500000E+01  0.9187748636E+00 
 2008  1242    4  0.6691000000E+01  0.3263533361E+00 
 2008  1248    4  0.5570250000E+01  0.9189293702E+00 
 2008  1254    4  0.5707000000E+01  0.7413642829E+00 
 2008  1260    4  0.5608500000E+01  0.5256113108E+00 
 2008  1266    4  0.2769750000E+01  0.2801208445E+00 
 2008  1272    4  0.1208150000E+01  0.3592360888E+00 
 2008  1278    4  -0.4159250000E+00  0.1156084304E+01 
 2008  1284    4  -0.2044500000E+01  0.2925008547E+00 
 2008  1290    4  -0.2653250000E+01  0.2435183515E+00 
 2008  1296    4  -0.7756350000E+00  0.8546238422E+00 
 2008  1302    4  0.3139750000E+01  0.1300809628E+01 
 2008  1308    4  0.7472250000E+01  0.1181573818E+01 
 2008  1314    4  0.7458500000E+01  0.9778303790E+00 
 2008  1320    4  0.6076500000E+01  0.5749476063E+00 
 2008  1326    4  0.5122000000E+01  0.9724276323E+00 
 2008  1332    4  0.4388000000E+01  0.8435881697E+00 
 2008  1338    4  0.1783000000E+01  0.5165709051E+00 
 2008  1344    4  0.6420000000E-01  0.5147776267E+00 
 2008  1350    4  0.1413100000E+01  0.9953994449E+00 
 2008  1356    4  0.5380750000E+01  0.1200299832E+01 
 2008  1362    4  0.5988250000E+01  0.1022563293E+01 
 2008  1368    4  0.3315000000E+01  0.4632623447E+00 
 2008  1374    4  0.3125500000E+01  0.8475613547E+00 
 2008  1380    4  0.5579500000E+01  0.1281376116E+01 
 2008  1386    4  0.3261000000E+01  0.5371601251E+00 
 2008  1392    4  -0.4738125000E+00  0.5343940568E+00 
 2008  1398    4  -0.3610750000E+00  0.1104927173E+01 
 2008  1404    4  0.2240850000E+01  0.1137716778E+01 
 2008  1410    4  0.1827750000E+01  0.4587103525E+00 
 2008  1416    4  0.1371975000E+01  0.8620769698E+00 
 2008  1422    4  0.2761500000E+01  0.9673981859E+00 
 2008  1428    4  0.4610750000E+01  0.5026243005E+00 
 2008  1434    4  0.1221725000E+01  0.3868026330E+00 
 2008  1440    4  -0.2650000000E+01  0.5369599613E+00 
 2008  1446    4  -0.3066500000E+01  0.4735454044E+00 
 2008  1452    4  -0.1709812500E+00  0.5258837524E+00 
 2008  1458    4  -0.8581500000E+00  0.4960837152E+00 
 2008  1464    4  -0.2530500000E+01  0.3562334207E+00 
 2008  1470    4  -0.1983750000E+01  0.5394155981E+00 
 2008  1476    4  0.1108100000E+01  0.6858628799E+00 
 2008  1482    4  0.1147975000E+01  0.3697210596E+00 
 2008  1488    4  -0.2989800000E+00  0.4677265293E+00 
 2008  1494    4  0.1124700000E+01  0.1659824388E+00 
 2008  1500    4  0.3610250000E+01  0.8391934744E+00 
 2008  1506    4  0.9637000000E+00  0.5105437396E+00 
 2008  1512    4  -0.2099250000E+01  0.6835134874E+00 
 2008  1518    4  -0.9755500000E+00  0.3826207424E+00 
 2008  1524    4  0.1097075000E+01  0.6395232731E+00 
 2008  1530    4  0.5162475000E+00  0.3982869246E+00 
 2008  1536    4  0.9410250000E+00  0.2809651435E+00 
 2008  1542    4  0.3650250000E+01  0.7656521322E+00 
 2008  1548    4  0.5643000000E+01  0.1131041334E+01 
 2008  1554    4  0.2850250000E+01  0.5730813097E+00 
 2008  1560    4  0.3298500000E+00  0.1043157535E+01 
 2008  1566    4  0.2157250000E+01  0.3531581622E+00 
 2008  1572    4  0.5852000000E+01  0.8076400807E+00 
 2008  1578    4  0.4531750000E+01  0.7381125846E+00 
 2008  1584    4  0.2183500000E+01  0.8737363733E+00 
 2008  1590    4  0.4416500000E+01  0.2582029241E+00 
 2008  1596    4  0.8148750000E+01  0.1081006100E+01 
 2008  1602    4  0.5234750000E+01  0.7862475358E+00 
 2008  1608    4  0.7611500000E+00  0.1063529855E+01 
 2008  1614    4  0.1795250000E+01  0.3103637986E+00 
 2008  1620    4  0.5968250000E+01  0.1053032140E+01 
 2008  1626    4  0.5328000000E+01  0.2989305940E+00 
 2008  1632    4  0.3971250000E+01  0.7468672489E+00 
 2008  1638    4  0.6776750000E+01  0.8141868259E+00 
 2008  1644    4  0.9357750000E+01  0.8701943389E+00 
 2008  1650    4  0.5311500000E+01  0.4357507889E+00 
 2008  1656    4  -0.7812750000E+00  0.7684920799E+00 
 2008  1662    4  -0.1615500000E+01  0.3744105367E+00 
 2008  1668    4  0.1759175000E+01  0.6250011935E+00 
 2008  1674    4  0.2160250000E+01  0.2802243521E+00 
 2008  1680    4  0.2300500000E+01  0.6243838963E+00 
 2008  1686    4  0.5425750000E+01  0.6548791396E+00 
 2008  1692    4  0.8153000000E+01  0.8219820558E+00 
 2008  1698    4  0.5917000000E+01  0.3227793364E+00 
 2008  1704    4  0.2040000000E+01  0.6458993730E+00 
 2008  1710    4  0.1207725000E+01  0.5774692432E+00 
 2008  1716    4  0.3645250000E+01  0.5574748313E+00 
 2008  1722    4  0.3541250000E+01  0.2591518618E+00 
 2008  1728    4  0.2495250000E+01  0.5097010766E+00 
 2008  1734    4  0.3718500000E+01  0.7303227026E+00 
 2008  1740    4  0.6197750000E+01  0.7352589255E+00 
 2008  1746    4  0.4320750000E+01  0.3674039841E+00 
 2008  1752    4  0.1617450000E+01  0.6964278193E+00 
 2008  1758    4  0.3205500000E+01  0.5196871655E+00 
 2008  1764    4  0.5776000000E+01  0.5376592787E+00 
 2008  1770    4  0.5168250000E+01  0.2221681514E+00 
 2008  1776    4  0.4642750000E+01  0.7470804425E+00 
 2008  1782    4  0.6247500000E+01  0.6067118344E+00 
 2008  1788    4  0.7489000000E+01  0.5018331396E+00 
 2008  1794    4  0.5082000000E+01  0.2396633055E+00 
 2008  1800    4  0.3151500000E+01  0.5670191796E+00 
 2008  1806    4  0.3728500000E+01  0.2643600764E+00 
 2008  1812    4  0.4704250000E+01  0.3756417010E+00 
 2008  1818    4  0.2552000000E+01  0.2167129438E+00 
 2008  1824    4  0.2334500000E+01  0.6854503994E+00 
 2008  1830    4  0.4313000000E+01  0.4641793834E+00 
 2008  1836    4  0.5809000000E+01  0.2232073027E+00 
 2008  1842    4  0.4142500000E+01  0.2760167567E+00 
 2008  1848    4  0.3169250000E+01  0.5011453756E+00 
 2008  1854    4  0.4528000000E+01  0.3721437894E+00 
 2008  1860    4  0.6572000000E+01  0.5128347687E+00 
 2008  1866    4  0.4571000000E+01  0.2241851913E+00 
 2008  1872    4  0.2650750000E+01  0.7483787059E+00 
 2008  1878    4  0.4439750000E+01  0.7623773262E+00 
 2008  1884    4  0.7099750000E+01  0.6329969885E+00 
 2008  1890    4  0.5269000000E+01  0.2871558810E+00 
 2008  1896    4  0.2862250000E+01  0.9732284868E+00 
 2008  1902    4  0.4497250000E+01  0.9302570545E+00 
 2008  1908    4  0.7753000000E+01  0.8267442168E+00 
 2008  1914    4  0.5299750000E+01  0.3070898688E+00 
 2008  1920    4  0.3543500000E+01  0.1051121425E+01 
 2008  1926    4  0.5702250000E+01  0.1175594610E+01 
 2008  1932    4  0.8066750000E+01  0.6822020870E+00 
 2008  1938    4  0.5437500000E+01  0.3806248153E+00 
 2008  1944    4  0.3641750000E+01  0.7770824844E+00 
 2008  1950    4  0.5390000000E+01  0.8349458066E+00 
 2008  1956    4  0.7573750000E+01  0.6345157110E+00 
 2008  1962    4  0.4887750000E+01  0.2505248241E+00 
 2008  1968    4  0.2558000000E+01  0.7750158063E+00 
 2008  1974    4  0.4646000000E+01  0.8556950391E+00 
 2008  1980    4  0.7049000000E+01  0.7073280710E+00 
 2008  1986    4  0.5050500000E+01  0.4051854514E+00 
 2008  1992    4  0.3295000000E+01  0.7888947965E+00 
 2008  1998    4  0.5037250000E+01  0.7918448001E+00 
 2008  2004    4  0.6205250000E+01  0.4385939894E+00 
 2008  2010    4  0.3846500000E+01  0.2849785080E+00 
 2008  2016    4  0.2633250000E+01  0.7942994948E+00 
 2008  2022    4  0.4465250000E+01  0.7809111265E+00 
 2008  2028    4  0.5720750000E+01  0.4248984437E+00 
 2008  2034    4  0.3897000000E+01  0.4658728367E+00 
 2008  2040    4  0.4296500000E+01  0.7621356507E+00 
 2008  2046    4  0.6614750000E+01  0.8940456854E+00 
 2008  2052    4  0.6955500000E+01  0.3700787078E+00 
 2008  2058    4  0.4210750000E+01  0.4163756567E+00 
 2008  2064    4  0.2710000000E+01  0.7118114217E+00 
 2008  2070    4  0.4283000000E+01  0.7274245665E+00 
 2008  2076    4  0.6075000000E+01  0.5034108660E+00 
 2008  2082    4  0.4723250000E+01  0.3803152475E+00 
 2008  2088    4  0.3536750000E+01  0.6301104566E+00 
 2008  2094    4  0.3794500000E+01  0.6737486549E+00 
 2008  2100    4  0.4131250000E+01  0.2143995977E+00 
 2008  2106    4  0.2228500000E+01  0.2083272666E+00 
 2008  2112    4  0.8243387500E+00  0.6164485429E+00 
 2008  2118    4  0.1022450000E+01  0.5035079418E+00 
 2008  2124    4  0.2424750000E+01  0.2477976745E+00 
 2008  2130    4  0.1793750000E+01  0.2620480633E+00 
 2008  2136    4  0.2733250000E+01  0.3112309231E+00 
 2008  2142    4  0.4516250000E+01  0.6244050668E+00 
 2008  2148    4  0.3241750000E+01  0.2488989504E+00 
 2008  2154    4  0.5697000000E+00  0.3561499614E+00 
 2008  2160    4  0.8677250000E+00  0.4881600525E+00 
 2008  2166    4  0.2120000000E+01  0.4564235971E+00 
 2008  2172    4  0.9768000000E+00  0.1389937409E+00 
 2008  2178    4  -0.1550250000E+01  0.2158383365E+00 
 2008  2184    4  0.7347500000E-01  0.2302256651E+00 
 2008  2190    4  0.3236250000E+01  0.7175100609E+00 
 2008  2196    4  0.4114250000E+01  0.4069301998E+00 
 2008  2202    4  0.2184750000E+01  0.1429674351E+00 
 2008  2208    4  0.1759250000E+01  0.2262491713E+00 
 2008  2214    4  0.3197750000E+01  0.3932024765E+00 
 2008  2220    4  0.4646750000E+01  0.4393383520E+00 
 2008  2226    4  0.1892250000E+01  0.1453553835E+00 
 2008  2232    4  0.2685250000E+00  0.7486921910E+00 
 2008  2238    4  0.3630500000E+01  0.4777805459E+00 
 2008  2244    4  0.6296250000E+01  0.7533781836E+00 
 2008  2250    4  0.3713000000E+01  0.4381272646E+00 
 2008  2256    4  0.2067000000E+01  0.7470766360E+00 
 2008  2262    4  0.3372750000E+01  0.5353402540E+00 
 2008  2268    4  0.3725750000E+01  0.6659096692E+00 
 2008  2274    4  0.3335000000E+01  0.3735940310E+00 
 2008  2280    4  0.1327250000E+01  0.3566492500E+00 
 2008  2286    4  0.1354675000E+01  0.3571497121E+00 
 2008  2292    4  0.3580250000E+01  0.6385896080E+00 
 2008  2298    4  0.3670500000E+01  0.2686349754E+00 
 2008  2304    4  0.4043500000E+01  0.6957778022E+00 
 2008  2310    4  0.6421000000E+01  0.1002723043E+01 
 2008  2316    4  0.7216500000E+01  0.5302086853E+00 
 2008  2322    4  0.3356750000E+01  0.5509910957E+00 
 2008  2328    4  0.2183750000E+01  0.7781488852E+00 
 2008  2334    4  0.3971000000E+01  0.7304669739E+00 
 2008  2340    4  0.5633250000E+01  0.3524481345E+00 
 2008  2346    4  0.2617250000E+01  0.3761830505E+00 
 2008  2352    4  0.2269000000E+01  0.9365265613E+00 
 2008  2358    4  0.6390250000E+01  0.9304010896E+00 
 2008  2364    4  0.8726250000E+01  0.6653725930E+00 
 2008  2370    4  0.4313250000E+01  0.7047596665E+00 
 2008  2376    4  0.1720375000E+01  0.8543929142E+00 
 2008  2382    4  0.3581500000E+01  0.7290989302E+00 
 2008  2388    4  0.4886000000E+01  0.5271588945E+00 
 2008  2394    4  0.1396225000E+01  0.5370420858E+00 
 2008  2400    4  0.3681500000E+00  0.8257008826E+00 
 2008  2406    4  0.3852750000E+01  0.6480013021E+00 
 2008  2412    4  0.7548500000E+01  0.4607192746E+00 
 2008  2418    4  0.5672000000E+01  0.3518771092E+00 
 2008  2424    4  0.4159000000E+01  0.5844428971E+00 
 2008  2430    4  0.5404250000E+01  0.4095951507E+00 
 2008  2436    4  0.5862000000E+01  0.2817365791E+00 
 2008  2442    4  0.2706250000E+01  0.4562298626E+00 
 2008  2448    4  0.1324500000E+01  0.7031177746E+00 
 2008  2454    4  0.3934250000E+01  0.4805966994E+00 
 2008  2460    4  0.6125250000E+01  0.3243758430E+00 
 2008  2466    4  0.4601500000E+01  0.6103329010E+00 
 2008  2472    4  0.3089750000E+01  0.7508949244E+00 
 2008  2478    4  0.5052000000E+01  0.4055083230E+00 
 2008  2484    4  0.6469250000E+01  0.3092768784E+00 
 2008  2490    4  0.4626000000E+01  0.8245165250E+00 
 2008  2496    4  0.3110750000E+01  0.7709128923E+00 
 2008  2502    4  0.4499500000E+01  0.4021768889E+00 
 2008  2508    4  0.5528500000E+01  0.2402639174E+00 
 2008  2514    4  0.3240500000E+01  0.3279165290E+00 
 2008  2520    4  0.1601825000E+01  0.8029532937E+00 
 2008  2526    4  0.4722250000E+01  0.4043361071E+00 
 2008  2532    4  0.7314750000E+01  0.5734947144E+00 
 2008  2538    4  0.6158500000E+01  0.5201540637E+00 
 2008  2544    4  0.6000000000E+01  0.7656438467E+00 
 2008  2550    4  0.7666500000E+01  0.5102261753E+00 
 2008  2556    4  0.7811750000E+01  0.4134860185E+00 
 2008  2562    4  0.5198750000E+01  0.4670713944E+00 
 2008  2568    4  0.3937250000E+01  0.5783642343E+00 
 2008  2574    4  0.4355750000E+01  0.2980942594E+00 
 2008  2580    4  0.4804250000E+01  0.3005231896E+00 
 2008  2586    4  0.2395250000E+01  0.2301481860E+00 
 2008  2592    4  0.1783000000E+01  0.4261062074E+00 
 2008  2598    4  0.2877500000E+01  0.2397441344E+00 
 2008  2604    4  0.4915500000E+01  0.4290049534E+00 
 2008  2610    4  0.4054500000E+01  0.2984907871E+00 
 2008  2616    4  0.4928750000E+01  0.4730075977E+00 
 2008  2622    4  0.7337750000E+01  0.7467035473E+00 
 2008  2628    4  0.8595750000E+01  0.8266363696E+00 
 2008  2634    4  0.4363500000E+01  0.4829381430E+00 
 2008  2640    4  0.2316000000E+01  0.6306512507E+00 
 2008  2646    4  0.5074250000E+01  0.8900905502E+00 
 2008  2652    4  0.6421000000E+01  0.7270691164E+00 
 2008  2658    4  0.2925250000E+01  0.6629484803E+00 
 2008  2664    4  0.2040750000E+01  0.8242558386E+00 
 2008  2670    4  0.6090500000E+01  0.7855165498E+00 
 2008  2676    4  0.8251750000E+01  0.6640133188E+00 
 2008  2682    4  0.3863250000E+01  0.6514232015E+00 
 2008  2688    4  0.1308750000E+01  0.8217729264E+00 
 2008  2694    4  0.4289500000E+01  0.6093654486E+00 
 2008  2700    4  0.6243500000E+01  0.5806774061E+00 
 2008  2706    4  0.1317800000E+01  0.6559484888E+00 
 2008  2712    4  -0.1559335000E+01  0.1204346948E+01 
 2008  2718    4  0.2666750000E+01  0.7304629953E+00 
 2008  2724    4  0.7487000000E+01  0.1156266189E+01 
 2008  2730    4  0.3672500000E+01  0.5753435930E+00 
 2008  2736    4  0.6018750000E+00  0.1225787856E+01 
 2008  2742    4  0.4814000000E+01  0.1099560139E+01 
 2008  2748    4  0.8394750000E+01  0.8702696062E+00 
 2008  2754    4  0.3479250000E+01  0.9219900691E+00 
 2008  2760    4  -0.8653500000E+00  0.1107759248E+01 
 2008  2766    4  0.1890750000E+01  0.6765542754E+00 
 2008  2772    4  0.5307750000E+01  0.5054994436E+00 
 2008  2778    4  0.2375750000E+01  0.4026874563E+00 
 2008  2784    4  -0.1291000000E+00  0.8586115012E+00 
 2008  2790    4  0.2558000000E+01  0.6124291796E+00 
 2008  2796    4  0.5993500000E+01  0.7127694227E+00 
 2008  2802    4  0.4751000000E+01  0.2667929909E+00 
 2008  2808    4  0.2999750000E+01  0.5202823152E+00 
 2008  2814    4  0.4341000000E+01  0.6541448616E+00 
 2008  2820    4  0.5323000000E+01  0.3547055117E+00 
 2008  2826    4  0.3234000000E+01  0.2097295878E+00 
 2008  2832    4  0.1094175000E+01  0.5648870081E+00 
 2008  2838    4  0.2595750000E+01  0.4909945901E+00 
 2008  2844    4  0.4806000000E+01  0.6388059173E+00 
 2008  2850    4  0.2741000000E+01  0.5069832344E+00 
 2008  2856    4  0.1164500000E+01  0.6987922223E+00 
 2008  2862    4  0.2157000000E+01  0.1778243515E+00 
 2008  2868    4  0.8781500000E+00  0.7270312425E+00 
 2008  2874    4  -0.1709750000E+01  0.4833996147E+00 
 2008  2880    4  -0.2482500000E+01  0.2155521979E+00 
 2008  2886    4  -0.5390000000E+00  0.3319051898E+00 
 2008  2892    4  0.2272000000E+01  0.5665770027E+00 
 2008  2898    4  0.1204700000E+01  0.2127293351E+00 
 2008  2904    4  0.8604250000E+00  0.9741174118E+00 
 2008  2910    4  0.5355250000E+01  0.6649659296E+00 
 2008  2916    4  0.8471250000E+01  0.8473908116E+00 
 2008  2922    4  0.5576750000E+01  0.5795646534E+00 
 2008  2928    4  0.2777750000E+01  0.8776606334E+00 
 2008  2934    4  0.4446000000E+01  0.4969874244E+00 
 2008  2940    4  0.6448500000E+01  0.5113328173E+00 
 2008  2946    4  0.3245750000E+01  0.4741346723E+00 
 2008  2952    4  0.1283090000E+01  0.1033813025E+01 
 2008  2958    4  0.4389500000E+01  0.2035393082E+00 
 2008  2964    4  0.5571750000E+01  0.6521604001E+00 
 2008  2970    4  0.6222500000E+00  0.8185682638E+00 
 2008  2976    4  0.4537500000E-01  0.1005804798E+01 
 2008  2982    4  0.5123250000E+01  0.3319882340E+00 
 2008  2988    4  0.8492750000E+01  0.5127603607E+00 
 2008  2994    4  0.5363250000E+01  0.5665396610E+00 
 2008  3000    4  0.2857250000E+01  0.9469773955E+00 
 2008  3006    4  0.5117250000E+01  0.3835611913E+00 
 2008  3012    4  0.7529250000E+01  0.7106990836E+00 
 2008  3018    4  0.3476000000E+01  0.5246212920E+00 
 2008  3024    4  0.1112252500E+01  0.8683062408E+00 
 2008  3030    4  0.3697250000E+01  0.5632967136E+00 
 2008  3036    4  0.6765000000E+01  0.4897841361E+00 
 2008  3042    4  0.4358500000E+01  0.4621777256E+00 
 2008  3048    4  0.1455600000E+01  0.1008030984E+01 
 2008  3054    4  0.3376500000E+01  0.3327555409E+00 
 2008  3060    4  0.6899750000E+01  0.7601451753E+00 
 2008  3066    4  0.3084250000E+01  0.7588449693E+00 
 2008  3072    4  -0.2655750000E+00  0.1229419347E+01 
 2008  3078    4  0.3180000000E+01  0.8221870225E+00 
 2008  3084    4  0.7990000000E+01  0.9618900665E+00 
 2008  3090    4  0.5315750000E+01  0.5623919341E+00 
 2008  3096    4  0.3815750000E+01  0.9003900197E+00 
 2008  3102    4  0.8008000000E+01  0.1048588337E+01 
 2008  3108    4  0.1129000000E+02  0.1040264389E+01 
 2008  3114    4  0.5994500000E+01  0.6697796279E+00 
 2008  3120    4  0.1775950000E+01  0.9528430130E+00 
 2008  3126    4  0.3240500000E+01  0.6369589861E+00 
 2008  3132    4  0.6216250000E+01  0.7474752086E+00 
 2008  3138    4  0.3456750000E+01  0.3578410087E+00 
 2008  3144    4  0.8560250000E+00  0.9030317834E+00 
 2008  3150    4  0.4282250000E+01  0.6473821804E+00 
 2008  3156    4  0.9201500000E+01  0.9985265395E+00 
 2008  3162    4  0.6200750000E+01  0.6551909550E+00 
 2008  3168    4  0.1106400000E+01  0.1430441044E+01 
 2008  3174    4  0.2231750000E+01  0.6692870741E+00 
 2008  3180    4  0.5970250000E+01  0.8951780200E+00 
 2008  3186    4  0.2983000000E+01  0.5788052349E+00 
 2008  3192    4  0.3068250000E+00  0.1273716763E+01 
 2008  3198    4  0.4365750000E+01  0.8319529359E+00 
 2008  3204    4  0.9840000000E+01  0.8383781963E+00 
 2008  3210    4  0.6900000000E+01  0.4135528987E+00 
 2008  3216    4  0.3084500000E+01  0.1273114783E+01 
 2008  3222    4  0.4382000000E+01  0.6523227729E+00 
 2008  3228    4  0.8092000000E+01  0.6082783080E+00 
 2008  3234    4  0.4967000000E+01  0.3595309444E+00 
 2008  3240    4  0.1143975000E+01  0.1022611990E+01 
 2008  3246    4  0.2061000000E+01  0.7110791095E+00 
 2008  3252    4  0.5878500000E+01  0.6387027869E+00 
 2008  3258    4  0.4678500000E+01  0.3319009641E+00 
 2008  3264    4  0.1856100000E+01  0.1130457797E+01 
 2008  3270    4  0.3996250000E+01  0.8895356584E+00 
 2008  3276    4  0.8234500000E+01  0.9410851449E+00 
 2008  3282    4  0.5445500000E+01  0.5368698632E+00 
 2008  3288    4  0.1272675000E+01  0.1330213764E+01 
 2008  3294    4  0.3604750000E+01  0.9472624702E+00 
 2008  3300    4  0.7432750000E+01  0.7787982329E+00 
 2008  3306    4  0.3818250000E+01  0.6757378837E+00 
 2008  3312    4  -0.3360000000E+00  0.1289604133E+01 
 2008  3318    4  0.9251250000E+00  0.1342694666E+01 
 2008  3324    4  0.1973975000E+01  0.1174519179E+01 
 2008  3330    4  -0.1718250000E+01  0.4382741009E+00 
 2008  3336    4  -0.7079250000E+01  0.2049790889E+01 
 2008  3342    4  -0.5076500000E+01  0.9763258933E+00 
 2008  3348    4  0.1031000000E+00  0.1448135225E+01 
 2008  3354    4  -0.9978600000E+00  0.8503936540E+00 
 2008  3360    4  -0.2100050000E+01  0.1239105083E+01 
 2008  3366    4  0.3315000000E+01  0.1248307855E+01 
 2008  3372    4  0.8641750000E+01  0.1213206985E+01 
 2008  3378    4  0.5907750000E+01  0.7526467880E+00 
 2008  3384    4  0.7110000000E-01  0.8651909009E+00 
 2008  3390    4  0.1117425000E+01  0.3575357771E+00 
 2008  3396    4  0.3952250000E+01  0.1025454869E+01 
 2008  3402    4  0.5987325000E+00  0.6147308887E+00 
 2008  3408    4  -0.7497500000E+00  0.9529792980E+00 
 2008  3414    4  0.3364000000E+01  0.1037083651E+01 
 2008  3420    4  0.5212250000E+01  0.5594154874E+00 
 2008  3426    4  0.2320750000E+01  0.7903743970E+00 
 2008  3432    4  0.1125350000E+01  0.3574498951E+00 
 2008  3438    4  0.2627750000E+01  0.3778586872E+00 
 2008  3444    4  0.2934500000E+01  0.5571685113E+00 
 2008  3450    4  -0.8952000000E+00  0.4882385278E+00 
 2008  3456    4  -0.2684500000E+01  0.8273743107E+00 
 2008  3462    4  0.1581250000E+01  0.5321096574E+00 
 2008  3468    4  0.4228750000E+01  0.8875506676E+00 
 2008  3474    4  0.1201450000E+01  0.6643191609E+00 
 2008  3480    4  -0.7300000000E-02  0.4534615585E+00 
 2008  3486    4  0.3443000000E+01  0.5297381429E+00 
 2008  3492    4  0.5158500000E+01  0.8245133413E+00 
 2008  3498    4  0.1553900000E+01  0.7644214512E+00 
 2008  3504    4  -0.1309375000E+01  0.7853253605E+00 
 2008  3510    4  0.1843500000E+01  0.2564775819E+00 
 2008  3516    4  0.4663500000E+01  0.6425178986E+00 
 2008  3522    4  0.1722250000E+01  0.5672254292E+00 
 2008  3528    4  -0.9386500000E+00  0.1268345248E+01 
 2008  3534    4  0.7611500000E+00  0.3900429367E+00 
 2008  3540    4  0.2453250000E+01  0.5228907032E+00 
 2008  3546    4  -0.6823100000E+00  0.8974041499E+00 
 2008  3552    4  -0.3361000000E+01  0.1207506315E+01 
 2008  3558    4  -0.7484000000E+00  0.2287236433E+00 
 2008  3564    4  0.2435750000E+01  0.7313290556E+00 
 2008  3570    4  -0.8439500000E+00  0.7889964211E+00 
 2008  3576    4  -0.4091000000E+01  0.1641061394E+01 
 2008  3582    4  -0.1472275000E+01  0.5196978227E+00 
 2008  3588    4  0.1673425000E+01  0.8041448202E+00 
 2008  3594    4  -0.1726175000E+01  0.1042269836E+01 
 2008  3600    4  -0.5443250000E+01  0.1928944579E+01 
 2008  3606    4  -0.1921250000E+01  0.4330458261E+00 
 2008  3612    4  0.3582500000E+01  0.1386806493E+01 
 2008  3618    4  0.8216500000E+00  0.1103377119E+01 
 2008  3624    4  -0.2969700000E+01  0.1550291382E+01 
 2008  3630    4  0.1236950000E+01  0.8492276329E+00 
 2008  3636    4  0.5680000000E+01  0.1681686653E+01 
 2008  3642    4  -0.1022500000E-01  0.1137203404E+01 
 2008  3648    4  -0.5058500000E+01  0.1013444004E+01 
 2008  3654    4  -0.1743450000E+01  0.9156024287E+00 
 2008  3660    4  0.3551500000E+01  0.1326623628E+01 
 2008  3666    4  0.9692900000E+00  0.6655026464E+00 
 2008  3672    4  -0.2140250000E+01  0.8950305512E+00 
 2008  3678    4  0.4063835000E+00  0.6301335663E+00 
 2008  3684    4  0.4643750000E+01  0.1114991340E+01 
 2008  3690    4  0.7840750000E+00  0.7241145364E+00 
 2008  3696    4  -0.4299500000E+01  0.1222430877E+01 
 2008  3702    4  -0.1754575000E+01  0.7054918085E+00 
 2008  3708    4  0.4268500000E+01  0.1163065884E+01 
 2008  3714    4  0.2352000000E+01  0.5287300824E+00 
 2008  3720    4  -0.1278975000E+01  0.1258635214E+01 
 2008  3726    4  0.1704025000E+01  0.9289411186E+00 
 2008  3732    4  0.5929250000E+01  0.1164277968E+01 
 2008  3738    4  0.2715500000E+01  0.6120876163E+00 
 2008  3744    4  -0.9041500000E+00  0.1013445683E+01 
 2008  3750    4  0.1242250000E+01  0.5842315530E+00 
 2008  3756    4  0.4737750000E+01  0.6471940880E+00 
 2008  3762    4  0.2729250000E+01  0.3167730852E+00 
 2008  3768    4  0.5283575000E+00  0.7952910410E+00 
 2008  3774    4  0.2065250000E+01  0.4940346015E+00 
 2008  3780    4  0.5493750000E+01  0.3211575743E+00 
 2008  3786    4  0.5195500000E+01  0.2333671999E+00 
 2008  3792    4  0.4426250000E+01  0.9529009327E+00 
 2008  3798    4  0.7312000000E+01  0.6924077556E+00 
 2008  3804    4  0.1043250000E+02  0.5595254686E+00 
 2008  3810    4  0.7036500000E+01  0.3537834790E+00 
 2008  3816    4  0.2424475000E+01  0.1280517523E+01 
 2008  3822    4  0.2381500000E+01  0.5143444857E+00 
 2008  3828    4  0.3978500000E+01  0.4040856964E+00 
 2008  3834    4  0.2252750000E+01  0.5663776898E+00 
 2008  3840    4  0.1739175000E+01  0.1179154545E+01 
 2008  3846    4  0.6572750000E+01  0.8137562212E+00 
 2008  3852    4  0.1198250000E+02  0.8197065024E+00 
 2008  3858    4  0.1051250000E+02  0.4158951190E+00 
 2008  3864    4  0.6334500000E+01  0.1228254351E+01 
 2008  3870    4  0.5850000000E+01  0.6597097847E+00 
 2008  3876    4  0.5979750000E+01  0.4027439478E+00 
 2008  3882    4  0.7615375000E+00  0.7852082234E+00 
 2008  3888    4  -0.3145000000E+01  0.1609094466E+01 
 2008  3894    4  0.4421750000E+00  0.7435045002E+00 
 2008  3900    4  0.6794250000E+01  0.5814965069E+00 
 2008  3906    4  0.6350500000E+01  0.4490893564E+00 
 2008  3912    4  0.6413000000E+01  0.1273400369E+01 
 2008  3918    4  0.8720500000E+01  0.7611604627E+00 
 2008  3924    4  0.9156500000E+01  0.3928997964E+00 
 2008  3930    4  0.3419500000E+01  0.7813208368E+00 
 2008  3936    4  -0.7338000000E+00  0.1253996948E+01 
 2008  3942    4  0.8178250000E+00  0.7017683819E+00 
 2008  3948    4  0.3880250000E+01  0.3033095572E+00 
 2008  3954    4  0.1372205000E+01  0.1045013089E+01 
 2008  3960    4  0.9695850000E+00  0.1366069108E+01 
 2008  3966    4  0.4810250000E+01  0.5815725986E+00 
 2008  3972    4  0.5741750000E+01  0.6164731847E+00 
 2008  3978    4  0.1024950000E+01  0.1124186954E+01 
 2008  3984    4  -0.1031052500E+01  0.1273979817E+01 
 2008  3990    4  0.3349000000E+01  0.3738509061E+00 
 2008  3996    4  0.8532000000E+01  0.6650402243E+00 
 2008  4002    4  0.5714750000E+01  0.5466083493E+00 
 2008  4008    4  0.4134750000E+01  0.1583391356E+01 
 2008  4014    4  0.8374500000E+01  0.1370456585E+01 
 2008  4020    4  0.1111750000E+02  0.1035504104E+01 
 2008  4026    4  0.5040000000E+01  0.8856706498E+00 
 2008  4032    4  0.1420325000E+01  0.1133782654E+01 
 2008  4038    4  0.4618000000E+01  0.9354220972E+00 
 2008  4044    4  0.7835250000E+01  0.8140627663E+00 
 2008  4050    4  0.3424250000E+01  0.5123486972E+00 
 2008  4056    4  0.1544225000E+01  0.1154396943E+01 
 2008  4062    4  0.5382750000E+01  0.9325013070E+00 
 2008  4068    4  0.9111250000E+01  0.6345007388E+00 
 2008  4074    4  0.5615750000E+01  0.4597153331E+00 
 2008  4080    4  0.2275500000E+01  0.1022715625E+01 
 2008  4086    4  0.4119000000E+01  0.8508046192E+00 
 2008  4092    4  0.5878000000E+01  0.3373240282E+00 
 2008  4098    4  0.1472300000E+01  0.8410786943E+00 
 2008  4104    4  -0.2053725000E+01  0.1982021982E+01 
 2008  4110    4  -0.2648475000E+01  0.1521031041E+01 
 2008  4116    4  -0.2313500000E+01  0.6213101078E+00 
 2008  4122    4  -0.7139500000E+01  0.8891407369E+00 
 2008  4128    4  -0.1167750000E+02  0.2621339114E+01 
 2008  4134    4  -0.1098350000E+02  0.1495782989E+01 
 2008  4140    4  -0.5540000000E+01  0.6087565195E+00 
 2008  4146    4  -0.4837000000E+01  0.1224643826E+01 
 2008  4152    4  -0.7634750000E+01  0.2362624110E+01 
 2008  4158    4  -0.4518750000E+01  0.5967676998E+00 
 2008  4164    4  0.1699375000E+01  0.1230898047E+01 
 2008  4170    4  -0.4703000000E+00  0.1407133956E+01 
 2008  4176    4  -0.5556500000E+01  0.2116358488E+01 
 2008  4182    4  -0.1822250000E+01  0.2763217101E+00 
 2008  4188    4  0.4643500000E+01  0.1363860055E+01 
 2008  4194    4  0.4358500000E+01  0.1018078951E+01 
 2008  4200    4  0.1801650000E+01  0.7587663458E+00 
 2008  4206    4  0.3745250000E+01  0.4325663966E+00 
 2008  4212    4  0.7018250000E+01  0.1198663083E+01 
 2008  4218    4  0.2124825000E+01  0.7649110680E+00 
 2008  4224    4  -0.3962250000E+01  0.1648471318E+01 
 2008  4230    4  -0.1602500000E+01  0.3712522727E+00 
 2008  4236    4  0.3509000000E+01  0.1084454241E+01 
 2008  4242    4  0.2693000000E+01  0.7394815752E+00 
 2008  4248    4  0.9804850000E+00  0.6665458436E+00 
 2008  4254    4  0.4530250000E+01  0.4380995178E+00 
 2008  4260    4  0.9274750000E+01  0.9677616894E+00 
 2008  4266    4  0.4830000000E+01  0.5797016474E+00 
 2008  4272    4  -0.4122450000E+00  0.1479632869E+01 
 2008  4278    4  0.2432500000E+01  0.5532958070E+00 
 2008  4284    4  0.6654750000E+01  0.8684305888E+00 
 2008  4290    4  0.4364000000E+01  0.5373699843E+00 
 2008  4296    4  0.2408500000E+01  0.8431911112E+00 
 2008  4302    4  0.5754250000E+01  0.8396780261E+00 
 2008  4308    4  0.1028125000E+02  0.7682966143E+00 
 2008  4314    4  0.8600500000E+01  0.3073536237E+00 
 2008  4320    4  0.5941500000E+01  0.1098804009E+01 
 2008  4326    4  0.8253250000E+01  0.9398234874E+00 
 2008  4332    4  0.1143000000E+02  0.8738420910E+00 
 2008  4338    4  0.8357750000E+01  0.3749882498E+00 
 2008  4344    4  0.5045000000E+01  0.1134685639E+01 
 2008  4350    4  0.6505500000E+01  0.7636741779E+00 
 2008  4356    4  0.8390500000E+01  0.4420183820E+00 
 2008  4362    4  0.4945750000E+01  0.5820495576E+00 
 2008  4368    4  0.2841500000E+01  0.1443181295E+01 
 2008  4374    4  0.6371500000E+01  0.8917299199E+00 
 2008  4380    4  0.8685250000E+01  0.3735066097E+00 
 2008  4386    4  0.3625000000E+01  0.9530417095E+00 
 2008  4392    4  0.6245000000E+00  0.1533833351E+01 
 2008  4398    4  0.2344250000E+01  0.4857727735E+00 
 2008  4404    4  0.3509500000E+01  0.4642792802E+00 
 2008  4410    4  -0.2527750000E+00  0.6432107445E+00 
 2008  4416    4  -0.2025200000E+01  0.1251057041E+01 
 2008  4422    4  -0.4520150000E+00  0.6197834805E+00 
 2008  4428    4  0.3325500000E+01  0.4400093749E+00 
 2008  4434    4  0.2286250000E+01  0.2252080982E+00 
 2008  4440    4  0.7481500000E+00  0.1106206456E+01 
 2008  4446    4  0.1831750000E+01  0.4576747617E+00 
 2008  4452    4  0.4009750000E+01  0.7146738329E+00 
 2008  4458    4  0.4941900000E+00  0.4294528837E+00 
 2008  4464    4  -0.2132050000E+01  0.1011090702E+01 
 2008  4470    4  0.2460000000E+00  0.5206780675E+00 
 2008  4476    4  0.4464500000E+01  0.7581617571E+00 
 2008  4482    4  0.2953000000E+01  0.1858399849E+00 
 2008  4488    4  0.2109500000E+01  0.7009010272E+00 
 2008  4494    4  0.4777500000E+01  0.5112790334E+00 
 2008  4500    4  0.6624500000E+01  0.4359899655E+00 
 2008  4506    4  0.3192500000E+01  0.5047328501E+00 
 2008  4512    4  -0.7082000000E+00  0.8912791342E+00 
 2008  4518    4  -0.6914300000E+00  0.4580329810E+00 
 2008  4524    4  0.1193725000E+01  0.1518720740E+00 
 2008  4530    4  -0.2062750000E+01  0.5089068554E+00 
 2008  4536    4  -0.5731750000E+01  0.1835234369E+01 
 2008  4542    4  -0.5707000000E+01  0.1398705652E+01 
 2008  4548    4  -0.6038750000E+01  0.1279947728E+01 
 2008  4554    4  -0.9942500000E+01  0.1777636282E+01 
 2008  4560    4  -0.1221075000E+02  0.2108553221E+01 
 2008  4566    4  -0.1027800000E+02  0.2217969454E+01 
 2008  4572    4  -0.5343000000E+01  0.7313443102E+00 
 2008  4578    4  -0.2296750000E+01  0.6774892527E+00 
 2008  4584    4  -0.1285500000E+01  0.1361250987E+01 
 2008  4590    4  0.2625250000E+01  0.1230170212E+00 
 2008  4596    4  0.6899250000E+01  0.1194437394E+01 
 2008  4602    4  0.4859750000E+01  0.9525968127E+00 
 2008  4608    4  0.1179125000E+01  0.9501241060E+00 
 2008  4614    4  0.9137250000E+00  0.5529273251E+00 
 2008  4620    4  0.3142500000E+01  0.8540182961E+00 
 2008  4626    4  0.1260600000E+01  0.4483482798E+00 
 2008  4632    4  0.5136975000E+00  0.7227526628E+00 
 2008  4638    4  0.5491250000E+01  0.9012958379E+00 
 2008  4644    4  0.1064575000E+02  0.1166284351E+01 
 2008  4650    4  0.8333500000E+01  0.3545155145E+00 
 2008  4656    4  0.5309000000E+01  0.8993631080E+00 
 2008  4662    4  0.5583750000E+01  0.6949972572E+00 
 2008  4668    4  0.4909500000E+01  0.3294157707E+00 
 2008  4674    4  0.3452500000E-01  0.6574100560E+00 
 2008  4680    4  -0.9728500000E+00  0.9320286704E+00 
 2008  4686    4  0.3070750000E+01  0.5995041180E+00 
 2008  4692    4  0.7494500000E+01  0.5052412790E+00 
 2008  4698    4  0.7299250000E+01  0.5368576976E+00 
 2008  4704    4  0.6310750000E+01  0.9450162366E+00 
 2008  4710    4  0.6596250000E+01  0.6378057600E+00 
 2008  4716    4  0.5031250000E+01  0.2322201272E+00 
 2008  4722    4  -0.9929000000E+00  0.9201351178E+00 
 2008  4728    4  -0.3604500000E+01  0.1358720998E+01 
 2008  4734    4  -0.2243750000E+01  0.6383844355E+00 
 2008  4740    4  -0.7450000000E-02  0.1959483924E+00 
 2008  4746    4  -0.4937575000E+00  0.3849280581E+00 
 2008  4752    4  0.6744900000E+00  0.5281541454E+00 
 2008  4758    4  0.4314250000E+01  0.6551035701E+00 
 2008  4764    4  0.6902750000E+01  0.4193467390E+00 
 2008  4770    4  0.4898500000E+01  0.3222114989E+00 
 2008  4776    4  0.3080250000E+01  0.7755647539E+00 
 2008  4782    4  0.3661250000E+01  0.5691205386E+00 
 2008  4788    4  0.3626000000E+01  0.1888306119E+00 
 2008  4794    4  0.1182650000E+01  0.4418878223E+00 
 2008  4800    4  0.7421825000E+00  0.8392751998E+00 
 2008  4806    4  0.4619000000E+01  0.8273578428E+00 
 2008  4812    4  0.7809500000E+01  0.6718889417E+00 
 2008  4818    4  0.5666500000E+01  0.3971136487E+00 
 2008  4824    4  0.4590000000E+01  0.8761249911E+00 
 2008  4830    4  0.7154250000E+01  0.1020281916E+01 
 2008  4836    4  0.8459000000E+01  0.5260541797E+00 
 2008  4842    4  0.4282250000E+01  0.4564407820E+00 
 2008  4848    4  0.6615500000E+00  0.1100346903E+01 
 2008  4854    4  0.1470300000E+01  0.7777515477E+00 
 2008  4860    4  0.2684750000E+01  0.5047288257E+00 
 2008  4866    4  -0.9450500000E+00  0.1303041691E+01 
 2008  4872    4  -0.2178625000E+01  0.1634533267E+01 
 2008  4878    4  -0.4607500000E+00  0.1107559103E+01 
 2008  4884    4  0.1105650000E+01  0.4695553721E+00 
 2008  4890    4  -0.1239700000E+01  0.5381813542E+00 
 2008  4896    4  -0.3820750000E+01  0.1177686371E+01 
 2008  4902    4  -0.2105250000E+01  0.4808686801E+00 
 2008  4908    4  -0.2064000000E+01  0.1599921873E+00 
 2008  4914    4  -0.7614750000E+01  0.1711784650E+01 
 2008  4920    4  -0.1331750000E+02  0.2184460746E+01 
 2008  4926    4  -0.1197250000E+02  0.9383862478E+00 
 2008  4932    4  -0.7052750000E+01  0.5501019792E+00 
 2008  4938    4  -0.4664000000E+01  0.5458676580E+00 
 2008  4944    4  -0.4116750000E+01  0.9828441827E+00 
 2008  4950    4  -0.4884750000E+00  0.4760841752E+00 
 2008  4956    4  0.2868500000E+01  0.1037899441E+01 
 2008  4962    4  -0.1469000000E+01  0.9552047974E+00 
 2008  4968    4  -0.7311000000E+01  0.1428315966E+01 
 2008  4974    4  -0.6374000000E+01  0.2497849075E+00 
 2008  4980    4  -0.1231300000E+01  0.1159190153E+01 
 2008  4986    4  -0.2437500000E-01  0.3638621262E+00 
 2008  4992    4  0.3228500000E+01  0.5174091708E+00 
 2008  4998    4  0.8158250000E+01  0.1172189484E+01 
 2008  5004    4  0.1075750000E+02  0.7405867606E+00 
 2008  5010    4  0.5900250000E+01  0.4505221276E+00 
 2008  5016    4  -0.4668500000E+00  0.6703034033E+00 
 2008  5022    4  -0.3687750000E+01  0.5896237678E+00 
 2008  5028    4  -0.4115250000E+01  0.3592418231E+00 
 2008  5034    4  -0.7554250000E+01  0.8423771053E+00 
 2008  5040    4  -0.8496750000E+01  0.1994775222E+01 
 2008  5046    4  -0.5155500000E+01  0.1100228272E+01 
 2008  5052    4  -0.5198000000E+00  0.1526231142E+00 
 2008  5058    4  -0.9074250000E+00  0.3877554795E+00 
 2008  5064    4  -0.3526250000E+01  0.1214437601E+01 
 2008  5070    4  -0.1775700000E+01  0.5434511662E+00 
 2008  5076    4  0.3338500000E+01  0.1019114935E+01 
 2008  5082    4  0.2686500000E+01  0.2697077122E+00 
 2008  5088    4  0.2302750000E+01  0.6364268909E+00 
 2008  5094    4  0.5185250000E+01  0.9070690092E+00 
 2008  5100    4  0.7834000000E+01  0.6464104733E+00 
 2008  5106    4  0.4448750000E+01  0.3032815317E+00 
 2008  5112    4  0.1199400000E+01  0.7508006260E+00 
 2008  5118    4  0.1722000000E+01  0.4324274506E+00 
 2008  5124    4  0.2992500000E+01  0.2817379101E+00 
 2008  5130    4  0.5858000000E+00  0.2346201718E+00 
 2008  5136    4  -0.8874500000E+00  0.8453677587E+00 
 2008  5142    4  0.1987500000E+01  0.6723427325E+00 
 2008  5148    4  0.5384250000E+01  0.6481540615E+00 
 2008  5154    4  0.3993750000E+01  0.3085112437E+00 
 2008  5160    4  0.1372625000E+01  0.1033655577E+01 
 2008  5166    4  0.2102350000E+01  0.8373997059E+00 
 2008  5172    4  0.3636250000E+01  0.4541582186E+00 
 2008  5178    4  0.1213275000E+01  0.3932233804E+00 
 2008  5184    4  -0.3491000000E+00  0.1150107834E+01 
 2008  5190    4  0.3573250000E+01  0.9317092827E+00 
 2008  5196    4  0.7049750000E+01  0.7511326031E+00 
 2008  5202    4  0.3955500000E+01  0.4666484223E+00 
 2008  5208    4  0.5895250000E+00  0.1065227209E+01 
 2008  5214    4  0.1946350000E+01  0.7544283051E+00 
 2008  5220    4  0.3885000000E+01  0.2500609926E+00 
 2008  5226    4  0.3201500000E+00  0.6650542027E+00 
 2008  5232    4  -0.4156500000E+01  0.1819345830E+01 
 2008  5238    4  -0.5656250000E+01  0.1529619785E+01 
 2008  5244    4  -0.4444250000E+01  0.5061849341E+00 
 2008  5250    4  -0.6660250000E+01  0.6990677274E+00 
 2008  5256    4  -0.8139500000E+01  0.1880906763E+01 
 2008  5262    4  -0.5285000000E+01  0.4294962165E+00 
 2008  5268    4  -0.1229025000E+01  0.8433358239E+00 
 2008  5274    4  -0.3511750000E+01  0.9563862648E+00 
 2008  5280    4  -0.4583500000E+01  0.1126000111E+01 
 2008  5286    4  -0.2415250000E+01  0.2579121701E+00 
 2008  5292    4  0.1003200000E+01  0.9717895142E+00 
 2008  5298    4  -0.7699000000E+00  0.3150638586E+00 
 2008  5304    4  -0.1458525000E+01  0.8427702693E+00 
 2008  5310    4  0.2633250000E+01  0.5762791750E+00 
 2008  5316    4  0.6057250000E+01  0.1081334216E+01 
 2008  5322    4  0.3219500000E+01  0.3819852746E+00 
 2008  5328    4  0.1375400000E+01  0.5729543961E+00 
 2008  5334    4  0.1962250000E+01  0.4774282014E+00 
 2008  5340    4  0.1876750000E+01  0.4926024640E+00 
 2008  5346    4  -0.8857000000E+00  0.2005834240E+00 
 2008  5352    4  -0.2536250000E+01  0.1196476154E+01 
 2008  5358    4  -0.2460875000E+01  0.1390320843E+01 
 2008  5364    4  -0.1588350000E+01  0.5132702675E+00 
 2008  5370    4  -0.2824750000E+01  0.1815507849E+00 
 2008  5376    4  -0.3829500000E+01  0.1546484481E+01 
 2008  5382    4  -0.1273150000E+01  0.3779238911E+00 
 2008  5388    4  0.2435525000E+01  0.1192901223E+01 
 2008  5394    4  0.1877750000E+01  0.4173855382E+00 
 2008  5400    4  0.2705500000E+01  0.3793379100E+00 
 2008  5406    4  0.4070500000E+01  0.5877101752E+00 
 2008  5412    4  0.6514000000E+01  0.6394493725E+00 
 2008  5418    4  0.3711500000E+01  0.2946850013E+00 
 2008  5424    4  0.6775000000E+00  0.8891430678E+00 
 2008  5430    4  0.2179000000E+01  0.1945828872E+00 
 2008  5436    4  0.4543500000E+01  0.8491921161E+00 
 2008  5442    4  0.2747000000E+01  0.2168248141E+00 
 2008  5448    4  0.1888275000E+01  0.8086127793E+00 
 2008  5454    4  0.3562000000E+01  0.7033615713E+00 
 2008  5460    4  0.5285750000E+01  0.2729838594E+00 
 2008  5466    4  0.2858250000E+01  0.2132467761E+00 
 2008  5472    4  -0.1464875000E+01  0.1313166352E+01 
 2008  5478    4  -0.3165500000E+01  0.1744368439E+01 
 2008  5484    4  -0.8759750000E+00  0.9102171101E-01 
 2008  5490    4  -0.2253750000E+01  0.1639029820E+00 
 2008  5496    4  -0.6213250000E+01  0.2392132874E+01 
 2008  5502    4  -0.4922000000E+01  0.1178219419E+01 
 2008  5508    4  0.5331750000E+00  0.1034351271E+01 
 2008  5514    4  0.8971375000E+00  0.6092999727E+00 
 2008  5520    4  -0.1627675000E+01  0.1420759592E+01 
 2008  5526    4  -0.2444500000E+01  0.7168770815E+00 
 2008  5532    4  -0.1590325000E+01  0.7732867947E+00 
 2008  5538    4  -0.4421750000E+01  0.9129228815E+00 
 2008  5544    4  -0.7868000000E+01  0.1203245611E+01 
 2008  5550    4  -0.5908750000E+01  0.5861174690E+00 
 2008  5556    4  0.2202050000E+01  0.1358492807E+01 
 2008  5562    4  0.6424500000E+01  0.7847580837E+00 
 2008  5568    4  0.9046750000E+01  0.2502662332E+00 
 2008  5574    4  0.1304250000E+02  0.1169452329E+01 
 2008  5580    4  0.1514000000E+02  0.1195303309E+01 
 2008  5586    4  0.8220750000E+01  0.7123778404E+00 
 2008  5592    4  -0.2124275000E+00  0.1040953836E+01 
 2008  5598    4  -0.9997750000E+00  0.7113276684E+00 
 2008  5604    4  0.3174000000E+01  0.8036513548E+00 
 2008  5610    4  0.1874750000E+01  0.1298872107E+00 
 2008  5616    4  0.5009250000E+00  0.1312993285E+01 
 2008  5622    4  0.3991000000E+01  0.1417810812E+01 
 2008  5628    4  0.4619500000E+01  0.1345790195E+01 
 2008  5634    4  -0.6396500000E+00  0.1387329654E+01 
 2008  5640    4  -0.8272250000E+01  0.2822415400E+01 
 2008  5646    4  -0.1284650000E+02  0.2564278992E+01 
 2008  5652    4  -0.1174750000E+02  0.5597488276E+00 
 2008  5658    4  -0.1050650000E+02  0.6590802303E+00 
 2008  5664    4  -0.5926000000E+01  0.1353657084E+01 
 2008  5670    4  0.5752250000E+01  0.1384952233E+01 
 2008  5676    4  0.1702000000E+02  0.1892630445E+01 
 2008  5682    4  0.1804500000E+02  0.1036641211E+01 
 2008  5688    4  0.1109000000E+02  0.7246723398E+00 
 2008  5694    4  0.5892750000E+01  0.5923885444E+00 
 2008  5700    4  0.4478750000E+01  0.7123462553E+00 
 2008  5706    4  0.5088750000E+00  0.6145209125E+00 
 2008  5712    4  -0.1326525000E+01  0.1107063023E+01 
 2008  5718    4  0.5243500000E+01  0.1117436687E+01 
 2008  5724    4  0.1337750000E+02  0.1237323220E+01 
 2008  5730    4  0.1358000000E+02  0.6200000000E+00 
 2008  5736    4  0.1209750000E+02  0.1210049069E+01 
 2008  5742    4  0.1323250000E+02  0.1083267626E+01 
 2008  5748    4  0.1204000000E+02  0.4930010142E+00 
 2008  5754    4  0.4942250000E+01  0.7172330078E+00 
 2008  5760    4  0.9660450000E+00  0.1289162068E+01 
 2008  5766    4  0.3835250000E+01  0.9726058747E+00 
 2008  5772    4  0.8840500000E+01  0.6983890391E+00 
 2008  5778    4  0.9370750000E+01  0.7131238935E+00 
 2008  5784    4  0.1040700000E+02  0.1244580652E+01 
 2008  5790    4  0.1336750000E+02  0.1213638641E+01 
 2008  5796    4  0.1470500000E+02  0.6459682655E+00 
 2008  5802    4  0.9298500000E+01  0.6790318476E+00 
 2008  5808    4  0.4644500000E+01  0.1181309760E+01 
 2008  5814    4  0.4594500000E+01  0.1062259031E+01 
 2008  5820    4  0.6520750000E+01  0.6607236090E+00 
 2008  5826    4  0.6222750000E+01  0.5839355166E+00 
 2008  5832    4  0.6784500000E+01  0.1225428598E+01 
 2008  5838    4  0.9959750000E+01  0.1302499592E+01 
 2008  5844    4  0.1225000000E+02  0.6607949758E+00 
 2008  5850    4  0.8352750000E+01  0.7477922088E+00 
 2008  5856    4  0.4336750000E+01  0.1361032949E+01 
 2008  5862    4  0.5155000000E+01  0.1130870903E+01 
 2008  5868    4  0.7005750000E+01  0.6769067052E+00 
 2008  5874    4  0.5936250000E+01  0.7840951393E+00 
 2008  5880    4  0.6291750000E+01  0.1417790777E+01 
 2008  5886    4  0.9031500000E+01  0.8572346528E+00 
 2008  5892    4  0.1023350000E+02  0.4331359486E+00 
 2008  5898    4  0.6746250000E+01  0.7590419537E+00 
 2008  5904    4  0.3945000000E+01  0.8846603868E+00 
 2008  5910    4  0.4240000000E+01  0.9003529863E+00 
 2008  5916    4  0.5948250000E+01  0.7221701237E+00 
 2008  5922    4  0.4843750000E+01  0.5111552479E+00 
 2008  5928    4  0.3157500000E+01  0.1401781813E+01 
 2008  5934    4  0.3426500000E+01  0.1194573669E+01 
 2008  5940    4  0.5514500000E+01  0.6100043033E+00 
 2008  5946    4  0.4164500000E+01  0.2157376879E+00 
 2008  5952    4  0.1427487500E+01  0.1107944088E+01 
 2008  5958    4  0.3322750000E+00  0.9787485821E+00 
 2008  5964    4  0.2677750000E+01  0.4107495435E+00 
 2008  5970    4  0.2696750000E+01  0.4651066410E+00 
 2008  5976    4  0.2491500000E+01  0.7513083588E+00 
 2008  5982    4  0.2664750000E+01  0.4723914558E+00 
 2008  5988    4  0.2049750000E+01  0.2532255664E+00 
 2008  5994    4  0.3088100000E+00  0.4655734220E+00 
 2008  6000    4  0.1277200000E+01  0.5250849646E+00 
 2008  6006    4  0.3270750000E+01  0.5343357442E+00 
 2008  6012    4  0.3499250000E+01  0.2342203823E+00 
 2008  6018    4  0.1560025000E+01  0.4773738073E+00 
 2008  6024    4  0.1839125000E+01  0.7373276388E+00 
 2008  6030    4  0.4104500000E+01  0.6209921497E+00 
 2008  6036    4  0.4264000000E+01  0.2812498889E+00 
 2008  6042    4  0.2229500000E+01  0.4359188571E+00 
 2008  6048    4  0.1531950000E+01  0.7837713618E+00 
 2008  6054    4  0.1708375000E+01  0.1005611094E+01 
 2008  6060    4  0.2058750000E+01  0.6132390949E+00 
 2008  6066    4  0.9392000000E+00  0.4058458082E+00 
 2008  6072    4  0.8845875000E+00  0.5402710181E+00 
 2008  6078    4  0.2467250000E+01  0.3399796869E+00 
 2008  6084    4  0.4378000000E+01  0.8283613342E+00 
 2008  6090    4  0.3310000000E+01  0.2712296075E+00 
 2008  6096    4  0.2936250000E+01  0.5211661803E+00 
 2008  6102    4  0.5875500000E+01  0.1112302230E+01 
 2008  6108    4  0.9260750000E+01  0.1018214952E+01 
 2008  6114    4  0.6079250000E+01  0.2605776036E+00 
 2008  6120    4  0.3159250000E+01  0.9942940649E+00 
 2008  6126    4  0.5889500000E+01  0.9583507969E+00 
 2008  6132    4  0.8654000000E+01  0.1052220747E+01 
 2008  6138    4  0.5125000000E+01  0.3410916299E+00 
 2008  6144    4  0.3024000000E+01  0.1114438648E+01 
 2008  6150    4  0.7206750000E+01  0.1053270947E+01 
 2008  6156    4  0.1022725000E+02  0.6939327687E+00 
 2008  6162    4  0.8066500000E+01  0.4840870273E+00 
 2008  6168    4  0.6556500000E+01  0.7178274514E+00 
 2008  6174    4  0.6380500000E+01  0.6763336824E+00 
 2008  6180    4  0.6851500000E+01  0.4202026297E+00 
 2008  6186    4  0.3786250000E+01  0.2822759067E+00 
 2008  6192    4  0.1464475000E+01  0.9021743883E+00 
 2008  6198    4  0.4510500000E+01  0.9317055597E+00 
 2008  6204    4  0.8763000000E+01  0.9500286838E+00 
 2008  6210    4  0.9244750000E+01  0.5827286568E+00 
 2008  6216    4  0.8033750000E+01  0.1001299999E+01 
 2008  6222    4  0.8047750000E+01  0.9711851973E+00 
 2008  6228    4  0.8452500000E+01  0.6316298362E+00 
 2008  6234    4  0.4993000000E+01  0.5102455291E+00 
 2008  6240    4  0.1971000000E+01  0.8762225745E+00 
 2008  6246    4  0.3904000000E+01  0.1088686364E+01 
 2008  6252    4  0.7813750000E+01  0.8885458275E+00 
 2008  6258    4  0.7643250000E+01  0.4908896897E+00 
 2008  6264    4  0.6382500000E+01  0.1081561487E+01 
 2008  6270    4  0.8037500000E+01  0.9338515674E+00 
 2008  6276    4  0.9192000000E+01  0.6070831903E+00 
 2008  6282    4  0.7036750000E+01  0.4528544882E+00 
 2008  6288    4  0.4779750000E+01  0.8866099410E+00 
 2008  6294    4  0.5640750000E+01  0.6937486486E+00 
 2008  6300    4  0.7268000000E+01  0.6438823650E+00 
 2008  6306    4  0.4752750000E+01  0.5065566972E+00 
 2008  6312    4  0.3149750000E+01  0.1224570614E+01 
 2008  6318    4  0.6582250000E+01  0.9860213930E+00 
 2008  6324    4  0.8880750000E+01  0.6329179943E+00 
 2008  6330    4  0.5339750000E+01  0.8072429544E+00 
 2008  6336    4  0.3629750000E+01  0.1188031855E+01 
 2008  6342    4  0.6412000000E+01  0.7112376537E+00 
 2008  6348    4  0.8999750000E+01  0.3698968606E+00 
 2008  6354    4  0.6901750000E+01  0.5170253258E+00 
 2008  6360    4  0.5749500000E+01  0.9571772302E+00 
 2008  6366    4  0.8676500000E+01  0.8738920128E+00 
 2008  6372    4  0.1095000000E+02  0.8832893071E+00 
 2008  6378    4  0.7410250000E+01  0.3949065554E+00 
 2008  6384    4  0.3386500000E+01  0.1224860298E+01 
 2008  6390    4  0.4843750000E+01  0.1037947102E+01 
 2008  6396    4  0.6979750000E+01  0.7495183036E+00 
 2008  6402    4  0.4570500000E+01  0.5008095946E+00 
 2008  6408    4  0.2003175000E+01  0.1421831418E+01 
 2008  6414    4  0.1267420000E+01  0.1620327307E+01 
 2008  6420    4  0.2221750000E+01  0.4811898664E+00 
 2008  6426    4  -0.8465000000E+00  0.1006860964E+00 
 2008  6432    4  -0.4157500000E+01  0.1137686798E+01 
 2008  6438    4  -0.2730000000E+01  0.5402337457E+00 
 2008  6444    4  0.1507100000E+01  0.8220124269E+00 
 2008  6450    4  0.3708000000E+01  0.2244359597E+00 
 2008  6456    4  0.5095500000E+01  0.6922331616E+00 
 2008  6462    4  0.7833250000E+01  0.7240325873E+00 
 2008  6468    4  0.1104250000E+02  0.5685233065E+00 
 2008  6474    4  0.7367750000E+01  0.2988263501E+00 
 2008  6480    4  0.2041050000E+01  0.1059074458E+01 
 2008  6486    4  0.2106250000E+01  0.4357960389E+00 
 2008  6492    4  0.4847000000E+01  0.5887253180E+00 
 2008  6498    4  0.4174750000E+01  0.1560887168E+00 
 2008  6504    4  0.3464250000E+01  0.7676699730E+00 
 2008  6510    4  0.6086500000E+01  0.8798040975E+00 
 2008  6516    4  0.1063525000E+02  0.8981969091E+00 
 2008  6522    4  0.8308000000E+01  0.3611703199E+00 
 2008  6528    4  0.3436750000E+01  0.1216663958E+01 
 2008  6534    4  0.4000000000E+01  0.1075432704E+01 
 2008  6540    4  0.6894000000E+01  0.9323467703E+00 
 2008  6546    4  0.4569500000E+01  0.3322337280E+00 
 2008  6552    4  0.2253825000E+01  0.1030609233E+01 
 2008  6558    4  0.4746750000E+01  0.1064462629E+01 
 2008  6564    4  0.8928000000E+01  0.8282864843E+00 
 2008  6570    4  0.7800250000E+01  0.4507828607E+00 
 2008  6576    4  0.4751500000E+01  0.8594220442E+00 
 2008  6582    4  0.5577500000E+01  0.1011403110E+01 
 2008  6588    4  0.8775250000E+01  0.9017356528E+00 
 2008  6594    4  0.6745500000E+01  0.2614933078E+00 
 2008  6600    4  0.3566000000E+01  0.1026759466E+01 
 2008  6606    4  0.4827500000E+01  0.8455029568E+00 
 2008  6612    4  0.7789000000E+01  0.4552762897E+00 
 2008  6618    4  0.7112000000E+01  0.3416847963E+00 
 2008  6624    4  0.4187000000E+01  0.7411136890E+00 
 2008  6630    4  0.3599250000E+01  0.9910840971E+00 
 2008  6636    4  0.6308000000E+01  0.6662931037E+00 
 2008  6642    4  0.5923000000E+01  0.4743848649E+00 
 2008  6648    4  0.3591500000E+01  0.9012603675E+00 
 2008  6654    4  0.4753250000E+01  0.1165375985E+01 
 2008  6660    4  0.8856500000E+01  0.9993278991E+00 
 2008  6666    4  0.8849750000E+01  0.4823558723E+00 
 2008  6672    4  0.6284000000E+01  0.9313342579E+00 
 2008  6678    4  0.6324750000E+01  0.1100837494E+01 
 2008  6684    4  0.8708750000E+01  0.7646108079E+00 
 2008  6690    4  0.7256500000E+01  0.4140618915E+00 
 2008  6696    4  0.4701250000E+01  0.8004403085E+00 
 2008  6702    4  0.4973000000E+01  0.9495722721E+00 
 2008  6708    4  0.7543250000E+01  0.6896670845E+00 
 2008  6714    4  0.7374750000E+01  0.4628635733E+00 
 2008  6720    4  0.5005750000E+01  0.9035135237E+00 
 2008  6726    4  0.5246500000E+01  0.1062822775E+01 
 2008  6732    4  0.6955000000E+01  0.7941992823E+00 
 2008  6738    4  0.5419500000E+01  0.3263805294E+00 
 2008  6744    4  0.3604000000E+01  0.1003747727E+01 
 2008  6750    4  0.4054750000E+01  0.9286994603E+00 
 2008  6756    4  0.5264750000E+01  0.6061226670E+00 
 2008  6762    4  0.3993500000E+01  0.4039087149E+00 
 2008  6768    4  0.2630250000E+01  0.7517424343E+00 
 2008  6774    4  0.2535500000E+01  0.9093790464E+00 
 2008  6780    4  0.4374500000E+01  0.3115256811E+00 
 2008  6786    4  0.3012250000E+01  0.3437923610E+00 
 2008  6792    4  0.1419250000E+01  0.8286897746E+00 
 2008  6798    4  0.3282250000E+01  0.6623882453E+00 
 2008  6804    4  0.5423750000E+01  0.7448766257E+00 
 2008  6810    4  0.3598250000E+01  0.5100585138E+00 
 2008  6816    4  0.2912250000E+01  0.7210989443E+00 
 2008  6822    4  0.5032500000E+01  0.7665306582E+00 
 2008  6828    4  0.6105000000E+01  0.3359307964E+00 
 2008  6834    4  0.4168000000E+01  0.4937220878E+00 
 2008  6840    4  0.3167250000E+01  0.7127350051E+00 
 2008  6846    4  0.5760250000E+01  0.7849727304E+00 
 2008  6852    4  0.8879500000E+01  0.8760931743E+00 
 2008  6858    4  0.7797250000E+01  0.5728452562E+00 
 2008  6864    4  0.6037000000E+01  0.7918721488E+00 
 2008  6870    4  0.4986500000E+01  0.7092201703E+00 
 2008  6876    4  0.4007750000E+01  0.5177563978E+00 
 2008  6882    4  0.2222750000E+01  0.5053683681E+00 
 2008  6888    4  0.2698500000E+01  0.5354803918E+00 
 2008  6894    4  0.5286750000E+01  0.6671706585E+00 
 2008  6900    4  0.7980500000E+01  0.8398587679E+00 
 2008  6906    4  0.7633750000E+01  0.7465173725E+00 
 2008  6912    4  0.7200500000E+01  0.1025798348E+01 
 2008  6918    4  0.8067750000E+01  0.9691928020E+00 
 2008  6924    4  0.7606500000E+01  0.4252096542E+00 
 2008  6930    4  0.3669500000E+01  0.5912061823E+00 
 2008  6936    4  0.2580500000E+01  0.9785521192E+00 
 2008  6942    4  0.5617750000E+01  0.9372271270E+00 
 2008  6948    4  0.8655750000E+01  0.6617160928E+00 
 2008  6954    4  0.7231250000E+01  0.6829455963E+00 
 2008  6960    4  0.7254500000E+01  0.9626771266E+00 
 2008  6966    4  0.9105500000E+01  0.6972393778E+00 
 2008  6972    4  0.9103250000E+01  0.3590691960E+00 
 2008  6978    4  0.5194000000E+01  0.5556811136E+00 
 2008  6984    4  0.3824000000E+01  0.7597673986E+00 
 2008  6990    4  0.6265000000E+01  0.6035408023E+00 
 2008  6996    4  0.9609500000E+01  0.5793917069E+00 
 2008  7002    4  0.8606000000E+01  0.7744975791E+00 
 2008  7008    4  0.8572500000E+01  0.9086441823E+00 
 2008  7014    4  0.1031400000E+02  0.6112266355E+00 
 2008  7020    4  0.1052200000E+02  0.4776944630E+00 
 2008  7026    4  0.6851250000E+01  0.4413016967E+00 
 2008  7032    4  0.3946000000E+01  0.8466194541E+00 
 2008  7038    4  0.4761750000E+01  0.7660356960E+00 
 2008  7044    4  0.7845750000E+01  0.4464568148E+00 
 2008  7050    4  0.7151500000E+01  0.5343362705E+00 
 2008  7056    4  0.7545000000E+01  0.1067730537E+01 
 2008  7062    4  0.1085825000E+02  0.9521287662E+00 
 2008  7068    4  0.1277000000E+02  0.6796322535E+00 
 2008  7074    4  0.1023125000E+02  0.8006276834E+00 
 2008  7080    4  0.8223000000E+01  0.8159433191E+00 
 2008  7086    4  0.6878750000E+01  0.7967212107E+00 
 2008  7092    4  0.6697500000E+01  0.3753495038E+00 
 2008  7098    4  0.4456750000E+01  0.6529128483E+00 
 2008  7104    4  0.4221250000E+01  0.7263832924E+00 
 2008  7110    4  0.6398000000E+01  0.7465845565E+00 
 2008  7116    4  0.9165250000E+01  0.6692837123E+00 
 2008  7122    4  0.7889250000E+01  0.6637790954E+00 
 2008  7128    4  0.8087250000E+01  0.6380228738E+00 
 2008  7134    4  0.9403000000E+01  0.7605284347E+00 
 2008  7140    4  0.1012500000E+02  0.4769958071E+00 
 2008  7146    4  0.7292500000E+01  0.5346599387E+00 
 2008  7152    4  0.5699500000E+01  0.5935345399E+00 
 2008  7158    4  0.7851250000E+01  0.9617071735E+00 
 2008  7164    4  0.1094750000E+02  0.8557562445E+00 
 2008  7170    4  0.8991000000E+01  0.4930664255E+00 
 2008  7176    4  0.7240750000E+01  0.8822356190E+00 
 2008  7182    4  0.9010250000E+01  0.7756807897E+00 
 2008  7188    4  0.1032225000E+02  0.5255903229E+00 
 2008  7194    4  0.7733250000E+01  0.8497074129E+00 
 2008  7200    4  0.6767750000E+01  0.6628470318E+00 
 2008  7206    4  0.8835250000E+01  0.4832646144E+00 
 2008  7212    4  0.9601500000E+01  0.3979299561E+00 
 2008  7218    4  0.7935000000E+01  0.7035421096E+00 
 2008  7224    4  0.6909000000E+01  0.8075611432E+00 
 2008  7230    4  0.8679000000E+01  0.7191477595E+00 
 2008  7236    4  0.9971000000E+01  0.6275372499E+00 
 2008  7242    4  0.8059250000E+01  0.5794058918E+00 
 2008  7248    4  0.7459000000E+01  0.7447506294E+00 
 2008  7254    4  0.9510500000E+01  0.8364297639E+00 
 2008  7260    4  0.9933750000E+01  0.5163624575E+00 
 2008  7266    4  0.7416000000E+01  0.7550165561E+00 
 2008  7272    4  0.6183000000E+01  0.9900446960E+00 
 2008  7278    4  0.8497500000E+01  0.1048436574E+01 
 2008  7284    4  0.1081225000E+02  0.6805219963E+00 
 2008  7290    4  0.8896000000E+01  0.5514725741E+00 
 2008  7296    4  0.6466250000E+01  0.9132601970E+00 
 2008  7302    4  0.7547750000E+01  0.9226885647E+00 
 2008  7308    4  0.8210500000E+01  0.5774047541E+00 
 2008  7314    4  0.5775500000E+01  0.6041856089E+00 
 2008  7320    4  0.4847500000E+01  0.8550524838E+00 
 2008  7326    4  0.7474500000E+01  0.7300378415E+00 
 2008  7332    4  0.8340500000E+01  0.5002746746E+00 
 2008  7338    4  0.7314250000E+01  0.7436428494E+00 
 2008  7344    4  0.7087000000E+01  0.6679146652E+00 
 2008  7350    4  0.7774250000E+01  0.6366099178E+00 
 2008  7356    4  0.8418750000E+01  0.5744459831E+00 
 2008  7362    4  0.7615500000E+01  0.5833405952E+00 
 2008  7368    4  0.6667000000E+01  0.5839837327E+00 
 2008  7374    4  0.8058750000E+01  0.7663123955E+00 
 2008  7380    4  0.8710250000E+01  0.6430619624E+00 
 2008  7386    4  0.5534500000E+01  0.5159314392E+00 
 2008  7392    4  0.3637000000E+01  0.1156188998E+01 
 2008  7398    4  0.6658750000E+01  0.1046557303E+01 
 2008  7404    4  0.9123000000E+01  0.8417377858E+00 
 2008  7410    4  0.7964000000E+01  0.6739966617E+00 
 2008  7416    4  0.7402000000E+01  0.9442735303E+00 
 2008  7422    4  0.9537750000E+01  0.9298070700E+00 
 2008  7428    4  0.9371000000E+01  0.5188164415E+00 
 2008  7434    4  0.6288500000E+01  0.5973401460E+00 
 2008  7440    4  0.4229750000E+01  0.7624274966E+00 
 2008  7446    4  0.5343250000E+01  0.8754220054E+00 
 2008  7452    4  0.6879000000E+01  0.7555868580E+00 
 2008  7458    4  0.7033000000E+01  0.5960146810E+00 
 2008  7464    4  0.6586750000E+01  0.8803934845E+00 
 2008  7470    4  0.7143750000E+01  0.9965082476E+00 
 2008  7476    4  0.7929500000E+01  0.7285264237E+00 
 2008  7482    4  0.6400250000E+01  0.5245409302E+00 
 2008  7488    4  0.4538250000E+01  0.7926084705E+00 
 2008  7494    4  0.5248000000E+01  0.1070120788E+01 
 2008  7500    4  0.6847000000E+01  0.7114200588E+00 
 2008  7506    4  0.7072250000E+01  0.6730707151E+00 
 2008  7512    4  0.6203250000E+01  0.7207313560E+00 
 2008  7518    4  0.3943750000E+01  0.1239652446E+01 
 2008  7524    4  0.2600000000E+01  0.8308829641E+00 
 2008  7530    4  0.7842925000E+00  0.6116454665E+00 
 2008  7536    4  -0.2493150000E+00  0.6894709172E+00 
 2008  7542    4  -0.2914500000E+00  0.9474926108E+00 
 2008  7548    4  0.2547000000E+01  0.5650641556E+00 
 2008  7554    4  0.4419000000E+01  0.7359996603E+00 
 2008  7560    4  0.5963750000E+01  0.2616499331E+00 
 2008  7566    4  0.7770500000E+01  0.9614557972E+00 
 2008  7572    4  0.9172000000E+01  0.8570714673E+00 
 2008  7578    4  0.7104500000E+01  0.3366381589E+00 
 2008  7584    4  0.4374750000E+01  0.4425016243E+00 
 2008  7590    4  0.4060000000E+01  0.7567886099E+00 
 2008  7596    4  0.5124250000E+01  0.6069429030E+00 
 2008  7602    4  0.3708250000E+01  0.4158475532E+00 
 2008  7608    4  0.4821250000E+01  0.7585767512E+00 
 2008  7614    4  0.9214000000E+01  0.1156873373E+01 
 2008  7620    4  0.1258000000E+02  0.8238021607E+00 
 2008  7626    4  0.1046050000E+02  0.5416278704E+00 
 2008  7632    4  0.7653750000E+01  0.8388895562E+00 
 2008  7638    4  0.7414500000E+01  0.7361570824E+00 
 2008  7644    4  0.6384250000E+01  0.2919104101E+00 
 2008  7650    4  0.2677500000E+01  0.6245964697E+00 
 2008  7656    4  0.2681000000E+01  0.9111907045E+00 
 2008  7662    4  0.6484000000E+01  0.9023333641E+00 
 2008  7668    4  0.9216750000E+01  0.6778994671E+00 
 2008  7674    4  0.7307500000E+01  0.6160708157E+00 
 2008  7680    4  0.6087000000E+01  0.9239158511E+00 
 2008  7686    4  0.8172500000E+01  0.9142194758E+00 
 2008  7692    4  0.9843750000E+01  0.7482113254E+00 
 2008  7698    4  0.7644500000E+01  0.4734899682E+00 
 2008  7704    4  0.5344000000E+01  0.8112863243E+00 
 2008  7710    4  0.5386250000E+01  0.9074602953E+00 
 2008  7716    4  0.6707750000E+01  0.7900529650E+00 
 2008  7722    4  0.6690000000E+01  0.5767646834E+00 
 2008  7728    4  0.6835500000E+01  0.6249641990E+00 
 2008  7734    4  0.8075500000E+01  0.9545848574E+00 
 2008  7740    4  0.9187500000E+01  0.8397435620E+00 
 2008  7746    4  0.7967500000E+01  0.5063025281E+00 
 2008  7752    4  0.5282000000E+01  0.7673701845E+00 
 2008  7758    4  0.4777500000E+01  0.1039595715E+01 
 2008  7764    4  0.6494000000E+01  0.8174194150E+00 
 2008  7770    4  0.6426500000E+01  0.5090415013E+00 
 2008  7776    4  0.5964500000E+01  0.5931751428E+00 
 2008  7782    4  0.6086000000E+01  0.9692525471E+00 
 2008  7788    4  0.6259500000E+01  0.5138241431E+00 
 2008  7794    4  0.5437000000E+01  0.4925499975E+00 
 2008  7800    4  0.4582250000E+01  0.6439419131E+00 
 2008  7806    4  0.5579000000E+01  0.9488005586E+00 
 2008  7812    4  0.6476500000E+01  0.6068074241E+00 
 2008  7818    4  0.5628750000E+01  0.5375883067E+00 
 2008  7824    4  0.5224500000E+01  0.9772186296E+00 
 2008  7830    4  0.6318500000E+01  0.1157409716E+01 
 2008  7836    4  0.6513000000E+01  0.7145264166E+00 
 2008  7842    4  0.5110500000E+01  0.6747275376E+00 
 2008  7848    4  0.6404250000E+01  0.1063898110E+01 
 2008  7854    4  0.8438500000E+01  0.1455036168E+01 
 2008  7860    4  0.7442500000E+01  0.7754877497E+00 
 2008  7866    4  0.5175750000E+01  0.1000314794E+01 
 2008  7872    4  0.4368750000E+01  0.8878824176E+00 
 2008  7878    4  0.4330000000E+01  0.6669081646E+00 
 2008  7884    4  0.3665250000E+01  0.3966026822E+00 
 2008  7890    4  0.1923000000E+01  0.6493785491E+00 
 2008  7896    4  0.2998750000E+01  0.6818061950E+00 
 2008  7902    4  0.6072000000E+01  0.1140808704E+01 
 2008  7908    4  0.6383500000E+01  0.4357829161E+00 
 2008  7914    4  0.5248750000E+01  0.6977525976E+00 
 2008  7920    4  0.4936500000E+01  0.7854751747E+00 
 2008  7926    4  0.4615250000E+01  0.8349063945E+00 
 2008  7932    4  0.3924250000E+01  0.4155612921E+00 
 2008  7938    4  0.2336250000E+01  0.3215597728E+00 
 2008  7944    4  0.1448975000E+01  0.5866751673E+00 
 2008  7950    4  0.2941000000E+01  0.6898369373E+00 
 2008  7956    4  0.4864750000E+01  0.8818739635E+00 
 2008  7962    4  0.4769750000E+01  0.3993728678E+00 
 2008  7968    4  0.4611500000E+01  0.7678575714E+00 
 2008  7974    4  0.5110750000E+01  0.1092874049E+01 
 2008  7980    4  0.5658750000E+01  0.6734639467E+00 
 2008  7986    4  0.4652500000E+01  0.2647550755E+00 
 2008  7992    4  0.2430000000E+01  0.6570068493E+00 
 2008  7998    4  0.1938800000E+01  0.7131141704E+00 
 2008  8004    4  0.3556750000E+01  0.5708525970E+00 
 2008  8010    4  0.2668500000E+01  0.4240285957E+00 
 2008  8016    4  0.2953250000E+01  0.9444189682E+00 
 2008  8022    4  0.4697500000E+01  0.7603658659E+00 
 2008  8028    4  0.5899000000E+01  0.5697056257E+00 
 2008  8034    4  0.3480000000E+01  0.3179992138E+00 
 2008  8040    4  0.1635025000E+01  0.5328788341E+00 
 2008  8046    4  0.9033300000E+00  0.7175857542E+00 
 2008  8052    4  0.2305000000E+01  0.4716942866E+00 
 2008  8058    4  0.2416000000E+01  0.4349120601E+00 
 2008  8064    4  0.1767250000E+01  0.4304029362E+00 
 2008  8070    4  0.3391250000E+01  0.7635680634E+00 
 2008  8076    4  0.6035500000E+01  0.8908472091E+00 
 2008  8082    4  0.5189000000E+01  0.2711742982E+00 
 2008  8088    4  0.4006500000E+01  0.6117975564E+00 
 2008  8094    4  0.4733500000E+01  0.4884677574E+00 
 2008  8100    4  0.4841750000E+01  0.1715493734E+00 
 2008  8106    4  0.3265500000E+01  0.3341058964E+00 
 2008  8112    4  0.2771250000E+01  0.5453115509E+00 
 2008  8118    4  0.3765000000E+01  0.4888583639E+00 
 2008  8124    4  0.5206250000E+01  0.6102386316E+00 
 2008  8130    4  0.4944250000E+01  0.5359222775E+00 
 2008  8136    4  0.5239250000E+01  0.6123709558E+00 
 2008  8142    4  0.6473000000E+01  0.5673913993E+00 
 2008  8148    4  0.7392250000E+01  0.6080836188E+00 
 2008  8154    4  0.5946250000E+01  0.3317938931E+00 
 2008  8160    4  0.4578500000E+01  0.5884511450E+00 
 2008  8166    4  0.4951000000E+01  0.5977043584E+00 
 2008  8172    4  0.6240000000E+01  0.7636605921E+00 
 2008  8178    4  0.5743000000E+01  0.4393819523E+00 
 2008  8184    4  0.5027250000E+01  0.5906413358E+00 
 2008  8190    4  0.6024500000E+01  0.7635111329E+00 
 2008  8196    4  0.6607500000E+01  0.6637309319E+00 
 2008  8202    4  0.4348500000E+01  0.3398885847E+00 
 2008  8208    4  0.2735500000E+01  0.7062402212E+00 
 2008  8214    4  0.4240250000E+01  0.8745740034E+00 
 2008  8220    4  0.4860500000E+01  0.3510017806E+00 
 2008  8226    4  0.3721250000E+01  0.5216279206E+00 
 2008  8232    4  0.3920250000E+01  0.7973319180E+00 
 2008  8238    4  0.4960250000E+01  0.8728454545E+00 
 2008  8244    4  0.5535000000E+01  0.6894109805E+00 
 2008  8250    4  0.5368250000E+01  0.7136089178E+00 
 2008  8256    4  0.4819500000E+01  0.4957401033E+00 
 2008  8262    4  0.4145750000E+01  0.8109532585E+00 
 2008  8268    4  0.4064250000E+01  0.5973112149E+00 
 2008  8274    4  0.3897500000E+01  0.4764905560E+00 
 2008  8280    4  0.3803000000E+01  0.6154620216E+00 
 2008  8286    4  0.5139000000E+01  0.9639688792E+00 
 2008  8292    4  0.6331000000E+01  0.4978965756E+00 
 2008  8298    4  0.5468750000E+01  0.3394866529E+00 
 2008  8304    4  0.4934750000E+01  0.7620575356E+00 
 2008  8310    4  0.5172000000E+01  0.6934958543E+00 
 2008  8316    4  0.5287750000E+01  0.3972149135E+00 
 2008  8322    4  0.2330750000E+01  0.3965661200E+00 
 2008  8328    4  0.1904500000E+01  0.8316400964E+00 
 2008  8334    4  0.4268250000E+01  0.9770259400E+00 
 2008  8340    4  0.5424000000E+01  0.5122719005E+00 
 2008  8346    4  0.3952750000E+01  0.7062628317E+00 
 2008  8352    4  0.4480750000E+01  0.9887925402E+00 
 2008  8358    4  0.5925500000E+01  0.7058939368E+00 
 2008  8364    4  0.4761250000E+01  0.4231178175E+00 
 2008  8370    4  0.2224500000E+01  0.8320677557E+00 
 2008  8376    4  0.2528000000E+01  0.8502170311E+00 
 2008  8382    4  0.3910500000E+01  0.5035039722E+00 
 2008  8388    4  0.3345500000E+01  0.5674797353E+00 
 2008  8394    4  0.2694750000E+01  0.5775904150E+00 
 2008  8400    4  0.3045500000E+01  0.5837471627E+00 
 2008  8406    4  0.4313000000E+01  0.6970358671E+00 
 2008  8412    4  0.6663750000E+01  0.9262662617E+00 
 2008  8418    4  0.6729000000E+01  0.5154158515E+00 
 2008  8424    4  0.5378750000E+01  0.5099590057E+00 
 2008  8430    4  0.4572000000E+01  0.7160890308E+00 
 2008  8436    4  0.5248250000E+01  0.7147892609E+00 
 2008  8442    4  0.3429750000E+01  0.1906769192E+00 
 2008  8448    4  0.1257025000E+01  0.7165321918E+00 
 2008  8454    4  0.2181250000E+01  0.6771356493E+00 
 2008  8460    4  0.4826500000E+01  0.5626057678E+00 
 2008  8466    4  0.5341750000E+01  0.5090895673E+00 
 2008  8472    4  0.5207250000E+01  0.6005507368E+00 
 2008  8478    4  0.5621000000E+01  0.5172315729E+00 
 2008  8484    4  0.5795000000E+01  0.3523265531E+00 
 2008  8490    4  0.4596000000E+01  0.5372490112E+00 
 2008  8496    4  0.2586750000E+01  0.1186557521E+00 
 2008  8502    4  0.1842250000E+01  0.2565232689E+00 
 2008  8508    4  0.3539250000E+01  0.1107010021E+01 
 2008  8514    4  0.3904000000E+01  0.1083525496E+01 
 2008  8520    4  0.2250250000E+01  0.3428559282E+00 
 2008  8526    4  0.2371250000E+01  0.7940753664E+00 
 2008  8532    4  0.5614000000E+01  0.1155446883E+01 
 2008  8538    4  0.7334750000E+01  0.1363557182E+01 
 2008  8544    4  0.6598500000E+01  0.1463790371E+01 
 2008  8550    4  0.4352500000E+01  0.8673489782E+00 
 2008  8556    4  0.4353250000E+01  0.1095400241E+01 
 2008  8562    4  0.4007000000E+01  0.1515162533E+01 
 2008  8568    4  0.3378250000E+01  0.9226013156E+00 
 2008  8574    4  0.3356250000E+01  0.3449009822E+00 
 2008  8580    4  0.4163750000E+01  0.9363819667E+00 
 2008  8586    4  0.6180500000E+01  0.6443095141E+00 
 2008  8592    4  0.7918750000E+01  0.8559685669E+00 
 2008  8598    4  0.6369500000E+01  0.6388421166E+00 
 2008  8604    4  0.5563750000E+01  0.5728670766E+00 
 2008  8610    4  0.5502250000E+01  0.9142199886E+00 
 2008  8616    4  0.4421250000E+01  0.3380106322E+00 
 2008  8622    4  0.2104250000E+01  0.5260505560E+00 
 2008  8628    4  0.2765250000E+01  0.8392324991E+00 
 2008  8634    4  0.3797250000E+01  0.7097839020E+00 
 2008  8640    4  0.5704750000E+01  0.4660822755E+00 
 2008  8646    4  0.5454000000E+01  0.8286392460E+00 
 2008  8652    4  0.5983750000E+01  0.6248181235E+00 
 2008  8658    4  0.5407750000E+01  0.6755698983E+00 
 2008  8664    4  0.5042250000E+01  0.5464839316E+00 
 2008  8670    4  0.4008750000E+01  0.7536747890E+00 
 2008  8676    4  0.3306250000E+01  0.4359807192E+00 
 2008  8682    4  0.1808000000E+01  0.3869618844E+00 
 2008  8688    4  0.2412000000E+01  0.5515056663E+00 
 2008  8694    4  0.5437000000E+01  0.9654977991E+00 
 2008  8700    4  0.8953500000E+01  0.1005860453E+01 
 2008  8706    4  0.9244500000E+01  0.5995033361E+00 
 2008  8712    4  0.8393250000E+01  0.6645815883E+00 
 2008  8718    4  0.8939250000E+01  0.9240287807E+00 
 2008  8724    4  0.8378500000E+01  0.7835590278E+00 
 2008  8730    4  0.5348750000E+01  0.3001735956E+00 
 2008  8736    4  0.2278500000E+01  0.3620141572E+00 
 2008  8742    4  0.3598750000E+01  0.4834689106E+00 
 2008  8748    4  0.7141000000E+01  0.7493240287E+00 
 2008  8754    4  0.9249500000E+01  0.7937035026E+00 
 2008  8760    4  0.9583750000E+01  0.6007913011E+00 
 2008  8766    4  0.1023750000E+02  0.6694929051E+00 
 2008  8772    4  0.1014350000E+02  0.9354315849E+00 
 2008  8778    4  0.8374500000E+01  0.4497224144E+00 
 2008  8784    4  0.5200500000E+01  0.3473330534E+00 
