 2008  0006    11  0.5414090909E+00  0.5003540264E+00 
 2008  0012    11  -0.3173636364E+00  0.6088069589E+00 
 2008  0018    11  -0.7385201818E+00  0.5600983408E+00 
 2008  0024    11  -0.3413409091E+00  0.3743690040E+00 
 2008  0030    11  0.2939500000E+00  0.4894320962E+00 
 2008  0036    11  0.9585881818E+00  0.4836435372E+00 
 2008  0042    11  0.1743090909E+01  0.3397005244E+00 
 2008  0048    11  0.2040181818E+01  0.4129582453E+00 
 2008  0054    11  0.2206545455E+01  0.4959366462E+00 
 2008  0060    11  0.9609454545E+00  0.6069400979E+00 
 2008  0066    11  -0.9917909091E+00  0.7905513283E+00 
 2008  0072    11  -0.2006881818E+01  0.9065722203E+00 
 2008  0078    11  -0.1790190909E+01  0.7335893953E+00 
 2008  0084    11  -0.9034363636E+00  0.5123992039E+00 
 2008  0090    11  0.9886000000E+00  0.4786782028E+00 
 2008  0096    11  0.2508181818E+01  0.4027816503E+00 
 2008  0102    11  0.3492090909E+01  0.2937195492E+00 
 2008  0108    11  0.3355909091E+01  0.4273445394E+00 
 2008  0114    11  0.3352727273E+01  0.5285056275E+00 
 2008  0120    11  0.3914363636E+01  0.6540047641E+00 
 2008  0126    11  0.4653727273E+01  0.6426934927E+00 
 2008  0132    11  0.4915636364E+01  0.6153575860E+00 
 2008  0138    11  0.4164818182E+01  0.4944943824E+00 
 2008  0144    11  0.3532181818E+01  0.2925131911E+00 
 2008  0150    11  0.3339000000E+01  0.5330236222E+00 
 2008  0156    11  0.3284636364E+01  0.7382293648E+00 
 2008  0162    11  0.2934818182E+01  0.7213813540E+00 
 2008  0168    11  0.3890090909E+01  0.5061452279E+00 
 2008  0174    11  0.4683818182E+01  0.4815754105E+00 
 2008  0180    11  0.4945000000E+01  0.4084104442E+00 
 2008  0186    11  0.4373454545E+01  0.2379160905E+00 
 2008  0192    11  0.4350363636E+01  0.1676957595E+00 
 2008  0198    11  0.4398181818E+01  0.2600915287E+00 
 2008  0204    11  0.4564454545E+01  0.4149079555E+00 
 2008  0210    11  0.3647818182E+01  0.3493650912E+00 
 2008  0216    11  0.3071545455E+01  0.2933810317E+00 
 2008  0222    11  0.2942090909E+01  0.3565487228E+00 
 2008  0228    11  0.3241272727E+01  0.2840794034E+00 
 2008  0234    11  0.3444818182E+01  0.1405339287E+00 
 2008  0240    11  0.3801000000E+01  0.1054867506E+00 
 2008  0246    11  0.4099090909E+01  0.1366458292E+00 
 2008  0252    11  0.4022909091E+01  0.1139094174E+00 
 2008  0258    11  0.4401090909E+01  0.1141963656E+00 
 2008  0264    11  0.4841181818E+01  0.2135448934E+00 
 2008  0270    11  0.4757818182E+01  0.3183319646E+00 
 2008  0276    11  0.4210090909E+01  0.3144916402E+00 
 2008  0282    11  0.3847090909E+01  0.3958375366E+00 
 2008  0288    11  0.4037636364E+01  0.3331975316E+00 
 2008  0294    11  0.4609363636E+01  0.2623319454E+00 
 2008  0300    11  0.4739636364E+01  0.3310578836E+00 
 2008  0306    11  0.4539181818E+01  0.4197559503E+00 
 2008  0312    11  0.4545454545E+01  0.5398731103E+00 
 2008  0318    11  0.4790000000E+01  0.5111489731E+00 
 2008  0324    11  0.4694181818E+01  0.4656849927E+00 
 2008  0330    11  0.4239909091E+01  0.4278586119E+00 
 2008  0336    11  0.3372090909E+01  0.4599732116E+00 
 2008  0342    11  0.2500000000E+01  0.4160878404E+00 
 2008  0348    11  0.1227145455E+01  0.3394032393E+00 
 2008  0354    11  -0.3787272727E-01  0.3146840475E+00 
 2008  0360    11  -0.7664181818E+00  0.2190534091E+00 
 2008  0366    11  -0.1470909091E+01  0.1830337547E+00 
 2008  0372    11  -0.2592272727E+01  0.1753065320E+00 
 2008  0378    11  -0.3481090909E+01  0.9353118541E-01 
 2008  0384    11  -0.3770090909E+01  0.1743348161E+00 
 2008  0390    11  -0.4103636364E+01  0.4149951309E+00 
 2008  0396    11  -0.4594909091E+01  0.4352527906E+00 
 2008  0402    11  -0.5086181818E+01  0.4488107149E+00 
 2008  0408    11  -0.4973454545E+01  0.5649937029E+00 
 2008  0414    11  -0.4347090909E+01  0.5753278045E+00 
 2008  0420    11  -0.3370181818E+01  0.6105953605E+00 
 2008  0426    11  -0.2469363636E+01  0.5261384665E+00 
 2008  0432    11  -0.1615281818E+01  0.4144833779E+00 
 2008  0438    11  -0.6614781818E+00  0.2566761632E+00 
 2008  0444    11  0.1125004091E+00  0.3181249222E+00 
 2008  0450    11  0.7265031818E+00  0.4512460260E+00 
 2008  0456    11  0.1168200000E+01  0.4029381929E+00 
 2008  0462    11  0.1705272727E+01  0.3327497260E+00 
 2008  0468    11  0.1418000000E+01  0.3086003594E+00 
 2008  0474    11  0.1317663636E+01  0.4146536611E+00 
 2008  0480    11  0.1531500000E+01  0.4595621612E+00 
 2008  0486    11  0.1579500000E+01  0.4882558476E+00 
 2008  0492    11  0.1229836364E+01  0.5705652672E+00 
 2008  0498    11  0.1330418182E+01  0.6611456569E+00 
 2008  0504    11  0.1706400000E+01  0.7280268989E+00 
 2008  0510    11  0.2510000000E+01  0.7216884243E+00 
 2008  0516    11  0.2197272727E+01  0.6365662275E+00 
 2008  0522    11  0.1319354545E+01  0.4385981021E+00 
 2008  0528    11  0.7216454545E+00  0.3864417970E+00 
 2008  0534    11  0.6784636364E+00  0.4330018985E+00 
 2008  0540    11  0.7597045455E+00  0.5616463674E+00 
 2008  0546    11  0.7402918182E+00  0.5776896466E+00 
 2008  0552    11  0.9655300000E+00  0.7303254838E+00 
 2008  0558    11  0.1626490909E+01  0.6288607975E+00 
 2008  0564    11  0.1340727273E+01  0.5989191539E+00 
 2008  0570    11  0.9753636364E-01  0.6423283729E+00 
 2008  0576    11  -0.3422145455E+00  0.7797297158E+00 
 2008  0582    11  0.2057545455E+00  0.6700711569E+00 
 2008  0588    11  0.1440090909E+01  0.6561216329E+00 
 2008  0594    11  0.2646090909E+01  0.5609004862E+00 
 2008  0600    11  0.3251454545E+01  0.3719116131E+00 
 2008  0606    11  0.3761727273E+01  0.3898678310E+00 
 2008  0612    11  0.3967090909E+01  0.6425824962E+00 
 2008  0618    11  0.4276454545E+01  0.8037518119E+00 
 2008  0624    11  0.4620818182E+01  0.9137063203E+00 
 2008  0630    11  0.4216363636E+01  0.7635608296E+00 
 2008  0636    11  0.3803363636E+01  0.6434265195E+00 
 2008  0642    11  0.3325363636E+01  0.6343801947E+00 
 2008  0648    11  0.3354090909E+01  0.6876089606E+00 
 2008  0654    11  0.3424090909E+01  0.6404494806E+00 
 2008  0660    11  0.3807818182E+01  0.4606275992E+00 
 2008  0666    11  0.4575545455E+01  0.4079882716E+00 
 2008  0672    11  0.5665636364E+01  0.4965613159E+00 
 2008  0678    11  0.5702272727E+01  0.4943813565E+00 
 2008  0684    11  0.4992181818E+01  0.5472414820E+00 
 2008  0690    11  0.3173090909E+01  0.4982448202E+00 
 2008  0696    11  0.1183454545E+01  0.4448974046E+00 
 2008  0702    11  -0.4884090909E+00  0.5239498457E+00 
 2008  0708    11  -0.1093327273E+01  0.4346933508E+00 
 2008  0714    11  -0.2465363636E+00  0.3909272457E+00 
 2008  0720    11  0.1379955455E+00  0.3547552165E+00 
 2008  0726    11  -0.5706272727E+00  0.1813550866E+00 
 2008  0732    11  -0.1241318182E+01  0.3587027937E+00 
 2008  0738    11  0.8981818182E-02  0.6760274575E+00 
 2008  0744    11  0.1898618182E+01  0.1018257290E+01 
 2008  0750    11  0.2995454545E+01  0.8066199244E+00 
 2008  0756    11  0.2818727273E+01  0.3826928726E+00 
 2008  0762    11  0.3282181818E+01  0.8688256252E+00 
 2008  0768    11  0.6019636364E+01  0.1390308944E+01 
 2008  0774    11  0.8106636364E+01  0.1352520628E+01 
 2008  0780    11  0.8106272727E+01  0.8511365760E+00 
 2008  0786    11  0.7264454545E+01  0.5285923612E+00 
 2008  0792    11  0.7016272727E+01  0.2451037224E+00 
 2008  0798    11  0.6887181818E+01  0.1263579462E+00 
 2008  0804    11  0.6947090909E+01  0.3007238100E+00 
 2008  0810    11  0.6985909091E+01  0.3922136372E+00 
 2008  0816    11  0.6664545455E+01  0.2021108443E+00 
 2008  0822    11  0.5748636364E+01  0.2421484416E+00 
 2008  0828    11  0.5253818182E+01  0.4029220132E+00 
 2008  0834    11  0.4825454545E+01  0.2917805413E+00 
 2008  0840    11  0.4463181818E+01  0.1567475203E+00 
 2008  0846    11  0.4353909091E+01  0.2422997597E+00 
 2008  0852    11  0.4178727273E+01  0.3543714258E+00 
 2008  0858    11  0.4012272727E+01  0.3651393485E+00 
 2008  0864    11  0.3565727273E+01  0.4079169013E+00 
 2008  0870    11  0.2933818182E+01  0.3729496233E+00 
 2008  0876    11  0.2807363636E+01  0.4009502968E+00 
 2008  0882    11  0.2583363636E+01  0.3418865502E+00 
 2008  0888    11  0.2648363636E+01  0.3637007443E+00 
 2008  0894    11  0.2373000000E+01  0.3933379301E+00 
 2008  0900    11  0.1527545455E+01  0.4060598621E+00 
 2008  0906    11  -0.7784545455E-01  0.5118119228E+00 
 2008  0912    11  -0.9812636364E+00  0.6283934064E+00 
 2008  0918    11  -0.1269381818E+01  0.7461131097E+00 
 2008  0924    11  -0.1501345455E+01  0.7642946652E+00 
 2008  0930    11  -0.8351909091E+00  0.6948404584E+00 
 2008  0936    11  0.2693028182E+00  0.4053808531E+00 
 2008  0942    11  0.2459909091E+01  0.1376170276E+00 
 2008  0948    11  0.3128181818E+01  0.2114795577E+00 
 2008  0954    11  0.2941000000E+01  0.3288492332E+00 
 2008  0960    11  0.3376909091E+01  0.4930370546E+00 
 2008  0966    11  0.3966909091E+01  0.4042241625E+00 
 2008  0972    11  0.4163636364E+01  0.2985806645E+00 
 2008  0978    11  0.3890454545E+01  0.1720498678E+00 
 2008  0984    11  0.3906818182E+01  0.3653428821E+00 
 2008  0990    11  0.4214727273E+01  0.3730223222E+00 
 2008  0996    11  0.4370090909E+01  0.4028783833E+00 
 2008  1002    11  0.4411727273E+01  0.3749186799E+00 
 2008  1008    11  0.4648545455E+01  0.4715034683E+00 
 2008  1014    11  0.4089818182E+01  0.4438455543E+00 
 2008  1020    11  0.3342545455E+01  0.4499612839E+00 
 2008  1026    11  0.3071454545E+01  0.5489021048E+00 
 2008  1032    11  0.3102181818E+01  0.5730295595E+00 
 2008  1038    11  0.3200181818E+01  0.5151631371E+00 
 2008  1044    11  0.2880909091E+01  0.2505305115E+00 
 2008  1050    11  0.2615454545E+01  0.2895031366E+00 
 2008  1056    11  0.2827363636E+01  0.2603512567E+00 
 2008  1062    11  0.2242000000E+01  0.3647285416E+00 
 2008  1068    11  0.1596727273E+01  0.2698275850E+00 
 2008  1074    11  0.1336454545E+01  0.1732409586E+00 
 2008  1080    11  0.1780090909E+01  0.2555281356E+00 
 2008  1086    11  0.2045727273E+01  0.1732171999E+00 
 2008  1092    11  0.2147454545E+01  0.1596669053E+00 
 2008  1098    11  0.2246818182E+01  0.2096351021E+00 
 2008  1104    11  0.2657272727E+01  0.3404342390E+00 
 2008  1110    11  0.3080090909E+01  0.2367785519E+00 
 2008  1116    11  0.2782545455E+01  0.2301862343E+00 
 2008  1122    11  0.2377909091E+01  0.2860382856E+00 
 2008  1128    11  0.2528545455E+01  0.3554460357E+00 
 2008  1134    11  0.3208181818E+01  0.3127906120E+00 
 2008  1140    11  0.3764636364E+01  0.2591430888E+00 
 2008  1146    11  0.3732181818E+01  0.1939057026E+00 
 2008  1152    11  0.3566000000E+01  0.1912138261E+00 
 2008  1158    11  0.3622090909E+01  0.2809851030E+00 
 2008  1164    11  0.3428909091E+01  0.2973450565E+00 
 2008  1170    11  0.3170090909E+01  0.1960785810E+00 
 2008  1176    11  0.3480090909E+01  0.1567258490E+00 
 2008  1182    11  0.3686000000E+01  0.2008658530E+00 
 2008  1188    11  0.3207545455E+01  0.3266995739E+00 
 2008  1194    11  0.2661272727E+01  0.3688254307E+00 
 2008  1200    11  0.2465000000E+01  0.4352178138E+00 
 2008  1206    11  0.2428818182E+01  0.5333032257E+00 
 2008  1212    11  0.1869572727E+01  0.6070798870E+00 
 2008  1218    11  0.9791000000E+00  0.5512948361E+00 
 2008  1224    11  0.5030794545E+00  0.5704014972E+00 
 2008  1230    11  0.1244000000E+00  0.4637194803E+00 
 2008  1236    11  -0.3065300000E+00  0.3988974909E+00 
 2008  1242    11  -0.2246398182E+00  0.3125304461E+00 
 2008  1248    11  0.5795900000E+00  0.3908478466E+00 
 2008  1254    11  0.1646272727E+01  0.4286299720E+00 
 2008  1260    11  0.1525636364E+01  0.3852638465E+00 
 2008  1266    11  0.5275037173E+00  0.4680242282E+00 
 2008  1272    11  0.1259545455E+00  0.5830067899E+00 
 2008  1278    11  0.1071645455E+01  0.7128517280E+00 
 2008  1284    11  0.1392972727E+01  0.5806003603E+00 
 2008  1290    11  0.8059363636E+00  0.2925692592E+00 
 2008  1296    11  0.2922381818E+00  0.4580522162E+00 
 2008  1302    11  0.8864339091E+00  0.6989515038E+00 
 2008  1308    11  0.1915463636E+01  0.7916171530E+00 
 2008  1314    11  0.1893272727E+01  0.4194617961E+00 
 2008  1320    11  0.1660090909E+01  0.3607959520E+00 
 2008  1326    11  0.2116818182E+01  0.5501503626E+00 
 2008  1332    11  0.3371000000E+01  0.6998668705E+00 
 2008  1338    11  0.4706818182E+01  0.8483670752E+00 
 2008  1344    11  0.5278636364E+01  0.6408054978E+00 
 2008  1350    11  0.4585909091E+01  0.1652048065E+00 
 2008  1356    11  0.3901727273E+01  0.4158339028E+00 
 2008  1362    11  0.4272090909E+01  0.6608257169E+00 
 2008  1368    11  0.5009909091E+01  0.8871813850E+00 
 2008  1374    11  0.5265636364E+01  0.6521359692E+00 
 2008  1380    11  0.4491545455E+01  0.2773862957E+00 
 2008  1386    11  0.4675454545E+01  0.2999691995E+00 
 2008  1392    11  0.5620181818E+01  0.4793155761E+00 
 2008  1398    11  0.6048454545E+01  0.4519385243E+00 
 2008  1404    11  0.5443090909E+01  0.3860891217E+00 
 2008  1410    11  0.4685818182E+01  0.3376358496E+00 
 2008  1416    11  0.4769000000E+01  0.4503087829E+00 
 2008  1422    11  0.5018636364E+01  0.4570753415E+00 
 2008  1428    11  0.5193727273E+01  0.4940848457E+00 
 2008  1434    11  0.4936636364E+01  0.3939259904E+00 
 2008  1440    11  0.5000818182E+01  0.3001968500E+00 
 2008  1446    11  0.5084636364E+01  0.3412696275E+00 
 2008  1452    11  0.5587090909E+01  0.4010702624E+00 
 2008  1458    11  0.5791000000E+01  0.3723768863E+00 
 2008  1464    11  0.5763000000E+01  0.2368708893E+00 
 2008  1470    11  0.5411363636E+01  0.2226935410E+00 
 2008  1476    11  0.5100727273E+01  0.3353245622E+00 
 2008  1482    11  0.3787000000E+01  0.3302682106E+00 
 2008  1488    11  0.2439000000E+01  0.4657533487E+00 
 2008  1494    11  0.7086027273E+00  0.4312166824E+00 
 2008  1500    11  -0.1761818182E+01  0.3181145643E+00 
 2008  1506    11  -0.3487727273E+01  0.3476555482E+00 
 2008  1512    11  -0.4081454545E+01  0.3856037447E+00 
 2008  1518    11  -0.3196818182E+01  0.3147460212E+00 
 2008  1524    11  -0.2389272727E+01  0.2293873623E+00 
 2008  1530    11  -0.1548327273E+01  0.3915239900E+00 
 2008  1536    11  -0.8883390909E+00  0.4717142793E+00 
 2008  1542    11  0.6838772727E+00  0.7103793924E+00 
 2008  1548    11  0.1908463636E+01  0.8452704057E+00 
 2008  1554    11  0.2875181818E+01  0.7266310578E+00 
 2008  1560    11  0.3259272727E+01  0.5748677462E+00 
 2008  1566    11  0.3525090909E+01  0.4141116350E+00 
 2008  1572    11  0.3319818182E+01  0.4789421711E+00 
 2008  1578    11  0.3954818182E+01  0.5284400401E+00 
 2008  1584    11  0.5119363636E+01  0.5874198240E+00 
 2008  1590    11  0.5960272727E+01  0.5346184860E+00 
 2008  1596    11  0.5730090909E+01  0.4335826344E+00 
 2008  1602    11  0.5170272727E+01  0.3050833242E+00 
 2008  1608    11  0.5069181818E+01  0.4590626454E+00 
 2008  1614    11  0.5360000000E+01  0.5447748492E+00 
 2008  1620    11  0.5033909091E+01  0.4104413267E+00 
 2008  1626    11  0.4122909091E+01  0.1348058904E+00 
 2008  1632    11  0.3964181818E+01  0.2771244611E+00 
 2008  1638    11  0.3931090909E+01  0.2294358514E+00 
 2008  1644    11  0.3720454545E+01  0.3443144344E+00 
 2008  1650    11  0.2213000000E+01  0.3976901489E+00 
 2008  1656    11  -0.5927363636E-01  0.5310523152E+00 
 2008  1662    11  -0.1825163636E+01  0.4082669075E+00 
 2008  1668    11  -0.2304818182E+01  0.4701983756E+00 
 2008  1674    11  -0.1481027273E+01  0.4895888518E+00 
 2008  1680    11  -0.6280636364E+00  0.4166452374E+00 
 2008  1686    11  0.3699272727E-01  0.6993610451E+00 
 2008  1692    11  0.5748181818E+00  0.4958196480E+00 
 2008  1698    11  0.1331781818E+01  0.4690812332E+00 
 2008  1704    11  0.1914181818E+01  0.4483591941E+00 
 2008  1710    11  0.2317363636E+01  0.2804263873E+00 
 2008  1716    11  0.2304909091E+01  0.1173111283E+00 
 2008  1722    11  0.2247545455E+01  0.1648362072E+00 
 2008  1728    11  0.2565636364E+01  0.3262902424E+00 
 2008  1734    11  0.2725000000E+01  0.4021024293E+00 
 2008  1740    11  0.2834727273E+01  0.4115836579E+00 
 2008  1746    11  0.2746090909E+01  0.4194131082E+00 
 2008  1752    11  0.3476181818E+01  0.5237459166E+00 
 2008  1758    11  0.4316363636E+01  0.4837815572E+00 
 2008  1764    11  0.4582363636E+01  0.3615205948E+00 
 2008  1770    11  0.4347545455E+01  0.2413297870E+00 
 2008  1776    11  0.4658636364E+01  0.3298030467E+00 
 2008  1782    11  0.5097363636E+01  0.3765526096E+00 
 2008  1788    11  0.4897818182E+01  0.3061665673E+00 
 2008  1794    11  0.4615272727E+01  0.3358704000E+00 
 2008  1800    11  0.4950090909E+01  0.2856477343E+00 
 2008  1806    11  0.5227454545E+01  0.1971936582E+00 
 2008  1812    11  0.5620545455E+01  0.2322531392E+00 
 2008  1818    11  0.5871181818E+01  0.3048942643E+00 
 2008  1824    11  0.6073727273E+01  0.4136467731E+00 
 2008  1830    11  0.6416454545E+01  0.4642147551E+00 
 2008  1836    11  0.6043454545E+01  0.6059873031E+00 
 2008  1842    11  0.5119000000E+01  0.6960064002E+00 
 2008  1848    11  0.3767545455E+01  0.7242546468E+00 
 2008  1854    11  0.3479727273E+01  0.6263908293E+00 
 2008  1860    11  0.3107909091E+01  0.3482267951E+00 
 2008  1866    11  0.2994727273E+01  0.1849088674E+00 
 2008  1872    11  0.3004818182E+01  0.1885011783E+00 
 2008  1878    11  0.3326000000E+01  0.1705269907E+00 
 2008  1884    11  0.2831727273E+01  0.2133648565E+00 
 2008  1890    11  0.3054818182E+01  0.2414463306E+00 
 2008  1896    11  0.3758909091E+01  0.2463668567E+00 
 2008  1902    11  0.4855727273E+01  0.3767393820E+00 
 2008  1908    11  0.5352454545E+01  0.4170675471E+00 
 2008  1914    11  0.5243727273E+01  0.4867194620E+00 
 2008  1920    11  0.5187272727E+01  0.4823785935E+00 
 2008  1926    11  0.5934909091E+01  0.3681485507E+00 
 2008  1932    11  0.6839636364E+01  0.2095212173E+00 
 2008  1938    11  0.7093545455E+01  0.2680289549E+00 
 2008  1944    11  0.6722454545E+01  0.4805380249E+00 
 2008  1950    11  0.6648909091E+01  0.5915361289E+00 
 2008  1956    11  0.6418181818E+01  0.7055147467E+00 
 2008  1962    11  0.6228363636E+01  0.8644047108E+00 
 2008  1968    11  0.5575454545E+01  0.1044741844E+01 
 2008  1974    11  0.4502272727E+01  0.1203713050E+01 
 2008  1980    11  0.2735281818E+01  0.1112788877E+01 
 2008  1986    11  0.1224202727E+01  0.9790972495E+00 
 2008  1992    11  0.8401818182E-01  0.8788902857E+00 
 2008  1998    11  -0.4970287273E+00  0.7249295934E+00 
 2008  2004    11  -0.2099272727E+01  0.7155435430E+00 
 2008  2010    11  -0.3555181818E+01  0.7520883432E+00 
 2008  2016    11  -0.4091818182E+01  0.6896979336E+00 
 2008  2022    11  -0.3470818182E+01  0.4323916192E+00 
 2008  2028    11  -0.2892272727E+01  0.2950695114E+00 
 2008  2034    11  -0.2427181818E+01  0.2358357742E+00 
 2008  2040    11  -0.1338981818E+01  0.2106152969E+00 
 2008  2046    11  -0.2153600000E+00  0.2312358253E+00 
 2008  2052    11  0.2889895455E+00  0.2689136421E+00 
 2008  2058    11  0.3051445455E+00  0.2431923321E+00 
 2008  2064    11  0.9807909091E+00  0.1849308689E+00 
 2008  2070    11  0.2018636364E+01  0.1076950853E+00 
 2008  2076    11  0.2402636364E+01  0.8058228175E-01 
 2008  2082    11  0.3072909091E+01  0.1760162464E+00 
 2008  2088    11  0.3926818182E+01  0.2052695869E+00 
 2008  2094    11  0.4689636364E+01  0.1562301756E+00 
 2008  2100    11  0.4648545455E+01  0.1727027734E+00 
 2008  2106    11  0.4514363636E+01  0.2169466934E+00 
 2008  2112    11  0.4600363636E+01  0.2934618677E+00 
 2008  2118    11  0.4814181818E+01  0.2523888840E+00 
 2008  2124    11  0.4895090909E+01  0.1918031446E+00 
 2008  2130    11  0.4539090909E+01  0.1467406212E+00 
 2008  2136    11  0.4199818182E+01  0.1214105119E+00 
 2008  2142    11  0.4283545455E+01  0.1849851904E+00 
 2008  2148    11  0.4021727273E+01  0.1581403812E+00 
 2008  2154    11  0.2931909091E+01  0.1631711063E+00 
 2008  2160    11  0.1724181818E+01  0.1686754917E+00 
 2008  2166    11  0.7359454545E+00  0.2891502012E+00 
 2008  2172    11  -0.1912718182E+00  0.2489055103E+00 
 2008  2178    11  -0.3917690909E+00  0.4598095302E+00 
 2008  2184    11  -0.1070918182E+00  0.6790760683E+00 
 2008  2190    11  0.7133290000E+00  0.6506058370E+00 
 2008  2196    11  0.1162081818E+01  0.4477071868E+00 
 2008  2202    11  0.1078809091E+01  0.3137294418E+00 
 2008  2208    11  0.7446454545E+00  0.2691242172E+00 
 2008  2214    11  0.8657636364E+00  0.2871136432E+00 
 2008  2220    11  0.1099081818E+01  0.2229081051E+00 
 2008  2226    11  0.1243818182E+01  0.1198027304E+00 
 2008  2232    11  0.1036027273E+01  0.1832849549E+00 
 2008  2238    11  0.8312000000E+00  0.3293692954E+00 
 2008  2244    11  0.3261036364E+00  0.4678747919E+00 
 2008  2250    11  0.4860381818E+00  0.6182416697E+00 
 2008  2256    11  0.1393554545E+01  0.8216387819E+00 
 2008  2262    11  0.2701727273E+01  0.9353825752E+00 
 2008  2268    11  0.2226727273E+01  0.7649621608E+00 
 2008  2274    11  0.9995909091E+00  0.3949536439E+00 
 2008  2280    11  0.1179090909E+01  0.1892043121E+00 
 2008  2286    11  0.2701818182E+01  0.5557317564E+00 
 2008  2292    11  0.2672272727E+01  0.7208609866E+00 
 2008  2298    11  0.1404172727E+01  0.5317809838E+00 
 2008  2304    11  0.2623041818E+00  0.3420249118E+00 
 2008  2310    11  0.1039536364E+01  0.3312914380E+00 
 2008  2316    11  0.1682590909E+01  0.8356037778E+00 
 2008  2322    11  0.2923727273E+01  0.1082129558E+01 
 2008  2328    11  0.3366272727E+01  0.9809012638E+00 
 2008  2334    11  0.4740909091E+01  0.4431530527E+00 
 2008  2340    11  0.6442000000E+01  0.5066230444E+00 
 2008  2346    11  0.8391090909E+01  0.5959529351E+00 
 2008  2352    11  0.9106000000E+01  0.5126934225E+00 
 2008  2358    11  0.8514090909E+01  0.2538286661E+00 
 2008  2364    11  0.7560727273E+01  0.1360094187E+00 
 2008  2370    11  0.7435909091E+01  0.2281281357E+00 
 2008  2376    11  0.8007181818E+01  0.2055196598E+00 
 2008  2382    11  0.8525090909E+01  0.2962788780E+00 
 2008  2388    11  0.7869818182E+01  0.4086780947E+00 
 2008  2394    11  0.6993818182E+01  0.4217200317E+00 
 2008  2400    11  0.6374636364E+01  0.4342168023E+00 
 2008  2406    11  0.6551727273E+01  0.3328125574E+00 
 2008  2412    11  0.6734272727E+01  0.3309279215E+00 
 2008  2418    11  0.6519000000E+01  0.4812587662E+00 
 2008  2424    11  0.6077090909E+01  0.5669143682E+00 
 2008  2430    11  0.5570545455E+01  0.5816999170E+00 
 2008  2436    11  0.5228000000E+01  0.4667993534E+00 
 2008  2442    11  0.4648000000E+01  0.4695086406E+00 
 2008  2448    11  0.4033636364E+01  0.4445001836E+00 
 2008  2454    11  0.3430000000E+01  0.4851031755E+00 
 2008  2460    11  0.2572636364E+01  0.5983447277E+00 
 2008  2466    11  0.1713127273E+01  0.7848211540E+00 
 2008  2472    11  0.1301972727E+01  0.6624199740E+00 
 2008  2478    11  0.1032436364E+01  0.5679478534E+00 
 2008  2484    11  0.8047818182E+00  0.5444131283E+00 
 2008  2490    11  0.1152927273E+01  0.3365978936E+00 
 2008  2496    11  0.1417636364E+01  0.2119619489E+00 
 2008  2502    11  0.1260936364E+01  0.2013944130E+00 
 2008  2508    11  0.6417090909E+00  0.2589671002E+00 
 2008  2514    11  -0.7830909091E+00  0.3686573463E+00 
 2008  2520    11  -0.1980636364E+01  0.3092531392E+00 
 2008  2526    11  -0.2979454545E+01  0.4415333538E+00 
 2008  2532    11  -0.4005272727E+01  0.5231016051E+00 
 2008  2538    11  -0.4879363636E+01  0.4598658446E+00 
 2008  2544    11  -0.5026636364E+01  0.3465067946E+00 
 2008  2550    11  -0.4216818182E+01  0.3366778385E+00 
 2008  2556    11  -0.3565181818E+01  0.3306090298E+00 
 2008  2562    11  -0.2865000000E+01  0.3197703722E+00 
 2008  2568    11  -0.2000727273E+01  0.4253992971E+00 
 2008  2574    11  -0.5437472727E+00  0.5013713633E+00 
 2008  2580    11  0.5770090909E+00  0.6027117635E+00 
 2008  2586    11  0.1790272727E+01  0.3596973705E+00 
 2008  2592    11  0.3272727273E+01  0.3670420067E+00 
 2008  2598    11  0.4845818182E+01  0.4739466441E+00 
 2008  2604    11  0.5935454545E+01  0.6751751778E+00 
 2008  2610    11  0.6523000000E+01  0.6743851071E+00 
 2008  2616    11  0.6845545455E+01  0.7160291213E+00 
 2008  2622    11  0.7090454545E+01  0.7553064837E+00 
 2008  2628    11  0.7099727273E+01  0.6038792912E+00 
 2008  2634    11  0.6769090909E+01  0.6424700141E+00 
 2008  2640    11  0.6832272727E+01  0.5377319526E+00 
 2008  2646    11  0.7126454545E+01  0.2850009134E+00 
 2008  2652    11  0.7346272727E+01  0.2524332822E+00 
 2008  2658    11  0.7680090909E+01  0.2587246534E+00 
 2008  2664    11  0.7662090909E+01  0.2756709021E+00 
 2008  2670    11  0.7816909091E+01  0.3358642731E+00 
 2008  2676    11  0.7561000000E+01  0.3120288448E+00 
 2008  2682    11  0.7226181818E+01  0.3412585845E+00 
 2008  2688    11  0.6225090909E+01  0.3626564752E+00 
 2008  2694    11  0.5176363636E+01  0.3227194877E+00 
 2008  2700    11  0.4146818182E+01  0.2160041322E+00 
 2008  2706    11  0.2868727273E+01  0.2886401002E+00 
 2008  2712    11  0.2180363636E+01  0.3250290260E+00 
 2008  2718    11  0.1301590909E+01  0.3817902100E+00 
 2008  2724    11  -0.2738927273E+00  0.4930235379E+00 
 2008  2730    11  -0.1763363636E+01  0.5537723971E+00 
 2008  2736    11  -0.1962909091E+01  0.3958469526E+00 
 2008  2742    11  -0.4795309091E+00  0.1812746598E+00 
 2008  2748    11  0.4380454545E+00  0.2055721124E+00 
 2008  2754    11  0.7359454545E+00  0.3294278080E+00 
 2008  2760    11  0.1359472727E+01  0.4558618014E+00 
 2008  2766    11  0.2887090909E+01  0.4490680156E+00 
 2008  2772    11  0.3765272727E+01  0.3596521276E+00 
 2008  2778    11  0.3497272727E+01  0.1632744989E+00 
 2008  2784    11  0.3074090909E+01  0.3112901174E+00 
 2008  2790    11  0.3212181818E+01  0.4720933687E+00 
 2008  2796    11  0.3949818182E+01  0.3370804647E+00 
 2008  2802    11  0.4202090909E+01  0.1868000655E+00 
 2008  2808    11  0.3478000000E+01  0.3359805189E+00 
 2008  2814    11  0.2643727273E+01  0.3961101984E+00 
 2008  2820    11  0.1598636364E+01  0.3271747581E+00 
 2008  2826    11  0.8761181818E+00  0.3600126155E+00 
 2008  2832    11  0.5873636364E+00  0.2454136296E+00 
 2008  2838    11  0.6813554545E+00  0.3547081144E+00 
 2008  2844    11  -0.2247545455E+00  0.4310933107E+00 
 2008  2850    11  -0.1853018182E+00  0.4002362716E+00 
 2008  2856    11  0.6947672727E+00  0.3236190136E+00 
 2008  2862    11  0.2231363636E+01  0.1845280332E+00 
 2008  2868    11  0.2751454545E+01  0.2205741943E+00 
 2008  2874    11  0.3028545455E+01  0.1538933300E+00 
 2008  2880    11  0.3107545455E+01  0.2247420192E+00 
 2008  2886    11  0.4160090909E+01  0.1557704923E+00 
 2008  2892    11  0.4779181818E+01  0.1854291426E+00 
 2008  2898    11  0.5120000000E+01  0.2495115228E+00 
 2008  2904    11  0.4299181818E+01  0.3347161126E+00 
 2008  2910    11  0.3626363636E+01  0.3812596998E+00 
 2008  2916    11  0.3058636364E+01  0.2722346156E+00 
 2008  2922    11  0.2971454545E+01  0.2861929939E+00 
 2008  2928    11  0.2819454545E+01  0.3130594958E+00 
 2008  2934    11  0.3422454545E+01  0.3713313550E+00 
 2008  2940    11  0.3495727273E+01  0.3385377892E+00 
 2008  2946    11  0.3895272727E+01  0.3203691311E+00 
 2008  2952    11  0.4078181818E+01  0.4118589384E+00 
 2008  2958    11  0.3504545455E+01  0.3494016609E+00 
 2008  2964    11  0.2859000000E+01  0.3893292600E+00 
 2008  2970    11  0.2213000000E+01  0.3559318117E+00 
 2008  2976    11  0.1930909091E+01  0.1893666259E+00 
 2008  2982    11  0.1378263636E+01  0.2094457720E+00 
 2008  2988    11  0.3564272727E+00  0.2722038277E+00 
 2008  2994    11  -0.7801636364E+00  0.2846824140E+00 
 2008  3000    11  -0.1096000000E+01  0.2496235675E+00 
 2008  3006    11  -0.2967554545E+00  0.2085210334E+00 
 2008  3012    11  -0.1151424545E+00  0.8244772496E-01 
 2008  3018    11  0.2367081818E+00  0.9898928838E-01 
 2008  3024    11  0.6792272727E+00  0.1788678542E+00 
 2008  3030    11  0.1635090909E+01  0.2253282271E+00 
 2008  3036    11  0.2332454545E+01  0.3374326502E+00 
 2008  3042    11  0.2683818182E+01  0.3587829980E+00 
 2008  3048    11  0.2532636364E+01  0.2489878685E+00 
 2008  3054    11  0.2518636364E+01  0.6882424616E-01 
 2008  3060    11  0.2206454545E+01  0.1890778405E+00 
 2008  3066    11  0.2731000000E+01  0.2527765812E+00 
 2008  3072    11  0.3468272727E+01  0.4166127679E+00 
 2008  3078    11  0.3715363636E+01  0.3670749918E+00 
 2008  3084    11  0.3290727273E+01  0.3328163815E+00 
 2008  3090    11  0.3125090909E+01  0.2528450674E+00 
 2008  3096    11  0.3158181818E+01  0.1411877011E+00 
 2008  3102    11  0.3431818182E+01  0.1177831738E+00 
 2008  3108    11  0.3358000000E+01  0.2019815473E+00 
 2008  3114    11  0.3274727273E+01  0.2513838394E+00 
 2008  3120    11  0.3453727273E+01  0.3161748915E+00 
 2008  3126    11  0.3578000000E+01  0.3002607957E+00 
 2008  3132    11  0.3280636364E+01  0.2948559811E+00 
 2008  3138    11  0.3012090909E+01  0.1843245431E+00 
 2008  3144    11  0.3243545455E+01  0.9586198757E-01 
 2008  3150    11  0.3757727273E+01  0.1288869067E+00 
 2008  3156    11  0.3974727273E+01  0.1655673941E+00 
 2008  3162    11  0.3950272727E+01  0.1949928161E+00 
 2008  3168    11  0.3822909091E+01  0.2143982931E+00 
 2008  3174    11  0.3328181818E+01  0.1503842461E+00 
 2008  3180    11  0.3053727273E+01  0.1434060294E+00 
 2008  3186    11  0.3088909091E+01  0.1075195158E+00 
 2008  3192    11  0.3741909091E+01  0.1304714908E+00 
 2008  3198    11  0.4489000000E+01  0.2399200624E+00 
 2008  3204    11  0.4531818182E+01  0.2505952253E+00 
 2008  3210    11  0.4450090909E+01  0.2094340662E+00 
 2008  3216    11  0.4024363636E+01  0.1517086159E+00 
 2008  3222    11  0.3744545455E+01  0.1822258158E+00 
 2008  3228    11  0.2980454545E+01  0.1592084760E+00 
 2008  3234    11  0.2176363636E+01  0.1324072730E+00 
 2008  3240    11  0.1414363636E+01  0.1452466696E+00 
 2008  3246    11  0.1272218182E+01  0.2020852287E+00 
 2008  3252    11  0.9865363636E+00  0.2355121972E+00 
 2008  3258    11  0.1204872727E+01  0.1733083909E+00 
 2008  3264    11  0.1541636364E+01  0.2309585845E+00 
 2008  3270    11  0.1772090909E+01  0.3082205393E+00 
 2008  3276    11  0.3426900000E+00  0.2442417828E+00 
 2008  3282    11  -0.1041254545E+01  0.1443547673E+00 
 2008  3288    11  -0.7970363636E+00  0.2882212890E+00 
 2008  3294    11  0.6922181818E+00  0.4546923672E+00 
 2008  3300    11  0.1285372727E+01  0.6225262829E+00 
 2008  3306    11  0.1652054545E+01  0.5571113686E+00 
 2008  3312    11  0.2043090909E+01  0.4458021278E+00 
 2008  3318    11  0.2389000000E+01  0.1952629928E+00 
 2008  3324    11  0.2698090909E+01  0.1779910389E+00 
 2008  3330    11  0.3612181818E+01  0.4092673761E+00 
 2008  3336    11  0.4164090909E+01  0.3801154022E+00 
 2008  3342    11  0.4966727273E+01  0.4235922334E+00 
 2008  3348    11  0.4662363636E+01  0.5727479650E+00 
 2008  3354    11  0.3941818182E+01  0.3966727110E+00 
 2008  3360    11  0.3255909091E+01  0.2246874413E+00 
 2008  3366    11  0.3152272727E+01  0.1572086575E+00 
 2008  3372    11  0.3231727273E+01  0.3502586294E+00 
 2008  3378    11  0.4074272727E+01  0.4543410995E+00 
 2008  3384    11  0.4866909091E+01  0.5179626969E+00 
 2008  3390    11  0.5354181818E+01  0.3900871274E+00 
 2008  3396    11  0.5126636364E+01  0.3049373327E+00 
 2008  3402    11  0.5451909091E+01  0.2473865046E+00 
 2008  3408    11  0.5729272727E+01  0.2126670855E+00 
 2008  3414    11  0.6313636364E+01  0.2564124067E+00 
 2008  3420    11  0.6292272727E+01  0.2602813481E+00 
 2008  3426    11  0.6341454545E+01  0.2423871297E+00 
 2008  3432    11  0.6735000000E+01  0.2339281164E+00 
 2008  3438    11  0.7131272727E+01  0.2381382681E+00 
 2008  3444    11  0.7202818182E+01  0.2769452910E+00 
 2008  3450    11  0.6649363636E+01  0.4538242096E+00 
 2008  3456    11  0.5854818182E+01  0.5071642764E+00 
 2008  3462    11  0.4651454545E+01  0.4852068657E+00 
 2008  3468    11  0.3485090909E+01  0.4028709368E+00 
 2008  3474    11  0.2428363636E+01  0.2670571177E+00 
 2008  3480    11  0.1793363636E+01  0.2205378849E+00 
 2008  3486    11  0.1398490909E+01  0.2830555533E+00 
 2008  3492    11  0.6912545455E+00  0.3366784664E+00 
 2008  3498    11  0.5995127273E+00  0.3969243172E+00 
 2008  3504    11  0.1130654545E+01  0.3967233874E+00 
 2008  3510    11  0.1727454545E+01  0.3424222177E+00 
 2008  3516    11  0.2176909091E+01  0.2247772451E+00 
 2008  3522    11  0.2377363636E+01  0.1484772849E+00 
 2008  3528    11  0.2713727273E+01  0.2386077385E+00 
 2008  3534    11  0.2716636364E+01  0.3259713520E+00 
 2008  3540    11  0.2587272727E+01  0.3675721552E+00 
 2008  3546    11  0.1592454545E+01  0.4776529691E+00 
 2008  3552    11  0.5647490909E+00  0.4037970346E+00 
 2008  3558    11  -0.1196490909E+00  0.4117690032E+00 
 2008  3564    11  -0.1247181818E+01  0.4989377404E+00 
 2008  3570    11  -0.1367500000E+01  0.4280931823E+00 
 2008  3576    11  0.1581390909E+00  0.6507418427E+00 
 2008  3582    11  0.1612254545E+01  0.5255254710E+00 
 2008  3588    11  0.2470636364E+01  0.2952743786E+00 
 2008  3594    11  0.2682818182E+01  0.2167964350E+00 
 2008  3600    11  0.2768272727E+01  0.3023760726E+00 
 2008  3606    11  0.3081363636E+01  0.4004196146E+00 
 2008  3612    11  0.3306363636E+01  0.4276101182E+00 
 2008  3618    11  0.3027636364E+01  0.2528816729E+00 
 2008  3624    11  0.2503000000E+01  0.2696179115E+00 
 2008  3630    11  0.1879636364E+01  0.3084946656E+00 
 2008  3636    11  0.1171463636E+01  0.3116031750E+00 
 2008  3642    11  0.6433909091E+00  0.3781061646E+00 
 2008  3648    11  0.7790454545E+00  0.4678626884E+00 
 2008  3654    11  0.1175245455E+01  0.3454519368E+00 
 2008  3660    11  0.1206609091E+01  0.3932442878E+00 
 2008  3666    11  0.9837636364E+00  0.4919645151E+00 
 2008  3672    11  0.1174809091E+01  0.6113581043E+00 
 2008  3678    11  0.1478300000E+01  0.5539630329E+00 
 2008  3684    11  0.1250363636E+01  0.5775101641E+00 
 2008  3690    11  0.7605690909E+00  0.5686884056E+00 
 2008  3696    11  0.1045660909E+01  0.6935054970E+00 
 2008  3702    11  0.1363503636E+01  0.9949898480E+00 
 2008  3708    11  0.9247909091E+00  0.9020154317E+00 
 2008  3714    11  0.1135763455E+01  0.9602738331E+00 
 2008  3720    11  0.1821576364E+01  0.1287260778E+01 
 2008  3726    11  0.1952018182E+01  0.1139706397E+01 
 2008  3732    11  0.1226038182E+01  0.1089354171E+01 
 2008  3738    11  0.8438581818E+00  0.1057107672E+01 
 2008  3744    11  0.1357318182E+01  0.7879887791E+00 
 2008  3750    11  0.2579363636E+01  0.4736145868E+00 
 2008  3756    11  0.3559727273E+01  0.4881520052E+00 
 2008  3762    11  0.3901000000E+01  0.3484412041E+00 
 2008  3768    11  0.4142090909E+01  0.4125086125E+00 
 2008  3774    11  0.4606181818E+01  0.5935639382E+00 
 2008  3780    11  0.4730818182E+01  0.5361693793E+00 
 2008  3786    11  0.3940454545E+01  0.1532919755E+00 
 2008  3792    11  0.3305272727E+01  0.2262211673E+00 
 2008  3798    11  0.2763000000E+01  0.2286080409E+00 
 2008  3804    11  0.1645545455E+01  0.2329051167E+00 
 2008  3810    11  0.1020327273E+00  0.3073389162E+00 
 2008  3816    11  -0.2514727273E+00  0.3610137748E+00 
 2008  3822    11  0.3161427273E+00  0.3290363125E+00 
 2008  3828    11  0.1121081818E+01  0.2065817990E+00 
 2008  3834    11  0.1962727273E+01  0.4650427333E+00 
 2008  3840    11  0.2650545455E+01  0.5779080398E+00 
 2008  3846    11  0.3323545455E+01  0.5734116978E+00 
 2008  3852    11  0.4169545455E+01  0.6599149206E+00 
 2008  3858    11  0.4060000000E+01  0.5660950771E+00 
 2008  3864    11  0.4256909091E+01  0.4678687568E+00 
 2008  3870    11  0.4264181818E+01  0.3818390470E+00 
 2008  3876    11  0.4550909091E+01  0.3808181276E+00 
 2008  3882    11  0.4658909091E+01  0.3961499841E+00 
 2008  3888    11  0.4876000000E+01  0.3979780716E+00 
 2008  3894    11  0.5033909091E+01  0.4258372405E+00 
 2008  3900    11  0.5379818182E+01  0.3891458755E+00 
 2008  3906    11  0.5467909091E+01  0.2523040931E+00 
 2008  3912    11  0.5882909091E+01  0.1666206658E+00 
 2008  3918    11  0.5968818182E+01  0.1063355052E+00 
 2008  3924    11  0.6311363636E+01  0.1658697587E+00 
 2008  3930    11  0.6442000000E+01  0.2083702998E+00 
 2008  3936    11  0.6688727273E+01  0.3009911176E+00 
 2008  3942    11  0.6918454545E+01  0.1937150502E+00 
 2008  3948    11  0.6812363636E+01  0.8665214966E-01 
 2008  3954    11  0.6263454545E+01  0.1848770420E+00 
 2008  3960    11  0.6065181818E+01  0.3813706902E+00 
 2008  3966    11  0.5985272727E+01  0.4590411134E+00 
 2008  3972    11  0.5540000000E+01  0.3926495083E+00 
 2008  3978    11  0.4607727273E+01  0.1826656613E+00 
 2008  3984    11  0.3792181818E+01  0.2643272139E+00 
 2008  3990    11  0.3138909091E+01  0.3928484451E+00 
 2008  3996    11  0.1946727273E+01  0.3775726519E+00 
 2008  4002    11  0.1410272727E+01  0.2594035434E+00 
 2008  4008    11  0.1308018182E+01  0.2760898464E+00 
 2008  4014    11  0.1842000000E+01  0.1665445613E+00 
 2008  4020    11  0.2338181818E+01  0.2441377473E+00 
 2008  4026    11  0.2931090909E+01  0.2217199112E+00 
 2008  4032    11  0.3628000000E+01  0.2636643872E+00 
 2008  4038    11  0.4417181818E+01  0.2661308011E+00 
 2008  4044    11  0.4853909091E+01  0.2230207714E+00 
 2008  4050    11  0.5605363636E+01  0.1846915230E+00 
 2008  4056    11  0.6010090909E+01  0.1848293830E+00 
 2008  4062    11  0.6481363636E+01  0.1916963853E+00 
 2008  4068    11  0.6302454545E+01  0.2018056507E+00 
 2008  4074    11  0.6115363636E+01  0.2045248474E+00 
 2008  4080    11  0.5658636364E+01  0.1904641568E+00 
 2008  4086    11  0.5438454545E+01  0.1970479239E+00 
 2008  4092    11  0.4837090909E+01  0.2387647966E+00 
 2008  4098    11  0.4079000000E+01  0.2539019138E+00 
 2008  4104    11  0.3405545455E+01  0.2112712017E+00 
 2008  4110    11  0.3045909091E+01  0.1371611226E+00 
 2008  4116    11  0.2770545455E+01  0.1126945700E+00 
 2008  4122    11  0.2112545455E+01  0.1002962554E+00 
 2008  4128    11  0.2239636364E+01  0.6717991140E-01 
 2008  4134    11  0.2470454545E+01  0.6088792034E-01 
 2008  4140    11  0.2492636364E+01  0.8154337689E-01 
 2008  4146    11  0.2310090909E+01  0.5675538348E-01 
 2008  4152    11  0.2519272727E+01  0.1265946221E+00 
 2008  4158    11  0.2843090909E+01  0.1173583901E+00 
 2008  4164    11  0.3291636364E+01  0.1520527855E+00 
 2008  4170    11  0.3381363636E+01  0.1265789532E+00 
 2008  4176    11  0.3650181818E+01  0.1303860130E+00 
 2008  4182    11  0.3782454545E+01  0.1289160147E+00 
 2008  4188    11  0.3968454545E+01  0.1886826887E+00 
 2008  4194    11  0.3483727273E+01  0.2099290317E+00 
 2008  4200    11  0.3713818182E+01  0.3234902888E+00 
 2008  4206    11  0.3669090909E+01  0.3134843637E+00 
 2008  4212    11  0.3819000000E+01  0.2795707749E+00 
 2008  4218    11  0.3578090909E+01  0.2212359721E+00 
 2008  4224    11  0.3875090909E+01  0.3169345945E+00 
 2008  4230    11  0.4189272727E+01  0.2558746465E+00 
 2008  4236    11  0.4827363636E+01  0.2830770126E+00 
 2008  4242    11  0.5197181818E+01  0.1896723578E+00 
 2008  4248    11  0.6203454545E+01  0.2532470456E+00 
 2008  4254    11  0.7004363636E+01  0.2642179791E+00 
 2008  4260    11  0.8091818182E+01  0.3492513599E+00 
 2008  4266    11  0.8998272727E+01  0.3434946317E+00 
 2008  4272    11  0.9653636364E+01  0.3809896856E+00 
 2008  4278    11  0.1004463636E+02  0.5459863922E+00 
 2008  4284    11  0.9917363636E+01  0.5798926660E+00 
 2008  4290    11  0.9408181818E+01  0.7098807606E+00 
 2008  4296    11  0.9229818182E+01  0.6982501269E+00 
 2008  4302    11  0.8797272727E+01  0.6710137637E+00 
 2008  4308    11  0.8811818182E+01  0.6627003736E+00 
 2008  4314    11  0.8442363636E+01  0.6532144675E+00 
 2008  4320    11  0.8440636364E+01  0.7016445970E+00 
 2008  4326    11  0.7835818182E+01  0.6896221387E+00 
 2008  4332    11  0.7294818182E+01  0.7041977793E+00 
 2008  4338    11  0.6754545455E+01  0.6719943674E+00 
 2008  4344    11  0.6364545455E+01  0.6403875763E+00 
 2008  4350    11  0.5733909091E+01  0.5622492903E+00 
 2008  4356    11  0.5245545455E+01  0.5416129721E+00 
 2008  4362    11  0.4565090909E+01  0.4264377722E+00 
 2008  4368    11  0.4266090909E+01  0.3284621064E+00 
 2008  4374    11  0.4313000000E+01  0.2603204319E+00 
 2008  4380    11  0.3994000000E+01  0.2216471397E+00 
 2008  4386    11  0.3638636364E+01  0.2148857086E+00 
 2008  4392    11  0.3736818182E+01  0.1611096849E+00 
 2008  4398    11  0.4039727273E+01  0.1521028904E+00 
 2008  4404    11  0.4206181818E+01  0.2258546669E+00 
 2008  4410    11  0.4414909091E+01  0.2438619037E+00 
 2008  4416    11  0.4689000000E+01  0.3212048341E+00 
 2008  4422    11  0.4871000000E+01  0.2761738583E+00 
 2008  4428    11  0.4995909091E+01  0.2439912273E+00 
 2008  4434    11  0.5040181818E+01  0.2015074184E+00 
 2008  4440    11  0.5794000000E+01  0.3278172994E+00 
 2008  4446    11  0.6504090909E+01  0.4019792972E+00 
 2008  4452    11  0.6393181818E+01  0.4154213235E+00 
 2008  4458    11  0.6040272727E+01  0.3484467067E+00 
 2008  4464    11  0.6087454545E+01  0.4718247679E+00 
 2008  4470    11  0.6834636364E+01  0.4673980730E+00 
 2008  4476    11  0.6653727273E+01  0.3453306955E+00 
 2008  4482    11  0.5911181818E+01  0.2798651682E+00 
 2008  4488    11  0.5858818182E+01  0.5486172400E+00 
 2008  4494    11  0.6355363636E+01  0.6342770076E+00 
 2008  4500    11  0.6956090909E+01  0.8242222179E+00 
 2008  4506    11  0.6933545455E+01  0.9178612852E+00 
 2008  4512    11  0.7143000000E+01  0.8278763632E+00 
 2008  4518    11  0.7048000000E+01  0.4367164672E+00 
 2008  4524    11  0.7156454545E+01  0.2481741924E+00 
 2008  4530    11  0.7481636364E+01  0.3141233900E+00 
 2008  4536    11  0.8566363636E+01  0.4382370203E+00 
 2008  4542    11  0.9373363636E+01  0.7381858934E+00 
 2008  4548    11  0.9068636364E+01  0.7277554875E+00 
 2008  4554    11  0.8570181818E+01  0.4171766180E+00 
 2008  4560    11  0.8847181818E+01  0.5812788125E+00 
 2008  4566    11  0.9254272727E+01  0.5423172656E+00 
 2008  4572    11  0.8921545455E+01  0.3819334458E+00 
 2008  4578    11  0.7657272727E+01  0.2149812216E+00 
 2008  4584    11  0.6857545455E+01  0.4804880783E+00 
 2008  4590    11  0.6859181818E+01  0.4442185822E+00 
 2008  4596    11  0.7601818182E+01  0.6021573063E+00 
 2008  4602    11  0.7402545455E+01  0.3970620203E+00 
 2008  4608    11  0.7443818182E+01  0.4165343636E+00 
 2008  4614    11  0.7433181818E+01  0.4715060625E+00 
 2008  4620    11  0.7730363636E+01  0.3871131553E+00 
 2008  4626    11  0.7592363636E+01  0.3244472986E+00 
 2008  4632    11  0.7807000000E+01  0.4168860756E+00 
 2008  4638    11  0.7569636364E+01  0.3467029834E+00 
 2008  4644    11  0.7231909091E+01  0.1874568821E+00 
 2008  4650    11  0.6538727273E+01  0.1851363581E+00 
 2008  4656    11  0.6623181818E+01  0.2671692750E+00 
 2008  4662    11  0.6502181818E+01  0.5124814530E+00 
 2008  4668    11  0.5709090909E+01  0.7856378364E+00 
 2008  4674    11  0.4565000000E+01  0.9530371547E+00 
 2008  4680    11  0.4325181818E+01  0.1095303015E+01 
 2008  4686    11  0.4615545455E+01  0.9683881982E+00 
 2008  4692    11  0.5323090909E+01  0.8222510626E+00 
 2008  4698    11  0.5448636364E+01  0.6896485630E+00 
 2008  4704    11  0.6019909091E+01  0.6508453879E+00 
 2008  4710    11  0.6685363636E+01  0.6996773637E+00 
 2008  4716    11  0.7395454545E+01  0.7142438295E+00 
 2008  4722    11  0.7875272727E+01  0.6214784558E+00 
 2008  4728    11  0.7885090909E+01  0.5169136475E+00 
 2008  4734    11  0.8091090909E+01  0.5719337938E+00 
 2008  4740    11  0.8174909091E+01  0.5909818417E+00 
 2008  4746    11  0.8350909091E+01  0.5501246891E+00 
 2008  4752    11  0.8568000000E+01  0.5222938915E+00 
 2008  4758    11  0.8594909091E+01  0.5038889586E+00 
 2008  4764    11  0.8332636364E+01  0.4710395221E+00 
 2008  4770    11  0.7888909091E+01  0.4944503752E+00 
 2008  4776    11  0.7749454545E+01  0.5563400470E+00 
 2008  4782    11  0.7598272727E+01  0.3367972390E+00 
 2008  4788    11  0.7325000000E+01  0.2549627424E+00 
 2008  4794    11  0.6888000000E+01  0.2741781107E+00 
 2008  4800    11  0.6746454545E+01  0.3581110452E+00 
 2008  4806    11  0.6478090909E+01  0.3083101905E+00 
 2008  4812    11  0.6497545455E+01  0.3652934969E+00 
 2008  4818    11  0.6486818182E+01  0.3666704783E+00 
 2008  4824    11  0.6865454545E+01  0.4556161390E+00 
 2008  4830    11  0.7093636364E+01  0.4243935294E+00 
 2008  4836    11  0.7607000000E+01  0.4071106617E+00 
 2008  4842    11  0.7898545455E+01  0.3989926779E+00 
 2008  4848    11  0.8337818182E+01  0.4168729517E+00 
 2008  4854    11  0.8478272727E+01  0.4349731634E+00 
 2008  4860    11  0.8938545455E+01  0.6229255557E+00 
 2008  4866    11  0.9197000000E+01  0.7831451740E+00 
 2008  4872    11  0.9214090909E+01  0.8128444394E+00 
 2008  4878    11  0.8787909091E+01  0.8984829087E+00 
 2008  4884    11  0.8547727273E+01  0.1086417389E+01 
 2008  4890    11  0.8025909091E+01  0.1215491928E+01 
 2008  4896    11  0.7053545455E+01  0.1307918844E+01 
 2008  4902    11  0.6058090909E+01  0.1309219022E+01 
 2008  4908    11  0.5308363636E+01  0.1383255138E+01 
 2008  4914    11  0.4372090909E+01  0.1156869401E+01 
 2008  4920    11  0.3847181818E+01  0.1069932183E+01 
 2008  4926    11  0.3914090909E+01  0.8169372352E+00 
 2008  4932    11  0.3978000000E+01  0.5346205111E+00 
 2008  4938    11  0.3348181818E+01  0.5265696567E+00 
 2008  4944    11  0.3120909091E+01  0.4101721267E+00 
 2008  4950    11  0.2934727273E+01  0.3237678997E+00 
 2008  4956    11  0.2706363636E+01  0.3397764700E+00 
 2008  4962    11  0.2493272727E+01  0.2628809239E+00 
 2008  4968    11  0.2733181818E+01  0.2888342772E+00 
 2008  4974    11  0.2450000000E+01  0.2400996005E+00 
 2008  4980    11  0.1566181818E+01  0.1436617354E+00 
 2008  4986    11  0.1156900000E+01  0.2895278539E+00 
 2008  4992    11  0.1689090909E+01  0.3901383099E+00 
 2008  4998    11  0.1984727273E+01  0.3784487694E+00 
 2008  5004    11  0.1865909091E+01  0.4336417572E+00 
 2008  5010    11  0.1868618182E+01  0.4206147056E+00 
 2008  5016    11  0.2494272727E+01  0.4410124902E+00 
 2008  5022    11  0.3616090909E+01  0.6498628463E+00 
 2008  5028    11  0.4972454545E+01  0.7023014587E+00 
 2008  5034    11  0.5732090909E+01  0.5761432042E+00 
 2008  5040    11  0.6464000000E+01  0.4820533731E+00 
 2008  5046    11  0.7277272727E+01  0.5508157737E+00 
 2008  5052    11  0.8129272727E+01  0.7201561814E+00 
 2008  5058    11  0.8678272727E+01  0.6519613891E+00 
 2008  5064    11  0.8885454545E+01  0.4741164728E+00 
 2008  5070    11  0.8840909091E+01  0.3804668077E+00 
 2008  5076    11  0.9086909091E+01  0.2047279590E+00 
 2008  5082    11  0.9042727273E+01  0.2508998681E+00 
 2008  5088    11  0.8952000000E+01  0.1474689490E+00 
 2008  5094    11  0.8701545455E+01  0.1610417019E+00 
 2008  5100    11  0.8784818182E+01  0.1818644941E+00 
 2008  5106    11  0.8905727273E+01  0.2370654267E+00 
 2008  5112    11  0.9107272727E+01  0.2529171948E+00 
 2008  5118    11  0.9160636364E+01  0.2592374386E+00 
 2008  5124    11  0.9306181818E+01  0.2798105912E+00 
 2008  5130    11  0.9368818182E+01  0.3037537334E+00 
 2008  5136    11  0.9188727273E+01  0.3010080310E+00 
 2008  5142    11  0.8845272727E+01  0.3024608437E+00 
 2008  5148    11  0.8074909091E+01  0.3341350991E+00 
 2008  5154    11  0.7310636364E+01  0.3124283984E+00 
 2008  5160    11  0.6679272727E+01  0.2208051757E+00 
 2008  5166    11  0.6663454545E+01  0.2338963887E+00 
 2008  5172    11  0.6974363636E+01  0.4804464350E+00 
 2008  5178    11  0.7139727273E+01  0.3852918825E+00 
 2008  5184    11  0.7057727273E+01  0.3787069126E+00 
 2008  5190    11  0.6501727273E+01  0.3069747075E+00 
 2008  5196    11  0.5395181818E+01  0.5097951136E+00 
 2008  5202    11  0.4220000000E+01  0.5921314350E+00 
 2008  5208    11  0.3670181818E+01  0.7154877317E+00 
 2008  5214    11  0.3196818182E+01  0.7625144789E+00 
 2008  5220    11  0.2299545455E+01  0.7267652320E+00 
 2008  5226    11  0.1406081818E+01  0.6828295126E+00 
 2008  5232    11  0.1626900000E+01  0.8671906166E+00 
 2008  5238    11  0.2146545455E+01  0.8254490738E+00 
 2008  5244    11  0.2259727273E+01  0.7301259033E+00 
 2008  5250    11  0.2091727273E+01  0.6235159969E+00 
 2008  5256    11  0.2440272727E+01  0.6089599316E+00 
 2008  5262    11  0.2749090909E+01  0.6036699060E+00 
 2008  5268    11  0.2908181818E+01  0.6297803106E+00 
 2008  5274    11  0.2892454545E+01  0.5180272656E+00 
 2008  5280    11  0.3381727273E+01  0.6730700478E+00 
 2008  5286    11  0.4006727273E+01  0.7565171501E+00 
 2008  5292    11  0.4496363636E+01  0.6882210629E+00 
 2008  5298    11  0.4728090909E+01  0.5836953524E+00 
 2008  5304    11  0.5150545455E+01  0.4938318381E+00 
 2008  5310    11  0.5516000000E+01  0.4692971534E+00 
 2008  5316    11  0.5603181818E+01  0.3545567830E+00 
 2008  5322    11  0.5437363636E+01  0.2643971781E+00 
 2008  5328    11  0.5241454545E+01  0.2104913575E+00 
 2008  5334    11  0.4731636364E+01  0.2234718907E+00 
 2008  5340    11  0.4921454545E+01  0.3290510774E+00 
 2008  5346    11  0.4717000000E+01  0.2959268951E+00 
 2008  5352    11  0.4731181818E+01  0.2909404244E+00 
 2008  5358    11  0.4742727273E+01  0.2178014487E+00 
 2008  5364    11  0.4962363636E+01  0.3079233295E+00 
 2008  5370    11  0.5145818182E+01  0.3800705241E+00 
 2008  5376    11  0.5506000000E+01  0.4932948593E+00 
 2008  5382    11  0.5602363636E+01  0.4795750529E+00 
 2008  5388    11  0.5649818182E+01  0.6543818482E+00 
 2008  5394    11  0.5232000000E+01  0.9074554835E+00 
 2008  5400    11  0.5055090909E+01  0.1061117546E+01 
 2008  5406    11  0.4856000000E+01  0.1061790769E+01 
 2008  5412    11  0.5259272727E+01  0.1077170712E+01 
 2008  5418    11  0.6022636364E+01  0.7821941485E+00 
 2008  5424    11  0.6651000000E+01  0.3483715363E+00 
 2008  5430    11  0.6142090909E+01  0.6471944284E+00 
 2008  5436    11  0.5609818182E+01  0.9065045573E+00 
 2008  5442    11  0.5080545455E+01  0.9795362877E+00 
 2008  5448    11  0.4644090909E+01  0.1062479900E+01 
 2008  5454    11  0.3592545455E+01  0.1161077506E+01 
 2008  5460    11  0.1806963636E+01  0.1200894288E+01 
 2008  5466    11  -0.2575636364E+00  0.1002533772E+01 
 2008  5472    11  -0.1702400000E+01  0.5297181069E+00 
 2008  5478    11  -0.3242000000E+01  0.5473831963E+00 
 2008  5484    11  -0.5453727273E+01  0.9848792350E+00 
 2008  5490    11  -0.5114363636E+01  0.1078864578E+01 
 2008  5496    11  -0.3407363636E+01  0.8365333523E+00 
 2008  5502    11  -0.2216818182E+01  0.2833083185E+00 
 2008  5508    11  -0.1060072727E+01  0.3273184079E+00 
 2008  5514    11  0.1229881818E+00  0.8155699394E+00 
 2008  5520    11  0.1087554545E+01  0.8596586229E+00 
 2008  5526    11  0.1263281818E+01  0.3897770034E+00 
 2008  5532    11  0.1520636364E+01  0.3742228973E+00 
 2008  5538    11  0.2257545455E+01  0.3770549426E+00 
 2008  5544    11  0.2907545455E+01  0.3421396216E+00 
 2008  5550    11  0.3421090909E+01  0.4992420536E+00 
 2008  5556    11  0.3423636364E+01  0.8913149910E+00 
 2008  5562    11  0.3036000000E+01  0.1173765502E+01 
 2008  5568    11  0.1824440909E+01  0.1442302941E+01 
 2008  5574    11  0.3795727273E+00  0.1303476812E+01 
 2008  5580    11  -0.1688500000E+01  0.1089716499E+01 
 2008  5586    11  -0.1383018182E+01  0.3691699333E+00 
 2008  5592    11  0.6737427273E+00  0.7870976412E+00 
 2008  5598    11  0.2423972727E+01  0.9936649464E+00 
 2008  5604    11  0.2722454545E+01  0.1017707081E+01 
 2008  5610    11  0.1925109091E+01  0.6364525055E+00 
 2008  5616    11  0.1260936364E+01  0.7368918587E+00 
 2008  5622    11  0.1795690909E+01  0.7425547515E+00 
 2008  5628    11  0.2263045455E+01  0.8861034573E+00 
 2008  5634    11  0.3996727273E+01  0.1165704710E+01 
 2008  5640    11  0.6724090909E+01  0.1539954808E+01 
 2008  5646    11  0.7776363636E+01  0.1332347298E+01 
 2008  5652    11  0.7540545455E+01  0.8907545692E+00 
 2008  5658    11  0.7697818182E+01  0.9125897035E+00 
 2008  5664    11  0.9060545455E+01  0.1017759872E+01 
 2008  5670    11  0.9926545455E+01  0.1000948946E+01 
 2008  5676    11  0.1041527273E+02  0.1057757413E+01 
 2008  5682    11  0.1022336364E+02  0.1378597461E+01 
 2008  5688    11  0.1023027273E+02  0.1829514048E+01 
 2008  5694    11  0.9629181818E+01  0.1955985584E+01 
 2008  5700    11  0.9342727273E+01  0.1804273467E+01 
 2008  5706    11  0.9104454545E+01  0.1522088479E+01 
 2008  5712    11  0.8251272727E+01  0.1045567188E+01 
 2008  5718    11  0.7103272727E+01  0.8002088467E+00 
 2008  5724    11  0.6208181818E+01  0.7641798715E+00 
 2008  5730    11  0.5428181818E+01  0.7166743673E+00 
 2008  5736    11  0.5206545455E+01  0.1076480576E+01 
 2008  5742    11  0.5371272727E+01  0.1068273551E+01 
 2008  5748    11  0.4646636364E+01  0.1134660243E+01 
 2008  5754    11  0.2838272727E+01  0.1283151879E+01 
 2008  5760    11  0.1477910273E+01  0.1430079088E+01 
 2008  5766    11  0.1057959091E+01  0.1534230760E+01 
 2008  5772    11  0.5202300000E+00  0.1124616655E+01 
 2008  5778    11  0.2198363636E+00  0.8544517703E+00 
 2008  5784    11  0.1021681818E+01  0.9858505288E+00 
 2008  5790    11  0.2692090909E+01  0.8334719774E+00 
 2008  5796    11  0.3352909091E+01  0.9850959764E+00 
 2008  5802    11  0.3414727273E+01  0.6854130925E+00 
 2008  5808    11  0.3833545455E+01  0.4841486180E+00 
 2008  5814    11  0.4831727273E+01  0.4611140839E+00 
 2008  5820    11  0.6179363636E+01  0.8931344470E+00 
 2008  5826    11  0.6505090909E+01  0.6671041154E+00 
 2008  5832    11  0.6255545455E+01  0.5745131320E+00 
 2008  5838    11  0.6201727273E+01  0.7879824745E+00 
 2008  5844    11  0.5875818182E+01  0.6766285161E+00 
 2008  5850    11  0.4060454545E+01  0.6142379408E+00 
 2008  5856    11  0.1064427273E+01  0.3136376256E+00 
 2008  5862    11  0.5745641245E+00  0.9060257592E+00 
 2008  5868    11  0.1216154545E+01  0.1185649380E+01 
 2008  5874    11  0.2012609091E+01  0.8566276485E+00 
 2008  5880    11  0.2817436364E+01  0.1143282219E+01 
 2008  5886    11  0.3684181818E+01  0.9243278460E+00 
 2008  5892    11  0.4055909091E+01  0.6214694397E+00 
 2008  5898    11  0.3854909091E+01  0.7496870201E+00 
 2008  5904    11  0.4465454545E+01  0.8846421324E+00 
 2008  5910    11  0.5204727273E+01  0.7499528580E+00 
 2008  5916    11  0.4852727273E+01  0.4159200297E+00 
 2008  5922    11  0.3911818182E+01  0.4464530553E+00 
 2008  5928    11  0.3329000000E+01  0.5481726669E+00 
 2008  5934    11  0.4038818182E+01  0.5188397577E+00 
 2008  5940    11  0.4465090909E+01  0.4386422138E+00 
 2008  5946    11  0.4769272727E+01  0.6415610353E+00 
 2008  5952    11  0.5709181818E+01  0.7490215215E+00 
 2008  5958    11  0.6261272727E+01  0.5319263604E+00 
 2008  5964    11  0.6025181818E+01  0.4530855464E+00 
 2008  5970    11  0.5259636364E+01  0.5239386280E+00 
 2008  5976    11  0.5185000000E+01  0.6458405376E+00 
 2008  5982    11  0.4843818182E+01  0.4965431077E+00 
 2008  5988    11  0.4455454545E+01  0.7078257828E+00 
 2008  5994    11  0.4055818182E+01  0.9059940616E+00 
 2008  6000    11  0.4317545455E+01  0.7007631377E+00 
 2008  6006    11  0.4239818182E+01  0.6516485135E+00 
 2008  6012    11  0.3774454545E+01  0.8440091947E+00 
 2008  6018    11  0.3344363636E+01  0.7109642969E+00 
 2008  6024    11  0.3038727273E+01  0.6029002768E+00 
 2008  6030    11  0.2858636364E+01  0.7380867494E+00 
 2008  6036    11  0.2458727273E+01  0.7774555341E+00 
 2008  6042    11  0.2125127273E+01  0.9294479389E+00 
 2008  6048    11  0.2434172727E+01  0.9807153364E+00 
 2008  6054    11  0.2500854545E+01  0.8614472773E+00 
 2008  6060    11  0.1818165455E+01  0.9044587112E+00 
 2008  6066    11  0.3800472727E+00  0.6727888496E+00 
 2008  6072    11  -0.3417518182E+00  0.5747672794E+00 
 2008  6078    11  -0.2385163636E+00  0.3706489571E+00 
 2008  6084    11  0.8762272727E+00  0.4019720594E+00 
 2008  6090    11  0.2255818182E+01  0.3251854906E+00 
 2008  6096    11  0.3320909091E+01  0.2304929321E+00 
 2008  6102    11  0.3360727273E+01  0.2269982342E+00 
 2008  6108    11  0.2765363636E+01  0.4287790855E+00 
 2008  6114    11  0.1883745455E+01  0.6950996219E+00 
 2008  6120    11  0.1765790909E+01  0.9831782123E+00 
 2008  6126    11  0.1126255455E+01  0.8788213906E+00 
 2008  6132    11  -0.4917272727E+00  0.5502686783E+00 
 2008  6138    11  -0.2119872727E+01  0.5832724127E+00 
 2008  6144    11  -0.1828972727E+01  0.6724669037E+00 
 2008  6150    11  -0.8074636364E+00  0.5297629869E+00 
 2008  6156    11  -0.4573363636E+00  0.3757195237E+00 
 2008  6162    11  0.3866400000E+00  0.2161994441E+00 
 2008  6168    11  0.1035663636E+01  0.2745405791E+00 
 2008  6174    11  0.1325572727E+01  0.5812851281E+00 
 2008  6180    11  0.1596027273E+01  0.7888327304E+00 
 2008  6186    11  0.2424236364E+01  0.1063690208E+01 
 2008  6192    11  0.2031136364E+01  0.9258706156E+00 
 2008  6198    11  -0.6107745455E+00  0.7494169420E+00 
 2008  6204    11  -0.3685818182E+01  0.3465620286E+00 
 2008  6210    11  -0.5972272727E+01  0.6523490548E+00 
 2008  6216    11  -0.5318818182E+01  0.9977805204E+00 
 2008  6222    11  -0.3173172727E+01  0.9698590470E+00 
 2008  6228    11  -0.2080309091E+01  0.7521411442E+00 
 2008  6234    11  -0.1833246364E+01  0.7167578263E+00 
 2008  6240    11  -0.2225845455E+01  0.8278354375E+00 
 2008  6246    11  -0.3763636364E+01  0.5137764411E+00 
 2008  6252    11  -0.6479181818E+01  0.4268133120E+00 
 2008  6258    11  -0.9129727273E+01  0.7973337491E+00 
 2008  6264    11  -0.8272909091E+01  0.1264042538E+01 
 2008  6270    11  -0.7733909091E+01  0.1896718911E+01 
 2008  6276    11  -0.8278000000E+01  0.1800400662E+01 
 2008  6282    11  -0.8276272727E+01  0.1413602367E+01 
 2008  6288    11  -0.7012181818E+01  0.1508641099E+01 
 2008  6294    11  -0.5221727273E+01  0.1733132167E+01 
 2008  6300    11  -0.5313636364E+01  0.1845712047E+01 
 2008  6306    11  -0.6936272727E+01  0.1461854681E+01 
 2008  6312    11  -0.9036909091E+01  0.1533118358E+01 
 2008  6318    11  -0.9692000000E+01  0.1494789496E+01 
 2008  6324    11  -0.1077027273E+02  0.1041425604E+01 
 2008  6330    11  -0.1046236364E+02  0.1442598430E+01 
 2008  6336    11  -0.9942818182E+01  0.6041974118E+00 
 2008  6342    11  -0.7955454545E+01  0.5221414583E+00 
 2008  6348    11  -0.8021818182E+01  0.1074997659E+01 
 2008  6354    11  -0.8607454545E+01  0.1478785581E+01 
 2008  6360    11  -0.6400727273E+01  0.1230346152E+01 
 2008  6366    11  -0.4210181818E+01  0.1436211862E+01 
 2008  6372    11  -0.2602062727E+01  0.1420497198E+01 
 2008  6378    11  -0.2818454545E+01  0.9566203164E+00 
 2008  6384    11  -0.3014363636E+01  0.6207400675E+00 
 2008  6390    11  -0.2464818182E+01  0.3315801886E+00 
 2008  6396    11  -0.1096245455E+01  0.5349545373E+00 
 2008  6402    11  -0.3782636364E-02  0.6782487529E+00 
 2008  6408    11  0.3227000000E+00  0.7392018681E+00 
 2008  6414    11  -0.2711636364E-01  0.4812714764E+00 
 2008  6420    11  -0.1846200000E+01  0.1077610634E+01 
 2008  6426    11  -0.4358181818E+01  0.7718850383E+00 
 2008  6432    11  -0.6408090909E+01  0.3840207036E+00 
 2008  6438    11  -0.8097454545E+01  0.3347344575E+00 
 2008  6444    11  -0.8970727273E+01  0.4727003839E+00 
 2008  6450    11  -0.9491272727E+01  0.9995811933E+00 
 2008  6456    11  -0.1031509091E+02  0.8625734703E+00 
 2008  6462    11  -0.1176363636E+02  0.6504721743E+00 
 2008  6468    11  -0.1384545455E+02  0.1120660225E+01 
 2008  6474    11  -0.1486272727E+02  0.1166588585E+01 
 2008  6480    11  -0.1275727273E+02  0.9044846942E+00 
 2008  6486    11  -0.9446636364E+01  0.7470330737E+00 
 2008  6492    11  -0.7453909091E+01  0.6050620486E+00 
 2008  6498    11  -0.6367000000E+01  0.4731594004E+00 
 2008  6504    11  -0.4799181818E+01  0.5799871187E+00 
 2008  6510    11  -0.2705181818E+01  0.7889173039E+00 
 2008  6516    11  -0.1511809091E+01  0.7103005080E+00 
 2008  6522    11  -0.3346181818E-01  0.5664475629E+00 
 2008  6528    11  0.1074554545E+01  0.6441285789E+00 
 2008  6534    11  0.1756000000E+01  0.4758450856E+00 
 2008  6540    11  0.2347545455E+01  0.4873379197E+00 
 2008  6546    11  0.2598000000E+01  0.4577538044E+00 
 2008  6552    11  0.1917427273E+01  0.5063975515E+00 
 2008  6558    11  0.1437227273E+01  0.5769042462E+00 
 2008  6564    11  0.7526545455E+00  0.5714476232E+00 
 2008  6570    11  0.8463272727E+00  0.5499726011E+00 
 2008  6576    11  0.1071963636E+01  0.4809554398E+00 
 2008  6582    11  0.1648572727E+01  0.4869069056E+00 
 2008  6588    11  0.9141363636E+00  0.4339377380E+00 
 2008  6594    11  0.7071979091E+00  0.4970669896E+00 
 2008  6600    11  0.1635181818E+01  0.2223599940E+00 
 2008  6606    11  0.2831363636E+01  0.3482507646E+00 
 2008  6612    11  0.3100090909E+01  0.5732342778E+00 
 2008  6618    11  0.4176818182E+01  0.8192878080E+00 
 2008  6624    11  0.5161272727E+01  0.1039561891E+01 
 2008  6630    11  0.5715272727E+01  0.9658481992E+00 
 2008  6636    11  0.5867909091E+01  0.8149465632E+00 
 2008  6642    11  0.7113909091E+01  0.5746319699E+00 
 2008  6648    11  0.8546272727E+01  0.4318674230E+00 
 2008  6654    11  0.1055363636E+02  0.1834652668E+00 
 2008  6660    11  0.1182727273E+02  0.2943742488E+00 
 2008  6666    11  0.1216000000E+02  0.3325931175E+00 
 2008  6672    11  0.1239727273E+02  0.5706151531E+00 
 2008  6678    11  0.1309545455E+02  0.7364085284E+00 
 2008  6684    11  0.1345636364E+02  0.7859941328E+00 
 2008  6690    11  0.1260090909E+02  0.1109835815E+01 
 2008  6696    11  0.1137763636E+02  0.1575841840E+01 
 2008  6702    11  0.1033009091E+02  0.1509085602E+01 
 2008  6708    11  0.9812909091E+01  0.1142347539E+01 
 2008  6714    11  0.9409545455E+01  0.8354546246E+00 
 2008  6720    11  0.9086181818E+01  0.6401948309E+00 
 2008  6726    11  0.7775363636E+01  0.8924813492E+00 
 2008  6732    11  0.6432000000E+01  0.1044960112E+01 
 2008  6738    11  0.5266818182E+01  0.1012694320E+01 
 2008  6744    11  0.4299272727E+01  0.1006020160E+01 
 2008  6750    11  0.3677818182E+01  0.8015719577E+00 
 2008  6756    11  0.2532272727E+01  0.5996367220E+00 
 2008  6762    11  0.9168163636E+00  0.8799259912E+00 
 2008  6768    11  0.1515909091E+00  0.8312762821E+00 
 2008  6774    11  0.9865454545E-01  0.7005959092E+00 
 2008  6780    11  -0.1136100000E+01  0.6765523255E+00 
 2008  6786    11  -0.2515272727E+01  0.7095157236E+00 
 2008  6792    11  -0.3471090909E+01  0.7564632364E+00 
 2008  6798    11  -0.2668972727E+01  0.1143697301E+01 
 2008  6804    11  -0.1181545455E+01  0.1983579243E+01 
 2008  6810    11  0.4241636364E+00  0.2284947361E+01 
 2008  6816    11  0.1080881818E+01  0.2230112812E+01 
 2008  6822    11  0.2817690909E+01  0.2347167708E+01 
 2008  6828    11  0.3893990909E+01  0.2762177070E+01 
 2008  6834    11  0.5207200000E+01  0.3003152648E+01 
 2008  6840    11  0.5998072727E+01  0.3059620799E+01 
 2008  6846    11  0.6528818182E+01  0.2624941448E+01 
 2008  6852    11  0.6601545455E+01  0.1836283221E+01 
 2008  6858    11  0.6520818182E+01  0.1204431123E+01 
 2008  6864    11  0.6161181818E+01  0.9480110105E+00 
 2008  6870    11  0.4974000000E+01  0.1305596067E+01 
 2008  6876    11  0.3574363636E+01  0.1751830693E+01 
 2008  6882    11  0.2309763636E+01  0.1940285274E+01 
 2008  6888    11  0.1934663636E+01  0.1598714783E+01 
 2008  6894    11  0.1581063636E+01  0.1271995281E+01 
 2008  6900    11  -0.5861181818E+00  0.1788697327E+01 
 2008  6906    11  -0.1863670909E+01  0.2195937948E+01 
 2008  6912    11  -0.2454281818E+01  0.2265360328E+01 
 2008  6918    11  -0.1594809091E+01  0.2700366864E+01 
 2008  6924    11  0.1173300000E+01  0.2227573468E+01 
 2008  6930    11  0.3993090909E+01  0.1501154977E+01 
 2008  6936    11  0.4193090909E+01  0.1099272111E+01 
 2008  6942    11  0.3767090909E+01  0.8746064522E+00 
 2008  6948    11  0.3015636364E+01  0.8413688276E+00 
 2008  6954    11  0.3575636364E+01  0.7601140193E+00 
 2008  6960    11  0.4514272727E+01  0.8232421593E+00 
 2008  6966    11  0.5084363636E+01  0.7060047995E+00 
 2008  6972    11  0.5254000000E+01  0.9477357706E+00 
 2008  6978    11  0.5221727273E+01  0.1196552479E+01 
 2008  6984    11  0.4744181818E+01  0.1025572019E+01 
 2008  6990    11  0.2814000000E+01  0.9594829100E+00 
 2008  6996    11  0.3200636364E+00  0.9480451555E+00 
 2008  7002    11  0.6060454545E+00  0.1293252376E+01 
 2008  7008    11  0.1595818182E+01  0.1233272512E+01 
 2008  7014    11  0.1533353636E+01  0.8416661528E+00 
 2008  7020    11  0.1330854545E+01  0.6616367025E+00 
 2008  7026    11  0.1018327273E+01  0.9887294327E+00 
 2008  7032    11  0.1112052091E+01  0.1186830002E+01 
 2008  7038    11  0.3354545455E+01  0.1033729907E+01 
 2008  7044    11  0.5027000000E+01  0.8639914772E+00 
 2008  7050    11  0.6382090909E+01  0.1099176920E+01 
 2008  7056    11  0.7592363636E+01  0.1134988528E+01 
 2008  7062    11  0.8261000000E+01  0.1151047191E+01 
 2008  7068    11  0.7665818182E+01  0.1431068121E+01 
 2008  7074    11  0.6516909091E+01  0.1852607325E+01 
 2008  7080    11  0.5174727273E+01  0.1664833712E+01 
 2008  7086    11  0.4022363636E+01  0.1409556234E+01 
 2008  7092    11  0.2555345455E+01  0.1039617129E+01 
 2008  7098    11  0.1832736364E+01  0.5662648148E+00 
 2008  7104    11  0.7972913636E+00  0.3267705704E+00 
 2008  7110    11  -0.1539336364E+01  0.4113159287E+00 
 2008  7116    11  -0.4618727273E+01  0.5328496446E+00 
 2008  7122    11  -0.6742636364E+01  0.4965190233E+00 
 2008  7128    11  -0.6951181818E+01  0.4820516416E+00 
 2008  7134    11  -0.6333727273E+01  0.8650857121E+00 
 2008  7140    11  -0.7287181818E+01  0.7423216429E+00 
 2008  7146    11  -0.8499454545E+01  0.4521426492E+00 
 2008  7152    11  -0.9747909091E+01  0.6287231584E+00 
 2008  7158    11  -0.9647545455E+01  0.9055281095E+00 
 2008  7164    11  -0.8974454545E+01  0.1043036247E+01 
 2008  7170    11  -0.7517636364E+01  0.1020238945E+01 
 2008  7176    11  -0.6387090909E+01  0.9796778185E+00 
 2008  7182    11  -0.5877909091E+01  0.8017288654E+00 
 2008  7188    11  -0.7208636364E+01  0.7440679677E+00 
 2008  7194    11  -0.8006727273E+01  0.7571589350E+00 
 2008  7200    11  -0.9028000000E+01  0.8786079899E+00 
 2008  7206    11  -0.9742090909E+01  0.1378338424E+01 
 2008  7212    11  -0.1114181818E+02  0.2124131002E+01 
 2008  7218    11  -0.1225790909E+02  0.2699804722E+01 
 2008  7224    11  -0.1243100000E+02  0.2855630642E+01 
 2008  7230    11  -0.1079218182E+02  0.3085656872E+01 
 2008  7236    11  -0.9069727273E+01  0.3330857031E+01 
 2008  7242    11  -0.6992818182E+01  0.3211988759E+01 
 2008  7248    11  -0.5094427273E+01  0.2926283465E+01 
 2008  7254    11  -0.3547854545E+01  0.2597536960E+01 
 2008  7260    11  -0.2712927273E+01  0.2255981491E+01 
 2008  7266    11  -0.2673154545E+01  0.1695402597E+01 
 2008  7272    11  -0.3253818182E+01  0.1358623757E+01 
 2008  7278    11  -0.2161663636E+01  0.1115903383E+01 
 2008  7284    11  -0.8708854545E+00  0.7862860173E+00 
 2008  7290    11  -0.7410909091E-01  0.7946018677E+00 
 2008  7296    11  -0.1691663636E+01  0.1055015940E+01 
 2008  7302    11  -0.4006090909E+01  0.6769927426E+00 
 2008  7308    11  -0.4318000000E+01  0.1639737839E+01 
 2008  7314    11  -0.2174363636E+01  0.1225165835E+01 
 2008  7320    11  0.5570181818E-01  0.1119456326E+01 
 2008  7326    11  0.1623490909E+01  0.1756451159E+01 
 2008  7332    11  0.1962545455E+00  0.1061116705E+01 
 2008  7338    11  0.1153300000E+01  0.8182706798E+00 
 2008  7344    11  0.1990063636E+01  0.1317796116E+01 
 2008  7350    11  0.1433105455E+01  0.8277128375E+00 
 2008  7356    11  0.1106610000E+01  0.6539438100E+00 
 2008  7362    11  0.2328181818E+01  0.3786936440E+00 
 2008  7368    11  0.2967000000E+01  0.7009419636E+00 
 2008  7374    11  0.2407000000E+01  0.8955860448E+00 
 2008  7380    11  0.1105358182E+01  0.7786185127E+00 
 2008  7386    11  -0.2006636364E+00  0.1395626454E+01 
 2008  7392    11  0.1869909091E+01  0.1629131417E+01 
 2008  7398    11  0.5384727273E+01  0.5860453118E+00 
 2008  7404    11  0.4932090909E+01  0.7050057968E+00 
 2008  7410    11  0.2220094545E+01  0.9514268148E+00 
 2008  7416    11  0.1365127273E+01  0.7657051653E+00 
 2008  7422    11  0.3874090909E+01  0.6113339297E+00 
 2008  7428    11  0.6540454545E+01  0.1121254360E+01 
 2008  7434    11  0.7464090909E+01  0.1492876324E+01 
 2008  7440    11  0.6262181818E+01  0.2061162859E+01 
 2008  7446    11  0.5311545455E+01  0.2424774417E+01 
 2008  7452    11  0.6168636364E+01  0.2024283410E+01 
 2008  7458    11  0.7003090909E+01  0.1182862972E+01 
 2008  7464    11  0.6687818182E+01  0.1297742573E+01 
 2008  7470    11  0.6490727273E+01  0.1787667505E+01 
 2008  7476    11  0.6632181818E+01  0.1315736076E+01 
 2008  7482    11  0.7340636364E+01  0.1089989014E+01 
 2008  7488    11  0.7681363636E+01  0.9840438158E+00 
 2008  7494    11  0.7288090909E+01  0.7448990724E+00 
 2008  7500    11  0.5984181818E+01  0.1085271128E+01 
 2008  7506    11  0.5413181818E+01  0.1260965850E+01 
 2008  7512    11  0.5719909091E+01  0.1266914825E+01 
 2008  7518    11  0.7098636364E+01  0.1214912213E+01 
 2008  7524    11  0.8180909091E+01  0.1320145616E+01 
 2008  7530    11  0.8946363636E+01  0.1591689284E+01 
 2008  7536    11  0.9787818182E+01  0.1763066173E+01 
 2008  7542    11  0.1033281818E+02  0.1671425022E+01 
 2008  7548    11  0.1024036364E+02  0.1468718320E+01 
 2008  7554    11  0.1050390909E+02  0.1483909729E+01 
 2008  7560    11  0.1063872727E+02  0.1452135737E+01 
 2008  7566    11  0.1169190909E+02  0.1433228425E+01 
 2008  7572    11  0.1218945455E+02  0.1176628184E+01 
 2008  7578    11  0.1237045455E+02  0.1223379177E+01 
 2008  7584    11  0.1196845455E+02  0.1326512267E+01 
 2008  7590    11  0.1058654545E+02  0.1170027767E+01 
 2008  7596    11  0.8774363636E+01  0.8611755467E+00 
 2008  7602    11  0.7235090909E+01  0.6130081498E+00 
 2008  7608    11  0.5583181818E+01  0.5196463515E+00 
 2008  7614    11  0.4014818182E+01  0.6096787259E+00 
 2008  7620    11  0.1998545455E+01  0.6481306495E+00 
 2008  7626    11  0.4356300000E+00  0.6599496086E+00 
 2008  7632    11  -0.3393920909E+00  0.4949434080E+00 
 2008  7638    11  -0.8907818182E+00  0.5507435880E+00 
 2008  7644    11  -0.1955945455E+01  0.7209687124E+00 
 2008  7650    11  -0.2835454545E+01  0.6771612355E+00 
 2008  7656    11  -0.2934909091E+01  0.7280767260E+00 
 2008  7662    11  -0.1929309091E+01  0.8917542440E+00 
 2008  7668    11  -0.5591361818E+00  0.8618999171E+00 
 2008  7674    11  0.1137000000E+01  0.5520108975E+00 
 2008  7680    11  0.2116545455E+01  0.4033361701E+00 
 2008  7686    11  0.3468727273E+01  0.2578742086E+00 
 2008  7692    11  0.4445909091E+01  0.2206961937E+00 
 2008  7698    11  0.5615363636E+01  0.2745214920E+00 
 2008  7704    11  0.5799545455E+01  0.3157557640E+00 
 2008  7710    11  0.5687909091E+01  0.6341367009E+00 
 2008  7716    11  0.5100272727E+01  0.7847961045E+00 
 2008  7722    11  0.5374909091E+01  0.8141817370E+00 
 2008  7728    11  0.6117363636E+01  0.6079701357E+00 
 2008  7734    11  0.6695636364E+01  0.7327837673E+00 
 2008  7740    11  0.6036636364E+01  0.1052957158E+01 
 2008  7746    11  0.5244000000E+01  0.1320902584E+01 
 2008  7752    11  0.5070090909E+01  0.1521924586E+01 
 2008  7758    11  0.5536727273E+01  0.1557016616E+01 
 2008  7764    11  0.4996272727E+01  0.1373543334E+01 
 2008  7770    11  0.3734727273E+01  0.1064694074E+01 
 2008  7776    11  0.2447272727E+01  0.7254873084E+00 
 2008  7782    11  0.1764827273E+01  0.8995941955E+00 
 2008  7788    11  0.9294336364E+00  0.1361752730E+01 
 2008  7794    11  0.1203943636E+01  0.1687942542E+01 
 2008  7800    11  0.9809672727E+00  0.1811762781E+01 
 2008  7806    11  0.5017181818E+00  0.1643934316E+01 
 2008  7812    11  -0.5987181818E+00  0.1471386274E+01 
 2008  7818    11  -0.8705181818E+00  0.1407432049E+01 
 2008  7824    11  -0.7072818182E+00  0.1198605455E+01 
 2008  7830    11  -0.3017345455E+00  0.9086232982E+00 
 2008  7836    11  0.2073800000E+00  0.8163189573E+00 
 2008  7842    11  0.1657040000E+01  0.8420307356E+00 
 2008  7848    11  0.3521454545E+01  0.1094732044E+01 
 2008  7854    11  0.5188000000E+01  0.1049517638E+01 
 2008  7860    11  0.5909181818E+01  0.7258505754E+00 
 2008  7866    11  0.6058909091E+01  0.6034103766E+00 
 2008  7872    11  0.6075818182E+01  0.7791467149E+00 
 2008  7878    11  0.6324272727E+01  0.9321072988E+00 
 2008  7884    11  0.6316363636E+01  0.1274257308E+01 
 2008  7890    11  0.6062181818E+01  0.1574046367E+01 
 2008  7896    11  0.5409090909E+01  0.1798654217E+01 
 2008  7902    11  0.5000454545E+01  0.1771990784E+01 
 2008  7908    11  0.4223818182E+01  0.1438601013E+01 
 2008  7914    11  0.3206636364E+01  0.1229140592E+01 
 2008  7920    11  0.2025445455E+01  0.1163191365E+01 
 2008  7926    11  0.5449818182E+00  0.1067727107E+01 
 2008  7932    11  -0.9598218182E+00  0.6752364658E+00 
 2008  7938    11  -0.1139400000E+01  0.5144688983E+00 
 2008  7944    11  -0.3115390909E+00  0.3259025789E+00 
 2008  7950    11  0.9274818182E+00  0.2461819719E+00 
 2008  7956    11  0.1617454545E+01  0.3215101762E+00 
 2008  7962    11  0.2034636364E+01  0.2847107855E+00 
 2008  7968    11  0.2691909091E+01  0.2913668274E+00 
 2008  7974    11  0.3767636364E+01  0.2828096928E+00 
 2008  7980    11  0.3867727273E+01  0.4957495869E+00 
 2008  7986    11  0.3658818182E+01  0.5558357864E+00 
 2008  7992    11  0.2794454545E+01  0.5851747779E+00 
 2008  7998    11  0.1953363636E+01  0.4181357485E+00 
 2008  8004    11  0.6665581818E+00  0.6442311601E+00 
 2008  8010    11  -0.4025636364E+00  0.8422442631E+00 
 2008  8016    11  -0.1057609091E+01  0.1197459746E+01 
 2008  8022    11  -0.9559336364E+00  0.1481241691E+01 
 2008  8028    11  -0.1274197273E+01  0.1576793396E+01 
 2008  8034    11  -0.1621843636E+01  0.1356584685E+01 
 2008  8040    11  -0.1669800000E+01  0.1225209780E+01 
 2008  8046    11  -0.1228736364E+01  0.1211638835E+01 
 2008  8052    11  -0.1084718182E+01  0.1267144776E+01 
 2008  8058    11  -0.1718109091E+01  0.1131948330E+01 
 2008  8064    11  -0.2669745455E+01  0.1000761543E+01 
 2008  8070    11  -0.3502363636E+01  0.9087873311E+00 
 2008  8076    11  -0.4489181818E+01  0.8441384869E+00 
 2008  8082    11  -0.4748363636E+01  0.7283220158E+00 
 2008  8088    11  -0.4051181818E+01  0.8306902736E+00 
 2008  8094    11  -0.3154636364E+01  0.9372011788E+00 
 2008  8100    11  -0.3052272727E+01  0.8657796372E+00 
 2008  8106    11  -0.3929909091E+01  0.7660868043E+00 
 2008  8112    11  -0.4822727273E+01  0.5653981849E+00 
 2008  8118    11  -0.3664636364E+01  0.4603001536E+00 
 2008  8124    11  -0.2402545455E+01  0.7226139877E+00 
 2008  8130    11  -0.1653209091E+01  0.8209443414E+00 
 2008  8136    11  -0.1833000000E+01  0.3776597796E+00 
 2008  8142    11  -0.2614727273E+01  0.2446184751E+00 
 2008  8148    11  -0.3400636364E+01  0.4948820379E+00 
 2008  8154    11  -0.3441181818E+01  0.7669873554E+00 
 2008  8160    11  -0.3852090909E+01  0.9972382276E+00 
 2008  8166    11  -0.4617545455E+01  0.8969611691E+00 
 2008  8172    11  -0.5783000000E+01  0.9145082136E+00 
 2008  8178    11  -0.6004909091E+01  0.9810039806E+00 
 2008  8184    11  -0.5612181818E+01  0.1102709293E+01 
 2008  8190    11  -0.4394000000E+01  0.1374540452E+01 
 2008  8196    11  -0.3592290909E+01  0.1704887896E+01 
 2008  8202    11  -0.3834181818E+01  0.1604786353E+01 
 2008  8208    11  -0.3917363636E+01  0.1195366758E+01 
 2008  8214    11  -0.3282818182E+01  0.1170439686E+01 
 2008  8220    11  -0.2832290909E+01  0.1298700585E+01 
 2008  8226    11  -0.2898727273E+01  0.1066114448E+01 
 2008  8232    11  -0.3105272727E+01  0.1044881906E+01 
 2008  8238    11  -0.3226090909E+01  0.1195761716E+01 
 2008  8244    11  -0.3564909091E+01  0.1079143975E+01 
 2008  8250    11  -0.3488363636E+01  0.7308095477E+00 
 2008  8256    11  -0.3077818182E+01  0.5280400843E+00 
 2008  8262    11  -0.3261090909E+01  0.5228849090E+00 
 2008  8268    11  -0.3659909091E+01  0.5084780239E+00 
 2008  8274    11  -0.4570181818E+01  0.4680355111E+00 
 2008  8280    11  -0.4736000000E+01  0.6293380361E+00 
 2008  8286    11  -0.4267545455E+01  0.6825737874E+00 
 2008  8292    11  -0.4182545455E+01  0.6790572828E+00 
 2008  8298    11  -0.4469545455E+01  0.5166643651E+00 
 2008  8304    11  -0.4878363636E+01  0.4034078182E+00 
 2008  8310    11  -0.5171909091E+01  0.4688070847E+00 
 2008  8316    11  -0.4853545455E+01  0.5487182360E+00 
 2008  8322    11  -0.4462909091E+01  0.6375397962E+00 
 2008  8328    11  -0.3734636364E+01  0.6766672706E+00 
 2008  8334    11  -0.3081454545E+01  0.6497695205E+00 
 2008  8340    11  -0.2515818182E+01  0.5821327275E+00 
 2008  8346    11  -0.2540818182E+01  0.4382331920E+00 
 2008  8352    11  -0.2136818182E+01  0.3352556198E+00 
 2008  8358    11  -0.1502481818E+01  0.3507126169E+00 
 2008  8364    11  -0.8760454545E+00  0.2894327818E+00 
 2008  8370    11  -0.2451709091E+00  0.1477738234E+00 
 2008  8376    11  0.3571090909E+00  0.5197412738E-01 
 2008  8382    11  0.1041481818E+01  0.1439053908E+00 
 2008  8388    11  0.8633636364E+00  0.1513533870E+00 
 2008  8394    11  -0.5284454545E+00  0.2297126916E+00 
 2008  8400    11  -0.1735363636E+01  0.2266841105E+00 
 2008  8406    11  -0.2370272727E+01  0.1019341061E+00 
 2008  8412    11  -0.2366909091E+01  0.3864852001E+00 
 2008  8418    11  -0.1119136364E+01  0.1798473912E+00 
 2008  8424    11  -0.2186245455E+00  0.3742956000E+00 
 2008  8430    11  -0.2751700000E+00  0.3424529766E+00 
 2008  8436    11  -0.5688818182E+00  0.1763411766E+00 
 2008  8442    11  -0.2847218182E+00  0.2387112891E+00 
 2008  8448    11  0.6418181818E+00  0.3522439955E+00 
 2008  8454    11  0.1075781818E+01  0.5087480245E+00 
 2008  8460    11  0.3856545455E+00  0.7551662807E+00 
 2008  8466    11  -0.3172781818E+00  0.8889989081E+00 
 2008  8472    11  0.3926545455E+00  0.8065792610E+00 
 2008  8478    11  0.1203536364E+01  0.4917438899E+00 
 2008  8484    11  0.1607627273E+01  0.3846097292E+00 
 2008  8490    11  0.1174754545E+01  0.2817582631E+00 
 2008  8496    11  0.7360727273E+00  0.2730399841E+00 
 2008  8502    11  0.2296454545E+00  0.3876826452E+00 
 2008  8508    11  0.7239800000E-01  0.4059869412E+00 
 2008  8514    11  -0.5683727273E+00  0.2936946655E+00 
 2008  8520    11  -0.5489746364E+00  0.2968761003E+00 
 2008  8526    11  -0.9008727273E+00  0.9024119288E-01 
 2008  8532    11  -0.8017363636E+00  0.1837468974E+00 
 2008  8538    11  -0.1172363636E+01  0.1407055421E+00 
 2008  8544    11  -0.2057000000E+01  0.3639605373E+00 
 2008  8550    11  -0.3005363636E+01  0.4705776475E+00 
 2008  8556    11  -0.3453454545E+01  0.4283293897E+00 
 2008  8562    11  -0.3386363636E+01  0.3755500869E+00 
 2008  8568    11  -0.3314727273E+01  0.4067139023E+00 
 2008  8574    11  -0.3282454545E+01  0.4131225580E+00 
 2008  8580    11  -0.3294909091E+01  0.4648975360E+00 
 2008  8586    11  -0.2950545455E+01  0.4626835486E+00 
 2008  8592    11  -0.2536727273E+01  0.5073833213E+00 
 2008  8598    11  -0.1868954545E+01  0.6333140272E+00 
 2008  8604    11  -0.1370672727E+01  0.5661128671E+00 
 2008  8610    11  -0.1024953182E+01  0.4020092259E+00 
 2008  8616    11  0.3866890909E-01  0.4852086490E+00 
 2008  8622    11  0.1504236364E+01  0.6118211968E+00 
 2008  8628    11  0.2256272727E+01  0.6212032446E+00 
 2008  8634    11  0.3020545455E+01  0.5735697411E+00 
 2008  8640    11  0.4232000000E+01  0.5649469806E+00 
 2008  8646    11  0.5799363636E+01  0.7214488292E+00 
 2008  8652    11  0.7036181818E+01  0.7352476167E+00 
 2008  8658    11  0.7261818182E+01  0.5699144781E+00 
 2008  8664    11  0.7287181818E+01  0.5065718684E+00 
 2008  8670    11  0.7246090909E+01  0.5910872039E+00 
 2008  8676    11  0.6490545455E+01  0.5294453983E+00 
 2008  8682    11  0.5233909091E+01  0.5198096600E+00 
 2008  8688    11  0.4002636364E+01  0.5243120640E+00 
 2008  8694    11  0.2859636364E+01  0.5418483976E+00 
 2008  8700    11  0.1808727273E+01  0.4477168527E+00 
 2008  8706    11  0.1279181818E+01  0.4213235289E+00 
 2008  8712    11  0.1022363636E+01  0.4857706610E+00 
 2008  8718    11  0.1538954545E+01  0.5294857048E+00 
 2008  8724    11  0.1674454545E+01  0.5335606575E+00 
 2008  8730    11  0.1565854545E+01  0.4498235540E+00 
 2008  8736    11  0.1752000000E+01  0.5192990030E+00 
 2008  8742    11  0.1542072727E+01  0.4965022550E+00 
 2008  8748    11  0.1451181818E+01  0.2496924720E+00 
 2008  8754    11  0.1582363636E+01  0.2660872286E+00 
 2008  8760    11  0.2049818182E+01  0.2802423685E+00 
 2008  8766    11  0.2431909091E+01  0.1712114347E+00 
 2008  8772    11  0.2610363636E+01  0.2200600219E+00 
 2008  8778    11  0.2872181818E+01  0.2700241801E+00 
 2008  8784    11  0.3242090909E+01  0.4340796857E+00 
