 2008  0006    11  0.1792102727E+00  0.4371106418E+00 
 2008  0012    11  -0.8276727273E+00  0.4861448738E+00 
 2008  0018    11  -0.1513063636E+01  0.4958317572E+00 
 2008  0024    11  -0.9585636364E+00  0.2828143923E+00 
 2008  0030    11  -0.9848909091E-01  0.2979969991E+00 
 2008  0036    11  0.1208618182E+00  0.3211328443E+00 
 2008  0042    11  0.9597181818E+00  0.3035774091E+00 
 2008  0048    11  0.1095263636E+01  0.3727577407E+00 
 2008  0054    11  0.6055254545E+00  0.4362995784E+00 
 2008  0060    11  -0.7607581818E+00  0.5349390236E+00 
 2008  0066    11  -0.2226854545E+01  0.8391513856E+00 
 2008  0072    11  -0.2039690909E+01  0.1000352343E+01 
 2008  0078    11  -0.4945727273E+00  0.6003404168E+00 
 2008  0084    11  0.6350081818E+00  0.4804091846E+00 
 2008  0090    11  0.1837672727E+01  0.6499601961E+00 
 2008  0096    11  0.2673636364E+01  0.7638777000E+00 
 2008  0102    11  0.2713545455E+01  0.7553398228E+00 
 2008  0108    11  0.2566700000E+01  0.9191106620E+00 
 2008  0114    11  0.2904272727E+01  0.1121920844E+01 
 2008  0120    11  0.3852390909E+01  0.1198881987E+01 
 2008  0126    11  0.5134090909E+01  0.1121297986E+01 
 2008  0132    11  0.5552636364E+01  0.1123296470E+01 
 2008  0138    11  0.4476363636E+01  0.1298952604E+01 
 2008  0144    11  0.3178218182E+01  0.1442077518E+01 
 2008  0150    11  0.2378709091E+01  0.1453891721E+01 
 2008  0156    11  0.2895354545E+01  0.1339425210E+01 
 2008  0162    11  0.3443981818E+01  0.1191610157E+01 
 2008  0168    11  0.4254272727E+01  0.1206310837E+01 
 2008  0174    11  0.4640181818E+01  0.1087075043E+01 
 2008  0180    11  0.4928818182E+01  0.1008292600E+01 
 2008  0186    11  0.3968363636E+01  0.9544718933E+00 
 2008  0192    11  0.3472272727E+01  0.8976526045E+00 
 2008  0198    11  0.3473454545E+01  0.8155391260E+00 
 2008  0204    11  0.3845545455E+01  0.7726160241E+00 
 2008  0210    11  0.3442909091E+01  0.5976892556E+00 
 2008  0216    11  0.2747545455E+01  0.5558134683E+00 
 2008  0222    11  0.2351545455E+01  0.5195731401E+00 
 2008  0228    11  0.2406545455E+01  0.5440159362E+00 
 2008  0234    11  0.2236181818E+01  0.5391501424E+00 
 2008  0240    11  0.2690727273E+01  0.4751292821E+00 
 2008  0246    11  0.3296545455E+01  0.4094118539E+00 
 2008  0252    11  0.3511545455E+01  0.3920617678E+00 
 2008  0258    11  0.3714818182E+01  0.4820878491E+00 
 2008  0264    11  0.4057636364E+01  0.5347348149E+00 
 2008  0270    11  0.4404545455E+01  0.5268804183E+00 
 2008  0276    11  0.3730545455E+01  0.5141760158E+00 
 2008  0282    11  0.3130272727E+01  0.5227186086E+00 
 2008  0288    11  0.3115818182E+01  0.5885141256E+00 
 2008  0294    11  0.3518181818E+01  0.5432377377E+00 
 2008  0300    11  0.3977727273E+01  0.4551457491E+00 
 2008  0306    11  0.3646818182E+01  0.4130848071E+00 
 2008  0312    11  0.3500181818E+01  0.4449943448E+00 
 2008  0318    11  0.3224181818E+01  0.5095332656E+00 
 2008  0324    11  0.3196090909E+01  0.4783124605E+00 
 2008  0330    11  0.2672818182E+01  0.5274251034E+00 
 2008  0336    11  0.1924545455E+01  0.5199201623E+00 
 2008  0342    11  0.7968200000E+00  0.5331752579E+00 
 2008  0348    11  -0.3285745455E+00  0.4815385727E+00 
 2008  0354    11  -0.1567300000E+01  0.4557925066E+00 
 2008  0360    11  -0.2053636364E+01  0.4602318137E+00 
 2008  0366    11  -0.2309727273E+01  0.3690171444E+00 
 2008  0372    11  -0.2958727273E+01  0.2910838963E+00 
 2008  0378    11  -0.3243181818E+01  0.3046648884E+00 
 2008  0384    11  -0.3113545455E+01  0.4163864821E+00 
 2008  0390    11  -0.3958727273E+01  0.4775450652E+00 
 2008  0396    11  -0.4720454545E+01  0.3662421861E+00 
 2008  0402    11  -0.5281272727E+01  0.3018443581E+00 
 2008  0408    11  -0.5047000000E+01  0.2478159141E+00 
 2008  0414    11  -0.4141000000E+01  0.3411949589E+00 
 2008  0420    11  -0.2992636364E+01  0.3008352835E+00 
 2008  0426    11  -0.1670090909E+01  0.3601596753E+00 
 2008  0432    11  -0.4058458182E+00  0.3729053066E+00 
 2008  0438    11  0.4184036364E+00  0.3599532254E+00 
 2008  0444    11  0.6327636364E+00  0.4351947595E+00 
 2008  0450    11  0.9590090909E+00  0.5169735960E+00 
 2008  0456    11  0.1893754545E+01  0.5011722284E+00 
 2008  0462    11  0.2378727273E+01  0.4317836350E+00 
 2008  0468    11  0.1899209091E+01  0.4044270256E+00 
 2008  0474    11  0.1584463636E+01  0.4165724695E+00 
 2008  0480    11  0.1745000000E+01  0.4146192119E+00 
 2008  0486    11  0.1823445455E+01  0.3737361767E+00 
 2008  0492    11  0.1229109091E+01  0.2725051241E+00 
 2008  0498    11  0.9628909091E+00  0.2508214992E+00 
 2008  0504    11  0.1288363636E+01  0.3301151404E+00 
 2008  0510    11  0.2400545455E+01  0.5257599459E+00 
 2008  0516    11  0.2534545455E+01  0.5677219812E+00 
 2008  0522    11  0.1824309091E+01  0.5192610229E+00 
 2008  0528    11  0.8854236364E+00  0.4495985132E+00 
 2008  0534    11  0.6470272727E+00  0.3584750431E+00 
 2008  0540    11  0.4566909091E+00  0.3559393091E+00 
 2008  0546    11  0.6232727273E+00  0.4187171449E+00 
 2008  0552    11  0.6698454545E+00  0.4085701394E+00 
 2008  0558    11  0.1588890909E+01  0.4669654950E+00 
 2008  0564    11  0.1497045455E+01  0.4829821103E+00 
 2008  0570    11  -0.3324390909E-01  0.5270244521E+00 
 2008  0576    11  -0.7572763636E+00  0.6394399690E+00 
 2008  0582    11  0.3883454545E+00  0.8012005246E+00 
 2008  0588    11  0.1903745455E+01  0.7897938930E+00 
 2008  0594    11  0.3243000000E+01  0.6873079236E+00 
 2008  0600    11  0.3751000000E+01  0.6276823169E+00 
 2008  0606    11  0.3718636364E+01  0.5724369394E+00 
 2008  0612    11  0.3607909091E+01  0.6213461127E+00 
 2008  0618    11  0.3929818182E+01  0.8375956736E+00 
 2008  0624    11  0.4369363636E+01  0.1023770862E+01 
 2008  0630    11  0.4386909091E+01  0.1175245000E+01 
 2008  0636    11  0.3838545455E+01  0.1118518043E+01 
 2008  0642    11  0.3186154545E+01  0.1098218368E+01 
 2008  0648    11  0.3494481818E+01  0.1009558037E+01 
 2008  0654    11  0.3964363636E+01  0.9365617266E+00 
 2008  0660    11  0.4489909091E+01  0.8371328182E+00 
 2008  0666    11  0.4861818182E+01  0.8169903547E+00 
 2008  0672    11  0.5599272727E+01  0.8928905146E+00 
 2008  0678    11  0.5668636364E+01  0.1049443426E+01 
 2008  0684    11  0.4786545455E+01  0.1203447802E+01 
 2008  0690    11  0.3049372727E+01  0.1278978274E+01 
 2008  0696    11  0.1299331818E+01  0.1145870953E+01 
 2008  0702    11  0.1265727273E+00  0.9596276409E+00 
 2008  0708    11  0.2338527273E+00  0.8417657013E+00 
 2008  0714    11  0.4724309091E+00  0.8395356345E+00 
 2008  0720    11  0.6094463636E+00  0.6471146019E+00 
 2008  0726    11  0.3574154545E+00  0.4313824540E+00 
 2008  0732    11  -0.6918400000E+00  0.5478402392E+00 
 2008  0738    11  -0.6153636364E+00  0.2530508115E+00 
 2008  0744    11  0.1606263636E+01  0.3391262363E+00 
 2008  0750    11  0.3967181818E+01  0.4816990419E+00 
 2008  0756    11  0.3769090909E+01  0.4594988287E+00 
 2008  0762    11  0.2515545455E+01  0.4463350481E+00 
 2008  0768    11  0.3962545455E+01  0.7598525412E+00 
 2008  0774    11  0.6775000000E+01  0.1205571460E+01 
 2008  0780    11  0.8321181818E+01  0.1159118773E+01 
 2008  0786    11  0.7168000000E+01  0.9531875710E+00 
 2008  0792    11  0.6747909091E+01  0.7267426022E+00 
 2008  0798    11  0.6443727273E+01  0.7365906833E+00 
 2008  0804    11  0.6212272727E+01  0.7462488119E+00 
 2008  0810    11  0.5913818182E+01  0.6947179700E+00 
 2008  0816    11  0.6174363636E+01  0.6117764406E+00 
 2008  0822    11  0.5086181818E+01  0.7426210116E+00 
 2008  0828    11  0.3981909091E+01  0.7407592487E+00 
 2008  0834    11  0.3722272727E+01  0.5542651303E+00 
 2008  0840    11  0.4047181818E+01  0.3990301465E+00 
 2008  0846    11  0.3740363636E+01  0.4920850393E+00 
 2008  0852    11  0.3267636364E+01  0.5102689616E+00 
 2008  0858    11  0.2798272727E+01  0.5220945736E+00 
 2008  0864    11  0.2451727273E+01  0.4485893224E+00 
 2008  0870    11  0.1636000000E+01  0.4413351643E+00 
 2008  0876    11  0.1407218182E+01  0.4563487479E+00 
 2008  0882    11  0.1466372727E+01  0.5434552321E+00 
 2008  0888    11  0.2068745455E+01  0.5777110262E+00 
 2008  0894    11  0.1838000000E+01  0.7486316001E+00 
 2008  0900    11  0.1005386364E+01  0.9656029191E+00 
 2008  0906    11  -0.6138272727E+00  0.1110177776E+01 
 2008  0912    11  -0.1003361818E+01  0.1034002757E+01 
 2008  0918    11  -0.3906200000E+00  0.8491370120E+00 
 2008  0924    11  -0.5702727273E-01  0.7709573790E+00 
 2008  0930    11  0.7260518182E+00  0.6635713701E+00 
 2008  0936    11  0.1456154545E+01  0.6850369882E+00 
 2008  0942    11  0.2394909091E+01  0.6819004799E+00 
 2008  0948    11  0.3277909091E+01  0.7089951217E+00 
 2008  0954    11  0.3100909091E+01  0.7623646771E+00 
 2008  0960    11  0.2665027273E+01  0.8693735928E+00 
 2008  0966    11  0.3847727273E+01  0.9578779663E+00 
 2008  0972    11  0.4240818182E+01  0.9168726310E+00 
 2008  0978    11  0.4070727273E+01  0.6987246942E+00 
 2008  0984    11  0.3782454545E+01  0.6544886086E+00 
 2008  0990    11  0.3501909091E+01  0.5482811911E+00 
 2008  0996    11  0.3262545455E+01  0.4557061181E+00 
 2008  1002    11  0.3253818182E+01  0.3912436623E+00 
 2008  1008    11  0.3678363636E+01  0.3894014691E+00 
 2008  1014    11  0.3364454545E+01  0.4768819872E+00 
 2008  1020    11  0.2618909091E+01  0.5991347480E+00 
 2008  1026    11  0.2419100000E+01  0.7822894663E+00 
 2008  1032    11  0.2812127273E+01  0.7509868527E+00 
 2008  1038    11  0.3336181818E+01  0.6608114596E+00 
 2008  1044    11  0.2707909091E+01  0.5537305637E+00 
 2008  1050    11  0.2222372727E+01  0.5591693419E+00 
 2008  1056    11  0.2705000000E+01  0.4624486212E+00 
 2008  1062    11  0.2249727273E+01  0.3619465282E+00 
 2008  1068    11  0.1367500000E+01  0.3983969218E+00 
 2008  1074    11  0.4053698182E+00  0.6382025004E+00 
 2008  1080    11  0.1193963636E+01  0.8049469619E+00 
 2008  1086    11  0.1865009091E+01  0.7086634109E+00 
 2008  1092    11  0.1896990909E+01  0.5691182661E+00 
 2008  1098    11  0.1962454545E+01  0.5421463009E+00 
 2008  1104    11  0.2061363636E+01  0.5458255254E+00 
 2008  1110    11  0.2003272727E+01  0.4893662118E+00 
 2008  1116    11  0.1972890909E+01  0.4909113333E+00 
 2008  1122    11  0.1573154545E+01  0.5870834064E+00 
 2008  1128    11  0.1798472727E+01  0.7506519216E+00 
 2008  1134    11  0.2684836364E+01  0.8903290579E+00 
 2008  1140    11  0.3587545455E+01  0.9000145821E+00 
 2008  1146    11  0.3917818182E+01  0.7821538814E+00 
 2008  1152    11  0.3582454545E+01  0.6681774892E+00 
 2008  1158    11  0.3301363636E+01  0.6486353889E+00 
 2008  1164    11  0.2870363636E+01  0.5896230341E+00 
 2008  1170    11  0.2490090909E+01  0.5351719273E+00 
 2008  1176    11  0.3256636364E+01  0.4790921856E+00 
 2008  1182    11  0.3668454545E+01  0.5098123298E+00 
 2008  1188    11  0.3176454545E+01  0.5996554107E+00 
 2008  1194    11  0.2378909091E+01  0.4962282200E+00 
 2008  1200    11  0.2241090909E+01  0.4290786015E+00 
 2008  1206    11  0.1936181818E+01  0.3995499327E+00 
 2008  1212    11  0.9092181818E+00  0.2541001764E+00 
 2008  1218    11  0.1181465455E+00  0.2193267920E+00 
 2008  1224    11  -0.1291427273E+00  0.2690604697E+00 
 2008  1230    11  -0.3221301818E+00  0.3902161429E+00 
 2008  1236    11  -0.5320272727E+00  0.4215632231E+00 
 2008  1242    11  -0.2569790909E+00  0.4765838463E+00 
 2008  1248    11  0.5017045455E+00  0.4408729391E+00 
 2008  1254    11  0.1313427273E+01  0.4602093478E+00 
 2008  1260    11  0.1241081818E+01  0.4115883222E+00 
 2008  1266    11  0.1880763636E+00  0.3976873657E+00 
 2008  1272    11  -0.4820372727E+00  0.5565726568E+00 
 2008  1278    11  0.1098481818E+01  0.8323277838E+00 
 2008  1284    11  0.2371490909E+01  0.6505264518E+00 
 2008  1290    11  0.1828836364E+01  0.5112916749E+00 
 2008  1296    11  0.5037000000E+00  0.4898718849E+00 
 2008  1302    11  0.2966563636E+00  0.8306073645E+00 
 2008  1308    11  0.2342645455E+01  0.1160415091E+01 
 2008  1314    11  0.3265454545E+01  0.8067829903E+00 
 2008  1320    11  0.2486545455E+01  0.6469231180E+00 
 2008  1326    11  0.2023572727E+01  0.4760520867E+00 
 2008  1332    11  0.3371636364E+01  0.7502625326E+00 
 2008  1338    11  0.4912272727E+01  0.9655411192E+00 
 2008  1344    11  0.6129363636E+01  0.8669209121E+00 
 2008  1350    11  0.5482363636E+01  0.7149096920E+00 
 2008  1356    11  0.3587727273E+01  0.7180698992E+00 
 2008  1362    11  0.3336818182E+01  0.7288785680E+00 
 2008  1368    11  0.4339909091E+01  0.7683557953E+00 
 2008  1374    11  0.5702363636E+01  0.7356948815E+00 
 2008  1380    11  0.4856909091E+01  0.6965763620E+00 
 2008  1386    11  0.4181909091E+01  0.7359181593E+00 
 2008  1392    11  0.4763727273E+01  0.7146774340E+00 
 2008  1398    11  0.5413000000E+01  0.6906233021E+00 
 2008  1404    11  0.5113909091E+01  0.6253122063E+00 
 2008  1410    11  0.4248818182E+01  0.5870697369E+00 
 2008  1416    11  0.4091727273E+01  0.5799451527E+00 
 2008  1422    11  0.4377181818E+01  0.7054132017E+00 
 2008  1428    11  0.4794000000E+01  0.8072288174E+00 
 2008  1434    11  0.4744636364E+01  0.8885808167E+00 
 2008  1440    11  0.4838181818E+01  0.8499437220E+00 
 2008  1446    11  0.4294000000E+01  0.7973835623E+00 
 2008  1452    11  0.4711545455E+01  0.7312587359E+00 
 2008  1458    11  0.5138181818E+01  0.7235015635E+00 
 2008  1464    11  0.5369909091E+01  0.6415558439E+00 
 2008  1470    11  0.4566545455E+01  0.7278812795E+00 
 2008  1476    11  0.3959090909E+01  0.7717149090E+00 
 2008  1482    11  0.2883145455E+01  0.8808342083E+00 
 2008  1488    11  0.1549118182E+01  0.9878285339E+00 
 2008  1494    11  0.2911476364E+00  0.9647043049E+00 
 2008  1500    11  -0.1172509091E+01  0.4431926084E+00 
 2008  1506    11  -0.2739818182E+01  0.2298465172E+00 
 2008  1512    11  -0.3118818182E+01  0.2804800489E+00 
 2008  1518    11  -0.2827454545E+01  0.3002663556E+00 
 2008  1524    11  -0.2596363636E+01  0.1862267790E+00 
 2008  1530    11  -0.1712363636E+01  0.1640871568E+00 
 2008  1536    11  -0.1044054545E+01  0.9738116640E-01 
 2008  1542    11  0.2621181818E+00  0.1730506958E+00 
 2008  1548    11  0.1411445455E+01  0.2921120624E+00 
 2008  1554    11  0.2743454545E+01  0.4304125640E+00 
 2008  1560    11  0.3440363636E+01  0.4661931462E+00 
 2008  1566    11  0.3676090909E+01  0.4294894336E+00 
 2008  1572    11  0.3065181818E+01  0.4464388013E+00 
 2008  1578    11  0.3349454545E+01  0.5118514280E+00 
 2008  1584    11  0.4538000000E+01  0.6052770966E+00 
 2008  1590    11  0.5586000000E+01  0.5669699367E+00 
 2008  1596    11  0.5370454545E+01  0.5765575527E+00 
 2008  1602    11  0.4649727273E+01  0.5770251438E+00 
 2008  1608    11  0.4058545455E+01  0.5897631826E+00 
 2008  1614    11  0.4298363636E+01  0.6462943704E+00 
 2008  1620    11  0.4544909091E+01  0.5957524584E+00 
 2008  1626    11  0.3920363636E+01  0.5085031997E+00 
 2008  1632    11  0.3124272727E+01  0.4865849624E+00 
 2008  1638    11  0.2919636364E+01  0.4243573264E+00 
 2008  1644    11  0.2587818182E+01  0.4534006493E+00 
 2008  1650    11  0.1015372727E+01  0.4069776587E+00 
 2008  1656    11  -0.1353527273E+01  0.4008749796E+00 
 2008  1662    11  -0.2918545455E+01  0.4164410607E+00 
 2008  1668    11  -0.2638909091E+01  0.4774670773E+00 
 2008  1674    11  -0.9540090909E+00  0.3792476990E+00 
 2008  1680    11  0.1226582727E+00  0.3528161922E+00 
 2008  1686    11  -0.6857181818E-01  0.5330254610E+00 
 2008  1692    11  -0.4185909091E+00  0.5849723062E+00 
 2008  1698    11  0.4259181818E+00  0.4148150186E+00 
 2008  1704    11  0.9339727273E+00  0.3141610765E+00 
 2008  1710    11  0.1525190909E+01  0.3797300487E+00 
 2008  1716    11  0.2273363636E+01  0.2474345727E+00 
 2008  1722    11  0.1982909091E+01  0.4076253749E+00 
 2008  1728    11  0.1847045455E+01  0.5881885309E+00 
 2008  1734    11  0.2326372727E+01  0.7929275263E+00 
 2008  1740    11  0.2699227273E+01  0.8119877788E+00 
 2008  1746    11  0.2638354545E+01  0.8466696591E+00 
 2008  1752    11  0.3201263636E+01  0.8436999168E+00 
 2008  1758    11  0.4469727273E+01  0.8915850126E+00 
 2008  1764    11  0.5100000000E+01  0.9526550458E+00 
 2008  1770    11  0.4729000000E+01  0.9340072026E+00 
 2008  1776    11  0.4594363636E+01  0.8528220823E+00 
 2008  1782    11  0.4986454545E+01  0.7531786416E+00 
 2008  1788    11  0.4977545455E+01  0.6458840824E+00 
 2008  1794    11  0.4645181818E+01  0.5673709414E+00 
 2008  1800    11  0.5166545455E+01  0.5179995373E+00 
 2008  1806    11  0.5259181818E+01  0.4739558511E+00 
 2008  1812    11  0.5255363636E+01  0.4353078895E+00 
 2008  1818    11  0.5135818182E+01  0.4018628934E+00 
 2008  1824    11  0.5019181818E+01  0.3850869602E+00 
 2008  1830    11  0.5187090909E+01  0.3974849236E+00 
 2008  1836    11  0.4717272727E+01  0.5569826325E+00 
 2008  1842    11  0.3387409091E+01  0.9949016584E+00 
 2008  1848    11  0.2435190909E+01  0.1111860897E+01 
 2008  1854    11  0.3325000000E+01  0.6142503191E+00 
 2008  1860    11  0.3481818182E+01  0.5062314990E+00 
 2008  1866    11  0.2775909091E+01  0.6421849712E+00 
 2008  1872    11  0.2474109091E+01  0.8782241435E+00 
 2008  1878    11  0.2845254545E+01  0.9970353111E+00 
 2008  1884    11  0.2306929091E+01  0.8995370200E+00 
 2008  1890    11  0.2799490909E+01  0.7581675102E+00 
 2008  1896    11  0.3693727273E+01  0.7092562162E+00 
 2008  1902    11  0.4722181818E+01  0.6118728059E+00 
 2008  1908    11  0.5012727273E+01  0.6155207833E+00 
 2008  1914    11  0.4814000000E+01  0.5428249341E+00 
 2008  1920    11  0.4245272727E+01  0.5496233571E+00 
 2008  1926    11  0.4346272727E+01  0.5198615359E+00 
 2008  1932    11  0.5431090909E+01  0.5141999000E+00 
 2008  1938    11  0.6180454545E+01  0.4998565910E+00 
 2008  1944    11  0.6021636364E+01  0.4645755194E+00 
 2008  1950    11  0.5620909091E+01  0.5022493865E+00 
 2008  1956    11  0.5071909091E+01  0.5803292881E+00 
 2008  1962    11  0.4989454545E+01  0.5579156606E+00 
 2008  1968    11  0.4342363636E+01  0.6273975502E+00 
 2008  1974    11  0.2901545455E+01  0.8243524581E+00 
 2008  1980    11  0.4702345455E+00  0.9001343451E+00 
 2008  1986    11  -0.1058994545E+01  0.8655153892E+00 
 2008  1992    11  -0.2154627273E+01  0.8462217570E+00 
 2008  1998    11  -0.2501090909E+01  0.7777272780E+00 
 2008  2004    11  -0.3520727273E+01  0.6938336310E+00 
 2008  2010    11  -0.4672181818E+01  0.6574717164E+00 
 2008  2016    11  -0.5527090909E+01  0.6345485804E+00 
 2008  2022    11  -0.4948454545E+01  0.5252759212E+00 
 2008  2028    11  -0.3939727273E+01  0.3868793777E+00 
 2008  2034    11  -0.2710818182E+01  0.3974356021E+00 
 2008  2040    11  -0.1273945455E+01  0.2360814819E+00 
 2008  2046    11  -0.9561636364E-02  0.3010600524E+00 
 2008  2052    11  0.7107818182E+00  0.4525493360E+00 
 2008  2058    11  0.7884727273E+00  0.4317009341E+00 
 2008  2064    11  0.9517454545E+00  0.3524588831E+00 
 2008  2070    11  0.1707981818E+01  0.3171706218E+00 
 2008  2076    11  0.2239636364E+01  0.2360108906E+00 
 2008  2082    11  0.2844454545E+01  0.2223651230E+00 
 2008  2088    11  0.3430000000E+01  0.2250458539E+00 
 2008  2094    11  0.4225454545E+01  0.2543359852E+00 
 2008  2100    11  0.4009090909E+01  0.3233173095E+00 
 2008  2106    11  0.3627272727E+01  0.3235240868E+00 
 2008  2112    11  0.3322000000E+01  0.3294251191E+00 
 2008  2118    11  0.3572090909E+01  0.3439673490E+00 
 2008  2124    11  0.3982272727E+01  0.3384776321E+00 
 2008  2130    11  0.3638000000E+01  0.4206808335E+00 
 2008  2136    11  0.3231272727E+01  0.4496989075E+00 
 2008  2142    11  0.3133363636E+01  0.5435287519E+00 
 2008  2148    11  0.2927090909E+01  0.5319112118E+00 
 2008  2154    11  0.1709609091E+01  0.6225323072E+00 
 2008  2160    11  0.2087654545E+00  0.8023221447E+00 
 2008  2166    11  -0.4776780000E+00  0.9319210780E+00 
 2008  2172    11  -0.6975818182E+00  0.4848419570E+00 
 2008  2178    11  -0.5203727273E+00  0.1791892706E+00 
 2008  2184    11  0.2687000000E+00  0.4448625080E+00 
 2008  2190    11  0.2759760909E+00  0.5733038777E+00 
 2008  2196    11  0.1004727273E-01  0.4790173075E+00 
 2008  2202    11  -0.1658163636E+00  0.3931321113E+00 
 2008  2208    11  -0.1175600000E+00  0.2701054882E+00 
 2008  2214    11  0.7416454545E-01  0.2449423703E+00 
 2008  2220    11  0.3872745455E+00  0.2319328130E+00 
 2008  2226    11  0.5612636364E+00  0.3375039886E+00 
 2008  2232    11  0.1437181818E+00  0.4225620617E+00 
 2008  2238    11  -0.2715727273E+00  0.6018803008E+00 
 2008  2244    11  -0.5035627273E+00  0.5744174091E+00 
 2008  2250    11  0.1285154545E+00  0.6405588722E+00 
 2008  2256    11  0.1677209091E+01  0.6985015526E+00 
 2008  2262    11  0.3462909091E+01  0.4758310347E+00 
 2008  2268    11  0.3492272727E+01  0.4425712251E+00 
 2008  2274    11  0.1798781818E+01  0.5262900027E+00 
 2008  2280    11  0.8305363636E+00  0.6199770909E+00 
 2008  2286    11  0.1869718182E+01  0.8259648428E+00 
 2008  2292    11  0.2227609091E+01  0.9861011477E+00 
 2008  2298    11  0.1578436364E+01  0.8113747562E+00 
 2008  2304    11  0.9023454545E+00  0.5089582343E+00 
 2008  2310    11  0.1373881818E+01  0.5875497964E+00 
 2008  2316    11  0.7929090909E+00  0.4966996357E+00 
 2008  2322    11  0.2693500000E+01  0.9574842273E+00 
 2008  2328    11  0.4353909091E+01  0.7808095396E+00 
 2008  2334    11  0.5673727273E+01  0.5755779848E+00 
 2008  2340    11  0.6008272727E+01  0.7100352220E+00 
 2008  2346    11  0.7782363636E+01  0.8569142603E+00 
 2008  2352    11  0.8754363636E+01  0.8163773941E+00 
 2008  2358    11  0.8027363636E+01  0.6721231317E+00 
 2008  2364    11  0.6978363636E+01  0.6372850472E+00 
 2008  2370    11  0.6225727273E+01  0.7150056695E+00 
 2008  2376    11  0.6431818182E+01  0.7119933373E+00 
 2008  2382    11  0.7307090909E+01  0.7063784016E+00 
 2008  2388    11  0.7117909091E+01  0.6204403795E+00 
 2008  2394    11  0.5867090909E+01  0.6290547677E+00 
 2008  2400    11  0.4669636364E+01  0.6159894144E+00 
 2008  2406    11  0.4565181818E+01  0.5986876281E+00 
 2008  2412    11  0.5122545455E+01  0.5700397695E+00 
 2008  2418    11  0.5320363636E+01  0.6012077651E+00 
 2008  2424    11  0.4570181818E+01  0.6553983963E+00 
 2008  2430    11  0.3597727273E+01  0.7072245485E+00 
 2008  2436    11  0.3198181818E+01  0.6371026488E+00 
 2008  2442    11  0.2783454545E+01  0.5905628076E+00 
 2008  2448    11  0.2273636364E+01  0.5804097726E+00 
 2008  2454    11  0.1723854545E+01  0.6010350351E+00 
 2008  2460    11  0.1338790909E+01  0.5737588176E+00 
 2008  2466    11  0.2751363636E+00  0.6802799930E+00 
 2008  2472    11  -0.4888000000E+00  0.6953228524E+00 
 2008  2478    11  -0.5984909091E+00  0.6389130862E+00 
 2008  2484    11  -0.6515418182E+00  0.5436456754E+00 
 2008  2490    11  -0.4422725455E+00  0.5506101911E+00 
 2008  2496    11  0.1766136364E+00  0.4624590764E+00 
 2008  2502    11  0.3575272727E+00  0.3903979277E+00 
 2008  2508    11  -0.2239888636E+00  0.3475755682E+00 
 2008  2514    11  -0.2142181818E+01  0.4818211321E+00 
 2008  2520    11  -0.3051090909E+01  0.5570766969E+00 
 2008  2526    11  -0.3505181818E+01  0.4805243004E+00 
 2008  2532    11  -0.3821454545E+01  0.4384110491E+00 
 2008  2538    11  -0.4267363636E+01  0.2971764926E+00 
 2008  2544    11  -0.4060272727E+01  0.2854040488E+00 
 2008  2550    11  -0.3422545455E+01  0.2744797935E+00 
 2008  2556    11  -0.2759454545E+01  0.3166883652E+00 
 2008  2562    11  -0.2074818182E+01  0.3706860515E+00 
 2008  2568    11  -0.1448745455E+01  0.3352298977E+00 
 2008  2574    11  -0.3788636364E-01  0.3305809665E+00 
 2008  2580    11  0.1255818182E+01  0.4361800813E+00 
 2008  2586    11  0.2628454545E+01  0.4620978573E+00 
 2008  2592    11  0.3552909091E+01  0.4705854100E+00 
 2008  2598    11  0.4639272727E+01  0.5762827732E+00 
 2008  2604    11  0.5385363636E+01  0.6604724580E+00 
 2008  2610    11  0.6128181818E+01  0.8175936775E+00 
 2008  2616    11  0.6247727273E+01  0.9106215750E+00 
 2008  2622    11  0.6472090909E+01  0.1055360210E+01 
 2008  2628    11  0.7155636364E+01  0.9969666059E+00 
 2008  2634    11  0.7318181818E+01  0.9201510566E+00 
 2008  2640    11  0.7069636364E+01  0.8025832466E+00 
 2008  2646    11  0.6740818182E+01  0.7766825511E+00 
 2008  2652    11  0.6373818182E+01  0.8231227477E+00 
 2008  2658    11  0.6468272727E+01  0.8337035762E+00 
 2008  2664    11  0.6510636364E+01  0.7264650743E+00 
 2008  2670    11  0.6516909091E+01  0.7622046319E+00 
 2008  2676    11  0.6119727273E+01  0.7951194411E+00 
 2008  2682    11  0.5654000000E+01  0.8506880638E+00 
 2008  2688    11  0.4637000000E+01  0.8353150739E+00 
 2008  2694    11  0.3306818182E+01  0.9210378354E+00 
 2008  2700    11  0.2352063636E+01  0.9494311907E+00 
 2008  2706    11  0.1517554545E+01  0.7835277316E+00 
 2008  2712    11  0.1049127273E+01  0.6060157200E+00 
 2008  2718    11  0.2155272727E+00  0.5530041050E+00 
 2008  2724    11  -0.1060418182E+01  0.4358324674E+00 
 2008  2730    11  -0.2071181818E+01  0.4225592628E+00 
 2008  2736    11  -0.2571090909E+01  0.4803264902E+00 
 2008  2742    11  -0.1364954545E+01  0.3859716838E+00 
 2008  2748    11  -0.4050909091E-01  0.2820719576E+00 
 2008  2754    11  0.4701293636E+00  0.3424758895E+00 
 2008  2760    11  0.6001863636E+00  0.4556518618E+00 
 2008  2766    11  0.1485736364E+01  0.3641329984E+00 
 2008  2772    11  0.2489727273E+01  0.3158408952E+00 
 2008  2778    11  0.3140181818E+01  0.1617308753E+00 
 2008  2784    11  0.2736272727E+01  0.2506678682E+00 
 2008  2790    11  0.2207272727E+01  0.3854782368E+00 
 2008  2796    11  0.2629636364E+01  0.3793394433E+00 
 2008  2802    11  0.3352000000E+01  0.3015641044E+00 
 2008  2808    11  0.2906545455E+01  0.3449875791E+00 
 2008  2814    11  0.1630227273E+01  0.4691359254E+00 
 2008  2820    11  0.6054636364E+00  0.4316422114E+00 
 2008  2826    11  0.1570980000E+00  0.5188747231E+00 
 2008  2832    11  -0.4630318182E+00  0.4072388971E+00 
 2008  2838    11  0.2348639091E+00  0.2955711019E+00 
 2008  2844    11  -0.3230613636E+00  0.2421465263E+00 
 2008  2850    11  -0.6649636364E+00  0.2912657495E+00 
 2008  2856    11  -0.2237690909E+00  0.3140493142E+00 
 2008  2862    11  0.1214445455E+01  0.2866003850E+00 
 2008  2868    11  0.2014636364E+01  0.2771803721E+00 
 2008  2874    11  0.2882181818E+01  0.2580985781E+00 
 2008  2880    11  0.2716272727E+01  0.3603332021E+00 
 2008  2886    11  0.3198545455E+01  0.3985451642E+00 
 2008  2892    11  0.4097545455E+01  0.4284002724E+00 
 2008  2898    11  0.4568181818E+01  0.3758289790E+00 
 2008  2904    11  0.4078272727E+01  0.2220802848E+00 
 2008  2910    11  0.3314727273E+01  0.2792613930E+00 
 2008  2916    11  0.2104818182E+01  0.4232508000E+00 
 2008  2922    11  0.1595627273E+01  0.5709602981E+00 
 2008  2928    11  0.1753345455E+01  0.5954909607E+00 
 2008  2934    11  0.2631818182E+01  0.6669183974E+00 
 2008  2940    11  0.2580636364E+01  0.7767442861E+00 
 2008  2946    11  0.2804363636E+01  0.8531288161E+00 
 2008  2952    11  0.3138909091E+01  0.7424993976E+00 
 2008  2958    11  0.2944545455E+01  0.6282566591E+00 
 2008  2964    11  0.2366363636E+01  0.5474340596E+00 
 2008  2970    11  0.1383890909E+01  0.5023245971E+00 
 2008  2976    11  0.6218727273E+00  0.5446341409E+00 
 2008  2982    11  0.3883174545E+00  0.6337036227E+00 
 2008  2988    11  -0.5077863636E+00  0.7205993920E+00 
 2008  2994    11  -0.1454372727E+01  0.7945479779E+00 
 2008  3000    11  -0.1695918182E+01  0.8156737882E+00 
 2008  3006    11  -0.5776894545E+00  0.7651957756E+00 
 2008  3012    11  -0.3518936364E+00  0.6891802082E+00 
 2008  3018    11  -0.2301254545E+00  0.5883198709E+00 
 2008  3024    11  0.1024318182E+00  0.5221274880E+00 
 2008  3030    11  0.1148676364E+01  0.4876015413E+00 
 2008  3036    11  0.1829845455E+01  0.6415813013E+00 
 2008  3042    11  0.2605054545E+01  0.6562249287E+00 
 2008  3048    11  0.2495000000E+01  0.5406879456E+00 
 2008  3054    11  0.2059972727E+01  0.5188696878E+00 
 2008  3060    11  0.1343500000E+01  0.5600109593E+00 
 2008  3066    11  0.1921954545E+01  0.6293613810E+00 
 2008  3072    11  0.2859181818E+01  0.6712087899E+00 
 2008  3078    11  0.3528454545E+01  0.6452279884E+00 
 2008  3084    11  0.3164636364E+01  0.6322761584E+00 
 2008  3090    11  0.2845545455E+01  0.6217723003E+00 
 2008  3096    11  0.2290327273E+01  0.6566200632E+00 
 2008  3102    11  0.2413154545E+01  0.7315472909E+00 
 2008  3108    11  0.2379536364E+01  0.8740026235E+00 
 2008  3114    11  0.2402987273E+01  0.9868279401E+00 
 2008  3120    11  0.2815100000E+01  0.8956085437E+00 
 2008  3126    11  0.3094454545E+01  0.8499351166E+00 
 2008  3132    11  0.2710990909E+01  0.8581689921E+00 
 2008  3138    11  0.2413145455E+01  0.8321168584E+00 
 2008  3144    11  0.2321445455E+01  0.7246399123E+00 
 2008  3150    11  0.2719545455E+01  0.6674049287E+00 
 2008  3156    11  0.3083181818E+01  0.6510508733E+00 
 2008  3162    11  0.3032454545E+01  0.5880141253E+00 
 2008  3168    11  0.2887545455E+01  0.5206365621E+00 
 2008  3174    11  0.2381545455E+01  0.4494890763E+00 
 2008  3180    11  0.2052454545E+01  0.4118959188E+00 
 2008  3186    11  0.2199090909E+01  0.3824943148E+00 
 2008  3192    11  0.2899727273E+01  0.3775259391E+00 
 2008  3198    11  0.3511181818E+01  0.4077032830E+00 
 2008  3204    11  0.3754000000E+01  0.4282826170E+00 
 2008  3210    11  0.3645636364E+01  0.5098649149E+00 
 2008  3216    11  0.3068272727E+01  0.5484997872E+00 
 2008  3222    11  0.2526727273E+01  0.6130705270E+00 
 2008  3228    11  0.2070663636E+01  0.5851592515E+00 
 2008  3234    11  0.1348263636E+01  0.5212035447E+00 
 2008  3240    11  0.6444309091E+00  0.4408873557E+00 
 2008  3246    11  0.5896272727E+00  0.4436625151E+00 
 2008  3252    11  0.5126490909E+00  0.4477257201E+00 
 2008  3258    11  0.4316372727E+00  0.4681884707E+00 
 2008  3264    11  0.7137154545E+00  0.3395755699E+00 
 2008  3270    11  0.1162518182E+01  0.3368440503E+00 
 2008  3276    11  -0.6096363636E-02  0.2642023965E+00 
 2008  3282    11  -0.1444527273E+01  0.2871230623E+00 
 2008  3288    11  -0.1713090909E+01  0.4871791633E+00 
 2008  3294    11  -0.2136609091E+00  0.6343114461E+00 
 2008  3300    11  0.9961727273E+00  0.6969632155E+00 
 2008  3306    11  0.1988090909E+01  0.6679962513E+00 
 2008  3312    11  0.2460909091E+01  0.6002751573E+00 
 2008  3318    11  0.2736909091E+01  0.5948511585E+00 
 2008  3324    11  0.2336654545E+01  0.6711672822E+00 
 2008  3330    11  0.3032545455E+01  0.6904361420E+00 
 2008  3336    11  0.4199909091E+01  0.7018357040E+00 
 2008  3342    11  0.4807181818E+01  0.7181884810E+00 
 2008  3348    11  0.4693636364E+01  0.7765196565E+00 
 2008  3354    11  0.4459545455E+01  0.6919679924E+00 
 2008  3360    11  0.3494181818E+01  0.6110440868E+00 
 2008  3366    11  0.2851181818E+01  0.5376492297E+00 
 2008  3372    11  0.2513272727E+01  0.7014448842E+00 
 2008  3378    11  0.3594000000E+01  0.8465227270E+00 
 2008  3384    11  0.4797545455E+01  0.7840783082E+00 
 2008  3390    11  0.5543363636E+01  0.7133407031E+00 
 2008  3396    11  0.5153272727E+01  0.7395088162E+00 
 2008  3402    11  0.5351545455E+01  0.7698738224E+00 
 2008  3408    11  0.5441090909E+01  0.7564013430E+00 
 2008  3414    11  0.5934636364E+01  0.7197825774E+00 
 2008  3420    11  0.5894545455E+01  0.7105843132E+00 
 2008  3426    11  0.5920545455E+01  0.6674009785E+00 
 2008  3432    11  0.6182454545E+01  0.7020164934E+00 
 2008  3438    11  0.6298545455E+01  0.7325378505E+00 
 2008  3444    11  0.6266909091E+01  0.7154554118E+00 
 2008  3450    11  0.5671181818E+01  0.7062391841E+00 
 2008  3456    11  0.4380363636E+01  0.7313308259E+00 
 2008  3462    11  0.2868909091E+01  0.6557498767E+00 
 2008  3468    11  0.1778727273E+01  0.5816357953E+00 
 2008  3474    11  0.9798090909E+00  0.5310542319E+00 
 2008  3480    11  0.8229336364E+00  0.4668305136E+00 
 2008  3486    11  0.1031045455E+01  0.2764179654E+00 
 2008  3492    11  0.3371818182E+00  0.1646604264E+00 
 2008  3498    11  0.5183909091E+00  0.1682345195E+00 
 2008  3504    11  0.9426727273E+00  0.1927390138E+00 
 2008  3510    11  0.1277200000E+01  0.3405576390E+00 
 2008  3516    11  0.1619909091E+01  0.3180078485E+00 
 2008  3522    11  0.2078818182E+01  0.2799220080E+00 
 2008  3528    11  0.2525272727E+01  0.2964306115E+00 
 2008  3534    11  0.2102000000E+01  0.3691786953E+00 
 2008  3540    11  0.1738818182E+01  0.4456761601E+00 
 2008  3546    11  0.6935000000E+00  0.4942014109E+00 
 2008  3552    11  -0.4015563636E+00  0.4079765195E+00 
 2008  3558    11  -0.5161454545E+00  0.3379364560E+00 
 2008  3564    11  -0.1433727273E+01  0.1474640732E+00 
 2008  3570    11  -0.1583727273E+01  0.3685389065E+00 
 2008  3576    11  0.4311481818E+00  0.5220393716E+00 
 2008  3582    11  0.2416909091E+01  0.4214648599E+00 
 2008  3588    11  0.3207272727E+01  0.2858935247E+00 
 2008  3594    11  0.2756727273E+01  0.2474142977E+00 
 2008  3600    11  0.2598909091E+01  0.2659283754E+00 
 2008  3606    11  0.2078545455E+01  0.4048421384E+00 
 2008  3612    11  0.2554909091E+01  0.5829800331E+00 
 2008  3618    11  0.2880363636E+01  0.5430505205E+00 
 2008  3624    11  0.2125827273E+01  0.6808035815E+00 
 2008  3630    11  0.1227745455E+01  0.8090778582E+00 
 2008  3636    11  0.6036636364E+00  0.8998037314E+00 
 2008  3642    11  0.5063063636E+00  0.8235992222E+00 
 2008  3648    11  0.1089836364E+01  0.6386848708E+00 
 2008  3654    11  0.1603009091E+01  0.5644118620E+00 
 2008  3660    11  0.9164536364E+00  0.6371022078E+00 
 2008  3666    11  0.1305181818E+00  0.8577125793E+00 
 2008  3672    11  0.5892063636E+00  0.7143018794E+00 
 2008  3678    11  0.1775671818E+01  0.6313158846E+00 
 2008  3684    11  0.1775790909E+01  0.5477989851E+00 
 2008  3690    11  0.1299954545E+01  0.4431674429E+00 
 2008  3696    11  0.1277863636E+01  0.4396384760E+00 
 2008  3702    11  0.1146909091E+01  0.8893131266E+00 
 2008  3708    11  0.9133809091E+00  0.9842174392E+00 
 2008  3714    11  0.9438636364E+00  0.7515030675E+00 
 2008  3720    11  0.1309417909E+01  0.8039088461E+00 
 2008  3726    11  0.1843472727E+01  0.1023933351E+01 
 2008  3732    11  0.2172209091E+01  0.9824894637E+00 
 2008  3738    11  0.2863990909E+01  0.7924250701E+00 
 2008  3744    11  0.3766363636E+01  0.7286337492E+00 
 2008  3750    11  0.4073727273E+01  0.6048304181E+00 
 2008  3756    11  0.4241000000E+01  0.6074535523E+00 
 2008  3762    11  0.4840454545E+01  0.5730897698E+00 
 2008  3768    11  0.4537545455E+01  0.5973359590E+00 
 2008  3774    11  0.4429363636E+01  0.4961636960E+00 
 2008  3780    11  0.4900818182E+01  0.5021191127E+00 
 2008  3786    11  0.4132818182E+01  0.6489358868E+00 
 2008  3792    11  0.2718636364E+01  0.7167280799E+00 
 2008  3798    11  0.2450463636E+01  0.7508911703E+00 
 2008  3804    11  0.1704945455E+01  0.8779385072E+00 
 2008  3810    11  0.3690409091E+00  0.1044892628E+01 
 2008  3816    11  0.7501260909E+00  0.9353604951E+00 
 2008  3822    11  0.2249454545E+01  0.8885028637E+00 
 2008  3828    11  0.2283590909E+01  0.8271793479E+00 
 2008  3834    11  0.2469818182E+01  0.7654462535E+00 
 2008  3840    11  0.2466509091E+01  0.8938530950E+00 
 2008  3846    11  0.1953818182E+01  0.6634448416E+00 
 2008  3852    11  0.2664909091E+01  0.5148209670E+00 
 2008  3858    11  0.3348636364E+01  0.5352597114E+00 
 2008  3864    11  0.3758181818E+01  0.5472089211E+00 
 2008  3870    11  0.3372818182E+01  0.5769014124E+00 
 2008  3876    11  0.3636545455E+01  0.5986892294E+00 
 2008  3882    11  0.3510727273E+01  0.6220055672E+00 
 2008  3888    11  0.3744454545E+01  0.6149310920E+00 
 2008  3894    11  0.3795000000E+01  0.6821155594E+00 
 2008  3900    11  0.4432727273E+01  0.7160332764E+00 
 2008  3906    11  0.4920909091E+01  0.7808757851E+00 
 2008  3912    11  0.5431727273E+01  0.8338285295E+00 
 2008  3918    11  0.5171363636E+01  0.8141452040E+00 
 2008  3924    11  0.5159272727E+01  0.7744661611E+00 
 2008  3930    11  0.4996545455E+01  0.8201063527E+00 
 2008  3936    11  0.4959545455E+01  0.9485164841E+00 
 2008  3942    11  0.5086818182E+01  0.1312375280E+01 
 2008  3948    11  0.5311636364E+01  0.1419022408E+01 
 2008  3954    11  0.4734581818E+01  0.1714831856E+01 
 2008  3960    11  0.4475683636E+01  0.1921375088E+01 
 2008  3966    11  0.4108236364E+01  0.1965661900E+01 
 2008  3972    11  0.3452572727E+01  0.1909850077E+01 
 2008  3978    11  0.2212572727E+01  0.1778296656E+01 
 2008  3984    11  0.2188163636E+01  0.1440765819E+01 
 2008  3990    11  0.2430609091E+01  0.1168810090E+01 
 2008  3996    11  0.2037563636E+01  0.1053758724E+01 
 2008  4002    11  0.1400287273E+01  0.9843056623E+00 
 2008  4008    11  0.1534381818E+01  0.7621258221E+00 
 2008  4014    11  0.2107590909E+01  0.6481151279E+00 
 2008  4020    11  0.2361272727E+01  0.5226452109E+00 
 2008  4026    11  0.3060818182E+01  0.4427313608E+00 
 2008  4032    11  0.3581000000E+01  0.4015608184E+00 
 2008  4038    11  0.4267727273E+01  0.3467333508E+00 
 2008  4044    11  0.4519545455E+01  0.4441730547E+00 
 2008  4050    11  0.4889454545E+01  0.5908416745E+00 
 2008  4056    11  0.5125181818E+01  0.7403910291E+00 
 2008  4062    11  0.5283636364E+01  0.9029960508E+00 
 2008  4068    11  0.4757181818E+01  0.9822394467E+00 
 2008  4074    11  0.4558454545E+01  0.9897148684E+00 
 2008  4080    11  0.4216818182E+01  0.9755088945E+00 
 2008  4086    11  0.4044545455E+01  0.9582848659E+00 
 2008  4092    11  0.3684727273E+01  0.8796127341E+00 
 2008  4098    11  0.2966090909E+01  0.9364471013E+00 
 2008  4104    11  0.2253881818E+01  0.8676072958E+00 
 2008  4110    11  0.1879100000E+01  0.8398204841E+00 
 2008  4116    11  0.1800963636E+01  0.7658425999E+00 
 2008  4122    11  0.1441027273E+01  0.7246189671E+00 
 2008  4128    11  0.1611710909E+01  0.7551468616E+00 
 2008  4134    11  0.1823136364E+01  0.7262664528E+00 
 2008  4140    11  0.1991681818E+01  0.6043815875E+00 
 2008  4146    11  0.1849190909E+01  0.5664278666E+00 
 2008  4152    11  0.1772727273E+01  0.5309326838E+00 
 2008  4158    11  0.1972090909E+01  0.4716189630E+00 
 2008  4164    11  0.2485909091E+01  0.5111449633E+00 
 2008  4170    11  0.2914909091E+01  0.4954741447E+00 
 2008  4176    11  0.3059000000E+01  0.5224169355E+00 
 2008  4182    11  0.3047454545E+01  0.5555148903E+00 
 2008  4188    11  0.2976272727E+01  0.5813176398E+00 
 2008  4194    11  0.2478818182E+01  0.5482494154E+00 
 2008  4200    11  0.2231090909E+01  0.5948552849E+00 
 2008  4206    11  0.2067181818E+01  0.5868168087E+00 
 2008  4212    11  0.2227818182E+01  0.6047350762E+00 
 2008  4218    11  0.2186800000E+01  0.6292465914E+00 
 2008  4224    11  0.2325972727E+01  0.7560986757E+00 
 2008  4230    11  0.2748018182E+01  0.8756376189E+00 
 2008  4236    11  0.3339818182E+01  0.9829069889E+00 
 2008  4242    11  0.3336454545E+01  0.1243154372E+01 
 2008  4248    11  0.3810772727E+01  0.1539185135E+01 
 2008  4254    11  0.4156963636E+01  0.1823270103E+01 
 2008  4260    11  0.4991000000E+01  0.2064731327E+01 
 2008  4266    11  0.5683727273E+01  0.2341529496E+01 
 2008  4272    11  0.6362272727E+01  0.2408500480E+01 
 2008  4278    11  0.6969727273E+01  0.2452245727E+01 
 2008  4284    11  0.6973000000E+01  0.2434319617E+01 
 2008  4290    11  0.6561636364E+01  0.2411134108E+01 
 2008  4296    11  0.6394272727E+01  0.2370826748E+01 
 2008  4302    11  0.5975727273E+01  0.2213174606E+01 
 2008  4308    11  0.6171818182E+01  0.2034931172E+01 
 2008  4314    11  0.5888909091E+01  0.1835993388E+01 
 2008  4320    11  0.5938181818E+01  0.1714126643E+01 
 2008  4326    11  0.5135090909E+01  0.1585342203E+01 
 2008  4332    11  0.4603909091E+01  0.1421907966E+01 
 2008  4338    11  0.3813909091E+01  0.1334634472E+01 
 2008  4344    11  0.3301454545E+01  0.1259095517E+01 
 2008  4350    11  0.2341763636E+01  0.1179429492E+01 
 2008  4356    11  0.1618782727E+01  0.1198446791E+01 
 2008  4362    11  0.7857000000E+00  0.1318404239E+01 
 2008  4368    11  0.5561072727E+00  0.1508460874E+01 
 2008  4374    11  0.1480076364E+01  0.1631830726E+01 
 2008  4380    11  0.2022518182E+01  0.1539286331E+01 
 2008  4386    11  0.2195409091E+01  0.1433418622E+01 
 2008  4392    11  0.2771945455E+01  0.1314348408E+01 
 2008  4398    11  0.3282036364E+01  0.1140503324E+01 
 2008  4404    11  0.3230318182E+01  0.1168408480E+01 
 2008  4410    11  0.3128727273E+01  0.1069973839E+01 
 2008  4416    11  0.3518272727E+01  0.9710828156E+00 
 2008  4422    11  0.3667181818E+01  0.9487582141E+00 
 2008  4428    11  0.3603272727E+01  0.1029284402E+01 
 2008  4434    11  0.3809363636E+01  0.1204216401E+01 
 2008  4440    11  0.4465272727E+01  0.1422635396E+01 
 2008  4446    11  0.4942272727E+01  0.1530321065E+01 
 2008  4452    11  0.4695181818E+01  0.1544590138E+01 
 2008  4458    11  0.4625818182E+01  0.1490800079E+01 
 2008  4464    11  0.4294272727E+01  0.1575352549E+01 
 2008  4470    11  0.5088545455E+01  0.1530435967E+01 
 2008  4476    11  0.5348363636E+01  0.1404884031E+01 
 2008  4482    11  0.4701727273E+01  0.1306153067E+01 
 2008  4488    11  0.4013818182E+01  0.1375907688E+01 
 2008  4494    11  0.4224418182E+01  0.1419375101E+01 
 2008  4500    11  0.4963918182E+01  0.1621914854E+01 
 2008  4506    11  0.5665236364E+01  0.1745090864E+01 
 2008  4512    11  0.6700181818E+01  0.1530025063E+01 
 2008  4518    11  0.6949727273E+01  0.1481334294E+01 
 2008  4524    11  0.6769000000E+01  0.1489794068E+01 
 2008  4530    11  0.6480000000E+01  0.1430876400E+01 
 2008  4536    11  0.7129545455E+01  0.1441984136E+01 
 2008  4542    11  0.7376363636E+01  0.1436944060E+01 
 2008  4548    11  0.7259272727E+01  0.1251534846E+01 
 2008  4554    11  0.7265636364E+01  0.1183233188E+01 
 2008  4560    11  0.6847000000E+01  0.1310921882E+01 
 2008  4566    11  0.7037363636E+01  0.1369482336E+01 
 2008  4572    11  0.7328181818E+01  0.1274836376E+01 
 2008  4578    11  0.6346454545E+01  0.1196489058E+01 
 2008  4584    11  0.4842272727E+01  0.1177492180E+01 
 2008  4590    11  0.4277545455E+01  0.1177034746E+01 
 2008  4596    11  0.5068636364E+01  0.1160712812E+01 
 2008  4602    11  0.5549818182E+01  0.1148211955E+01 
 2008  4608    11  0.5458090909E+01  0.1208704374E+01 
 2008  4614    11  0.4739000000E+01  0.1287964285E+01 
 2008  4620    11  0.5315454545E+01  0.1311409330E+01 
 2008  4626    11  0.5117000000E+01  0.1419446947E+01 
 2008  4632    11  0.4935363636E+01  0.1551098043E+01 
 2008  4638    11  0.4989181818E+01  0.1692278712E+01 
 2008  4644    11  0.5219818182E+01  0.1816105364E+01 
 2008  4650    11  0.4196172727E+01  0.2055694748E+01 
 2008  4656    11  0.4586418182E+01  0.2334181703E+01 
 2008  4662    11  0.5210481818E+01  0.2566741679E+01 
 2008  4668    11  0.4801627273E+01  0.2583441659E+01 
 2008  4674    11  0.3677790909E+01  0.2496883180E+01 
 2008  4680    11  0.3122054545E+01  0.2386719420E+01 
 2008  4686    11  0.2371636364E+01  0.2210285269E+01 
 2008  4692    11  0.2678871818E+01  0.1892428055E+01 
 2008  4698    11  0.2752481818E+01  0.1774033629E+01 
 2008  4704    11  0.3349069091E+01  0.1766366136E+01 
 2008  4710    11  0.3886890909E+01  0.1802849596E+01 
 2008  4716    11  0.4672718182E+01  0.1811674934E+01 
 2008  4722    11  0.5614000000E+01  0.1790572179E+01 
 2008  4728    11  0.5857000000E+01  0.1725854518E+01 
 2008  4734    11  0.5726454545E+01  0.1680166083E+01 
 2008  4740    11  0.5633090909E+01  0.1565028983E+01 
 2008  4746    11  0.5880727273E+01  0.1472310867E+01 
 2008  4752    11  0.6109727273E+01  0.1463575018E+01 
 2008  4758    11  0.6033727273E+01  0.1480924717E+01 
 2008  4764    11  0.5818545455E+01  0.1464188908E+01 
 2008  4770    11  0.5504363636E+01  0.1402807203E+01 
 2008  4776    11  0.4965818182E+01  0.1412208896E+01 
 2008  4782    11  0.5086090909E+01  0.1349792473E+01 
 2008  4788    11  0.5256545455E+01  0.1307589063E+01 
 2008  4794    11  0.4895727273E+01  0.1202407970E+01 
 2008  4800    11  0.4562545455E+01  0.1167909116E+01 
 2008  4806    11  0.4262545455E+01  0.1089473381E+01 
 2008  4812    11  0.4059909091E+01  0.1061501720E+01 
 2008  4818    11  0.3831272727E+01  0.1121567012E+01 
 2008  4824    11  0.3764181818E+01  0.1215892550E+01 
 2008  4830    11  0.3777636364E+01  0.1328145410E+01 
 2008  4836    11  0.4231181818E+01  0.1451180198E+01 
 2008  4842    11  0.4452000000E+01  0.1588864374E+01 
 2008  4848    11  0.4630454545E+01  0.1726825641E+01 
 2008  4854    11  0.4826454545E+01  0.1801579023E+01 
 2008  4860    11  0.4960181818E+01  0.1894116096E+01 
 2008  4866    11  0.4676454545E+01  0.2016359968E+01 
 2008  4872    11  0.4249272727E+01  0.2105517302E+01 
 2008  4878    11  0.3927181818E+01  0.2088711383E+01 
 2008  4884    11  0.3301463636E+01  0.2173878611E+01 
 2008  4890    11  0.2812181818E+01  0.2145776858E+01 
 2008  4896    11  0.1671318182E+01  0.2136612932E+01 
 2008  4902    11  0.5859272727E+00  0.2051706194E+01 
 2008  4908    11  0.1635000000E+00  0.1868433607E+01 
 2008  4914    11  0.1210470000E+00  0.1579396150E+01 
 2008  4920    11  -0.8212727273E-01  0.1359380515E+01 
 2008  4926    11  -0.1122600000E+00  0.1303441035E+01 
 2008  4932    11  0.7127109091E+00  0.1244743483E+01 
 2008  4938    11  0.5097763636E+00  0.1236496118E+01 
 2008  4944    11  0.3835527273E+00  0.1258529611E+01 
 2008  4950    11  0.5926909091E+00  0.1335043150E+01 
 2008  4956    11  0.4664818182E+00  0.1418739016E+01 
 2008  4962    11  0.7215472727E+00  0.1322016564E+01 
 2008  4968    11  0.1296336364E+01  0.1254201776E+01 
 2008  4974    11  0.1879772727E+01  0.1074742362E+01 
 2008  4980    11  0.1325164545E+01  0.9817989093E+00 
 2008  4986    11  0.6717136364E+00  0.8331130252E+00 
 2008  4992    11  0.1683618182E+01  0.7831460445E+00 
 2008  4998    11  0.2129590909E+01  0.6702207512E+00 
 2008  5004    11  0.1678054545E+01  0.5163339940E+00 
 2008  5010    11  0.2067027273E+01  0.5390526945E+00 
 2008  5016    11  0.2733363636E+01  0.4997010511E+00 
 2008  5022    11  0.3217090909E+01  0.4929455907E+00 
 2008  5028    11  0.4347090909E+01  0.6762586184E+00 
 2008  5034    11  0.5289454545E+01  0.7630254808E+00 
 2008  5040    11  0.5848545455E+01  0.9831604293E+00 
 2008  5046    11  0.6202000000E+01  0.1203209874E+01 
 2008  5052    11  0.6618000000E+01  0.1387731176E+01 
 2008  5058    11  0.7321545455E+01  0.1589261542E+01 
 2008  5064    11  0.7574272727E+01  0.1726119299E+01 
 2008  5070    11  0.7381909091E+01  0.1846576609E+01 
 2008  5076    11  0.7485090909E+01  0.1830820405E+01 
 2008  5082    11  0.7336000000E+01  0.1834993386E+01 
 2008  5088    11  0.7534363636E+01  0.1719649027E+01 
 2008  5094    11  0.6928727273E+01  0.1692077910E+01 
 2008  5100    11  0.6877636364E+01  0.1601453276E+01 
 2008  5106    11  0.6715545455E+01  0.1612325163E+01 
 2008  5112    11  0.6530272727E+01  0.1594937109E+01 
 2008  5118    11  0.6549636364E+01  0.1605825094E+01 
 2008  5124    11  0.6802000000E+01  0.1609737472E+01 
 2008  5130    11  0.7002818182E+01  0.1611985665E+01 
 2008  5136    11  0.6765090909E+01  0.1594231217E+01 
 2008  5142    11  0.6705818182E+01  0.1527112773E+01 
 2008  5148    11  0.6170363636E+01  0.1422728702E+01 
 2008  5154    11  0.5568181818E+01  0.1346540808E+01 
 2008  5160    11  0.4999727273E+01  0.1377284620E+01 
 2008  5166    11  0.4638727273E+01  0.1495566849E+01 
 2008  5172    11  0.4895818182E+01  0.1667130404E+01 
 2008  5178    11  0.5006118182E+01  0.1938762655E+01 
 2008  5184    11  0.4729954545E+01  0.1959279627E+01 
 2008  5190    11  0.4532918182E+01  0.1784906444E+01 
 2008  5196    11  0.3504318182E+01  0.1594534647E+01 
 2008  5202    11  0.2769390909E+01  0.1214037629E+01 
 2008  5208    11  0.2459530000E+01  0.1014768136E+01 
 2008  5214    11  0.2214806364E+01  0.8967877384E+00 
 2008  5220    11  0.1554654545E+01  0.7151849556E+00 
 2008  5226    11  0.7867727273E+00  0.5404341489E+00 
 2008  5232    11  0.8835181818E+00  0.4902292707E+00 
 2008  5238    11  0.1707645455E+01  0.5575758267E+00 
 2008  5244    11  0.2149090909E+01  0.5391966170E+00 
 2008  5250    11  0.1990927273E+01  0.5240373843E+00 
 2008  5256    11  0.2246545455E+01  0.4852806805E+00 
 2008  5262    11  0.2520818182E+01  0.4207929351E+00 
 2008  5268    11  0.2717727273E+01  0.3860122680E+00 
 2008  5274    11  0.2909000000E+01  0.3928233468E+00 
 2008  5280    11  0.3150454545E+01  0.3722082417E+00 
 2008  5286    11  0.3521272727E+01  0.5409989230E+00 
 2008  5292    11  0.4520545455E+01  0.6196459933E+00 
 2008  5298    11  0.4838636364E+01  0.6013321987E+00 
 2008  5304    11  0.5212000000E+01  0.6037797612E+00 
 2008  5310    11  0.5427545455E+01  0.5823988580E+00 
 2008  5316    11  0.5484090909E+01  0.5543601479E+00 
 2008  5322    11  0.5237000000E+01  0.5465312101E+00 
 2008  5328    11  0.4553363636E+01  0.5369481561E+00 
 2008  5334    11  0.3582727273E+01  0.5964342669E+00 
 2008  5340    11  0.3376363636E+01  0.6472165961E+00 
 2008  5346    11  0.2871818182E+01  0.7890283804E+00 
 2008  5352    11  0.2615454545E+01  0.9375917277E+00 
 2008  5358    11  0.2606609091E+01  0.1053742189E+01 
 2008  5364    11  0.2717854545E+01  0.1140444456E+01 
 2008  5370    11  0.2843981818E+01  0.1232097931E+01 
 2008  5376    11  0.3038181818E+01  0.1287802767E+01 
 2008  5382    11  0.3073272727E+01  0.1302042807E+01 
 2008  5388    11  0.3223363636E+01  0.1338266672E+01 
 2008  5394    11  0.2417645455E+01  0.1427561389E+01 
 2008  5400    11  0.1754040000E+01  0.1455936538E+01 
 2008  5406    11  0.1271990909E+01  0.1418710980E+01 
 2008  5412    11  0.1563227273E+01  0.1453089162E+01 
 2008  5418    11  0.2167527273E+01  0.1541748173E+01 
 2008  5424    11  0.3996272727E+01  0.1464487381E+01 
 2008  5430    11  0.4990272727E+01  0.1298727145E+01 
 2008  5436    11  0.4316090909E+01  0.1300318314E+01 
 2008  5442    11  0.2815909091E+01  0.1253869390E+01 
 2008  5448    11  0.1871181818E+01  0.1145700404E+01 
 2008  5454    11  0.1275909091E+00  0.1029656069E+01 
 2008  5460    11  -0.1782054545E+01  0.8922622284E+00 
 2008  5466    11  -0.3296363636E+01  0.6499310834E+00 
 2008  5472    11  -0.3026909091E+01  0.4903061112E+00 
 2008  5478    11  -0.8898272727E+00  0.6469485101E+00 
 2008  5484    11  -0.3135090909E+00  0.1620890800E+01 
 2008  5490    11  -0.7387090909E+00  0.1774470318E+01 
 2008  5496    11  -0.1088427273E+00  0.1248887142E+01 
 2008  5502    11  -0.1724063636E+00  0.6478505261E+00 
 2008  5508    11  -0.3762727273E+00  0.3087373886E+00 
 2008  5514    11  0.1093727273E+00  0.9992198585E+00 
 2008  5520    11  0.2575867818E+01  0.1023074964E+01 
 2008  5526    11  0.3229363636E+01  0.7804670248E+00 
 2008  5532    11  0.2897636364E+01  0.7197875031E+00 
 2008  5538    11  0.3280000000E+01  0.6256330612E+00 
 2008  5544    11  0.3843636364E+01  0.7799618024E+00 
 2008  5550    11  0.3605272727E+01  0.7029611512E+00 
 2008  5556    11  0.2487000000E+01  0.6963499643E+00 
 2008  5562    11  0.1603636364E+01  0.6376790134E+00 
 2008  5568    11  0.5382909091E-01  0.7105835160E+00 
 2008  5574    11  -0.8032272727E-01  0.8838955539E+00 
 2008  5580    11  0.2171127273E+00  0.9779114679E+00 
 2008  5586    11  0.7739181818E-01  0.5787796745E+00 
 2008  5592    11  -0.3496545455E+00  0.6323340607E+00 
 2008  5598    11  0.1565454545E+01  0.1221119930E+01 
 2008  5604    11  0.2777871818E+01  0.1107890429E+01 
 2008  5610    11  0.2118581818E+01  0.9139474242E+00 
 2008  5616    11  0.9704636364E+00  0.8178715717E+00 
 2008  5622    11  0.7802345455E+00  0.8915015003E+00 
 2008  5628    11  0.4218090909E+00  0.1042443480E+01 
 2008  5634    11  0.1417672727E+01  0.1341688940E+01 
 2008  5640    11  0.3855572727E+01  0.1839569818E+01 
 2008  5646    11  0.6696090909E+01  0.2099993050E+01 
 2008  5652    11  0.6177363636E+01  0.2028198900E+01 
 2008  5658    11  0.5627654545E+01  0.2665713773E+01 
 2008  5664    11  0.7167218182E+01  0.2762177528E+01 
 2008  5670    11  0.8007272727E+01  0.2347946030E+01 
 2008  5676    11  0.7789181818E+01  0.1982537026E+01 
 2008  5682    11  0.6854181818E+01  0.2119948534E+01 
 2008  5688    11  0.6542090909E+01  0.2516371358E+01 
 2008  5694    11  0.5019154545E+01  0.2792430581E+01 
 2008  5700    11  0.4535472727E+01  0.2840710570E+01 
 2008  5706    11  0.4839009091E+01  0.2688986034E+01 
 2008  5712    11  0.4628372727E+01  0.2319092857E+01 
 2008  5718    11  0.3887127273E+01  0.1994540179E+01 
 2008  5724    11  0.2986372727E+01  0.1773400685E+01 
 2008  5730    11  0.2566554545E+01  0.1520778928E+01 
 2008  5736    11  0.2061400000E+01  0.1208773049E+01 
 2008  5742    11  0.2768963636E+01  0.1101727938E+01 
 2008  5748    11  0.2745454545E+01  0.9792276515E+00 
 2008  5754    11  0.1318618182E+01  0.8984138729E+00 
 2008  5760    11  0.4511909091E+00  0.1086138694E+01 
 2008  5766    11  0.1016177273E+01  0.8943370758E+00 
 2008  5772    11  0.1224300000E+01  0.8138330798E+00 
 2008  5778    11  0.8745272727E+00  0.9836720759E+00 
 2008  5784    11  0.2697736364E+00  0.1095069622E+01 
 2008  5790    11  0.1338142727E+01  0.1091838522E+01 
 2008  5796    11  0.1735627273E+01  0.1032196884E+01 
 2008  5802    11  0.2251781818E+01  0.1022927227E+01 
 2008  5808    11  0.2809681818E+01  0.1129997672E+01 
 2008  5814    11  0.2878700000E+01  0.1287143683E+01 
 2008  5820    11  0.2715954545E+01  0.1415111535E+01 
 2008  5826    11  0.3746590909E+01  0.1273795274E+01 
 2008  5832    11  0.4312454545E+01  0.1218798840E+01 
 2008  5838    11  0.3226590909E+01  0.1434315212E+01 
 2008  5844    11  0.2775918182E+01  0.1811872882E+01 
 2008  5850    11  0.3190654545E+01  0.1290675381E+01 
 2008  5856    11  0.2406136364E+01  0.7136732156E+00 
 2008  5862    11  0.1481363636E+01  0.1117568249E+01 
 2008  5868    11  -0.5423900000E+00  0.9682447769E+00 
 2008  5874    11  -0.2600909091E+00  0.9856796301E+00 
 2008  5880    11  0.5710909091E+00  0.1120889426E+01 
 2008  5886    11  0.1122884545E+01  0.9307902713E+00 
 2008  5892    11  0.1434963636E+01  0.1045013404E+01 
 2008  5898    11  0.2025690909E+01  0.9626755193E+00 
 2008  5904    11  0.1859045455E+01  0.1169964325E+01 
 2008  5910    11  0.2049720000E+01  0.1154546734E+01 
 2008  5916    11  0.2504236364E+01  0.1060976006E+01 
 2008  5922    11  0.2220818182E+01  0.1021818229E+01 
 2008  5928    11  0.1495730909E+01  0.9355395628E+00 
 2008  5934    11  0.2385354545E+01  0.8894527341E+00 
 2008  5940    11  0.2737363636E+01  0.9034272394E+00 
 2008  5946    11  0.3018727273E+01  0.1083205520E+01 
 2008  5952    11  0.2950727273E+01  0.1357251775E+01 
 2008  5958    11  0.3466363636E+01  0.1271118925E+01 
 2008  5964    11  0.3808090909E+01  0.1033329434E+01 
 2008  5970    11  0.3309000000E+01  0.9289873274E+00 
 2008  5976    11  0.2707809091E+01  0.1011665082E+01 
 2008  5982    11  0.2396272727E+01  0.1064390230E+01 
 2008  5988    11  0.2176290909E+01  0.1114545605E+01 
 2008  5994    11  0.9441181818E+00  0.1323496602E+01 
 2008  6000    11  0.7759272727E+00  0.1506157329E+01 
 2008  6006    11  0.1671436364E+01  0.1427115356E+01 
 2008  6012    11  0.1517945455E+01  0.1308136387E+01 
 2008  6018    11  0.1028055455E+01  0.1131140099E+01 
 2008  6024    11  0.1479945455E+01  0.8113015630E+00 
 2008  6030    11  0.1487163636E+01  0.7068465003E+00 
 2008  6036    11  0.6124909091E+00  0.7600368446E+00 
 2008  6042    11  -0.4607754545E+00  0.8686139024E+00 
 2008  6048    11  -0.1066345455E+01  0.1044019783E+01 
 2008  6054    11  -0.9097181818E+00  0.1113655696E+01 
 2008  6060    11  -0.9330363636E+00  0.1018546654E+01 
 2008  6066    11  -0.1644600000E+01  0.6205615565E+00 
 2008  6072    11  -0.1528800000E+01  0.4576709795E+00 
 2008  6078    11  -0.4263909091E-01  0.3662058432E+00 
 2008  6084    11  0.4174454545E+00  0.3207499263E+00 
 2008  6090    11  0.9556818182E+00  0.7648522434E+00 
 2008  6096    11  0.2337109091E+01  0.9187930873E+00 
 2008  6102    11  0.2653154545E+01  0.1046904755E+01 
 2008  6108    11  0.1991627273E+01  0.1019362448E+01 
 2008  6114    11  0.7872818182E+00  0.1076215563E+01 
 2008  6120    11  -0.4423818182E+00  0.1438425478E+01 
 2008  6126    11  -0.1465300000E+01  0.1432162678E+01 
 2008  6132    11  -0.1122840909E+01  0.1053360973E+01 
 2008  6138    11  -0.1215170909E+01  0.6566427838E+00 
 2008  6144    11  -0.6453990909E+00  0.5732235414E+00 
 2008  6150    11  0.6048545455E+00  0.6739543906E+00 
 2008  6156    11  0.1180345455E+01  0.7451386294E+00 
 2008  6162    11  0.1634318182E+01  0.5918404374E+00 
 2008  6168    11  0.2460090909E+01  0.6961770222E+00 
 2008  6174    11  0.1430109091E+01  0.5478301735E+00 
 2008  6180    11  0.4510327273E+00  0.5764380527E+00 
 2008  6186    11  0.5751272727E-01  0.7679416944E+00 
 2008  6192    11  -0.9542090909E+00  0.9517197424E+00 
 2008  6198    11  -0.1787363636E+01  0.6630110753E+00 
 2008  6204    11  -0.1498218182E+01  0.5574579003E+00 
 2008  6210    11  -0.1161636364E+00  0.1809168864E+01 
 2008  6216    11  -0.5758909091E+00  0.1929503080E+01 
 2008  6222    11  -0.6306636364E+00  0.1168108613E+01 
 2008  6228    11  0.8681818182E-01  0.7748640981E+00 
 2008  6234    11  0.1443372727E+00  0.6799545885E+00 
 2008  6240    11  0.6504090909E-01  0.9572640181E+00 
 2008  6246    11  0.1241727273E+00  0.1599195522E+01 
 2008  6252    11  -0.1792181818E+01  0.2131974987E+01 
 2008  6258    11  -0.3885818182E+01  0.2612198162E+01 
 2008  6264    11  -0.4128818182E+01  0.2867056800E+01 
 2008  6270    11  -0.3282090909E+01  0.3639394833E+01 
 2008  6276    11  -0.3240409091E+01  0.4052469697E+01 
 2008  6282    11  -0.4973454545E+01  0.3467944410E+01 
 2008  6288    11  -0.6281000000E+01  0.2668475459E+01 
 2008  6294    11  -0.5713454545E+01  0.2138335562E+01 
 2008  6300    11  -0.5583090909E+01  0.2017623240E+01 
 2008  6306    11  -0.6294272727E+01  0.2043168577E+01 
 2008  6312    11  -0.6625454545E+01  0.3122726325E+01 
 2008  6318    11  -0.4542441818E+01  0.3951989874E+01 
 2008  6324    11  -0.5740000000E+01  0.3764150224E+01 
 2008  6330    11  -0.4059363636E+01  0.3017188043E+01 
 2008  6336    11  -0.5387918182E+01  0.2794869451E+01 
 2008  6342    11  -0.4179181818E+01  0.2709843498E+01 
 2008  6348    11  -0.3166707273E+01  0.3028386818E+01 
 2008  6354    11  -0.3056418182E+01  0.3026983667E+01 
 2008  6360    11  -0.1534072727E+01  0.2378553015E+01 
 2008  6366    11  -0.1738018182E+00  0.1655290216E+01 
 2008  6372    11  0.1635963636E+01  0.1258779102E+01 
 2008  6378    11  0.9428945455E+00  0.9258546671E+00 
 2008  6384    11  -0.7060627273E+00  0.6932333632E+00 
 2008  6390    11  -0.1280906364E+01  0.5300784037E+00 
 2008  6396    11  -0.3759363636E+00  0.3232090505E+00 
 2008  6402    11  -0.1662727273E-01  0.5316995206E+00 
 2008  6408    11  -0.6764045455E+00  0.1078518338E+01 
 2008  6414    11  -0.2693772727E+01  0.1584177036E+01 
 2008  6420    11  -0.4418363636E+01  0.1191510063E+01 
 2008  6426    11  -0.5238181818E+01  0.5956102780E+00 
 2008  6432    11  -0.6038727273E+01  0.5881618656E+00 
 2008  6438    11  -0.7201909091E+01  0.7947863583E+00 
 2008  6444    11  -0.8424181818E+01  0.8072307114E+00 
 2008  6450    11  -0.9100181818E+01  0.9839785491E+00 
 2008  6456    11  -0.8272909091E+01  0.1142586576E+01 
 2008  6462    11  -0.7028272727E+01  0.1572936402E+01 
 2008  6468    11  -0.7574090909E+01  0.2108822181E+01 
 2008  6474    11  -0.9415818182E+01  0.2257200753E+01 
 2008  6480    11  -0.7639909091E+01  0.2200182780E+01 
 2008  6486    11  -0.4626609091E+01  0.2220297495E+01 
 2008  6492    11  -0.3271290909E+01  0.1985824455E+01 
 2008  6498    11  -0.2815390909E+01  0.1870507156E+01 
 2008  6504    11  -0.2305336364E+01  0.1788327107E+01 
 2008  6510    11  -0.1475727273E+01  0.1636096837E+01 
 2008  6516    11  0.2549472727E+00  0.1647401509E+01 
 2008  6522    11  0.6623363636E+00  0.1223448715E+01 
 2008  6528    11  0.1191408727E+01  0.1127070249E+01 
 2008  6534    11  0.1588072727E+01  0.7888190392E+00 
 2008  6540    11  0.1554636364E+01  0.7129845482E+00 
 2008  6546    11  0.1976890909E+01  0.6192898652E+00 
 2008  6552    11  0.1176209091E+01  0.4746447197E+00 
 2008  6558    11  0.4627963636E+00  0.5045135043E+00 
 2008  6564    11  -0.5389902727E+00  0.6118001557E+00 
 2008  6570    11  -0.5667913636E+00  0.6518754783E+00 
 2008  6576    11  -0.3781272727E+00  0.6651455672E+00 
 2008  6582    11  -0.2659345455E+00  0.8429714271E+00 
 2008  6588    11  -0.1081463636E+01  0.8487270535E+00 
 2008  6594    11  -0.3815909091E+00  0.6885177960E+00 
 2008  6600    11  0.9488645455E+00  0.5781529597E+00 
 2008  6606    11  0.2976909091E+01  0.3693275104E+00 
 2008  6612    11  0.3668454545E+01  0.3054627975E+00 
 2008  6618    11  0.4536454545E+01  0.4267755134E+00 
 2008  6624    11  0.5453363636E+01  0.5730589804E+00 
 2008  6630    11  0.6106727273E+01  0.5317696171E+00 
 2008  6636    11  0.5875454545E+01  0.5326964620E+00 
 2008  6642    11  0.6646454545E+01  0.7181246237E+00 
 2008  6648    11  0.7689000000E+01  0.9546951917E+00 
 2008  6654    11  0.9321818182E+01  0.1165607436E+01 
 2008  6660    11  0.1019745455E+02  0.1317703054E+01 
 2008  6666    11  0.1076845455E+02  0.1386070598E+01 
 2008  6672    11  0.9759181818E+01  0.1642304911E+01 
 2008  6678    11  0.8646272727E+01  0.1808811669E+01 
 2008  6684    11  0.8547090909E+01  0.1957640670E+01 
 2008  6690    11  0.7159727273E+01  0.2211182575E+01 
 2008  6696    11  0.4821818182E+01  0.2487325172E+01 
 2008  6702    11  0.3210790909E+01  0.2541531279E+01 
 2008  6708    11  0.3565636364E+01  0.2398616861E+01 
 2008  6714    11  0.4324090909E+01  0.2247111498E+01 
 2008  6720    11  0.4563818182E+01  0.2179691046E+01 
 2008  6726    11  0.4083272727E+01  0.2101682101E+01 
 2008  6732    11  0.1999745455E+01  0.2211915843E+01 
 2008  6738    11  0.3826272727E+00  0.2181801220E+01 
 2008  6744    11  -0.3768565455E+00  0.1963513676E+01 
 2008  6750    11  -0.2399953636E+00  0.1626517736E+01 
 2008  6756    11  -0.1744909091E+00  0.1291309847E+01 
 2008  6762    11  -0.8396545455E+00  0.1051580468E+01 
 2008  6768    11  -0.1130518182E+01  0.9529786069E+00 
 2008  6774    11  -0.3614636364E+00  0.7327183860E+00 
 2008  6780    11  -0.1068736364E+00  0.5363534954E+00 
 2008  6786    11  -0.3658672727E+00  0.6991104478E+00 
 2008  6792    11  -0.6490200909E+00  0.9976427893E+00 
 2008  6798    11  0.5930272727E+00  0.1336288649E+01 
 2008  6804    11  0.3003634545E+01  0.1949001891E+01 
 2008  6810    11  0.5425118182E+01  0.2483111185E+01 
 2008  6816    11  0.4723372727E+01  0.2445016291E+01 
 2008  6822    11  0.3512660909E+01  0.2270350828E+01 
 2008  6828    11  0.2215272727E+01  0.2331770732E+01 
 2008  6834    11  0.2585018182E+01  0.2760812545E+01 
 2008  6840    11  0.3352209091E+01  0.2978356382E+01 
 2008  6846    11  0.4214500000E+01  0.2794179541E+01 
 2008  6852    11  0.4162727273E+01  0.2182394086E+01 
 2008  6858    11  0.3436661818E+01  0.1594603999E+01 
 2008  6864    11  0.2606836364E+01  0.1364843346E+01 
 2008  6870    11  -0.9308000000E-01  0.1438638291E+01 
 2008  6876    11  -0.2592467273E+01  0.1808047821E+01 
 2008  6882    11  -0.4181381818E+01  0.2039008817E+01 
 2008  6888    11  -0.4019281818E+01  0.2158320811E+01 
 2008  6894    11  -0.2429824545E+01  0.2006908147E+01 
 2008  6900    11  -0.1632504545E+01  0.1670363809E+01 
 2008  6906    11  -0.1799936364E+01  0.1832814326E+01 
 2008  6912    11  -0.1759657273E+01  0.1680762982E+01 
 2008  6918    11  -0.1168658182E+01  0.2251658338E+01 
 2008  6924    11  -0.1707017273E+01  0.1910056915E+01 
 2008  6930    11  0.3370454545E+00  0.1088344818E+01 
 2008  6936    11  0.1984790909E+01  0.6330170620E+00 
 2008  6942    11  0.2390000000E+01  0.4550576387E+00 
 2008  6948    11  0.1313827273E+01  0.4845558981E+00 
 2008  6954    11  0.1712700000E+01  0.4583872420E+00 
 2008  6960    11  0.2401454545E+01  0.4360144626E+00 
 2008  6966    11  0.3380454545E+01  0.4121017888E+00 
 2008  6972    11  0.2767545455E+01  0.4639489321E+00 
 2008  6978    11  0.1509581818E+01  0.6810034479E+00 
 2008  6984    11  0.3471363636E+00  0.9645552110E+00 
 2008  6990    11  -0.8590700000E+00  0.1009269540E+01 
 2008  6996    11  -0.2908636364E+01  0.8659675905E+00 
 2008  7002    11  -0.3137272727E+01  0.9293688074E+00 
 2008  7008    11  0.2087118182E+00  0.1530882836E+01 
 2008  7014    11  0.2723372727E+01  0.9521694216E+00 
 2008  7020    11  0.2185290909E+01  0.6457683027E+00 
 2008  7026    11  0.2626727273E+01  0.6421304159E+00 
 2008  7032    11  0.1815618182E+01  0.8785810780E+00 
 2008  7038    11  0.1309272727E+01  0.1061503295E+01 
 2008  7044    11  0.2935090909E+01  0.9109755465E+00 
 2008  7050    11  0.3866454545E+01  0.1231693982E+01 
 2008  7056    11  0.3752909091E+01  0.1424231241E+01 
 2008  7062    11  0.3801000000E+01  0.1646131829E+01 
 2008  7068    11  0.2492964545E+01  0.1983949759E+01 
 2008  7074    11  0.2566272727E+00  0.2350725651E+01 
 2008  7080    11  -0.2087611818E+01  0.2450661283E+01 
 2008  7086    11  -0.1899027273E+01  0.2127198304E+01 
 2008  7092    11  -0.2082209091E+01  0.1590811446E+01 
 2008  7098    11  -0.2188236364E+01  0.1220256318E+01 
 2008  7104    11  -0.1620082727E+01  0.8415829787E+00 
 2008  7110    11  -0.1693936364E+01  0.3896614668E+00 
 2008  7116    11  -0.2726709091E+01  0.8874855035E+00 
 2008  7122    11  -0.4044172727E+01  0.1345881539E+01 
 2008  7128    11  -0.5496636364E+01  0.1228489558E+01 
 2008  7134    11  -0.7483909091E+01  0.8868213364E+00 
 2008  7140    11  -0.7165727273E+01  0.6202745860E+00 
 2008  7146    11  -0.6306454545E+01  0.8450238688E+00 
 2008  7152    11  -0.6168818182E+01  0.1217923928E+01 
 2008  7158    11  -0.7708363636E+01  0.1209522992E+01 
 2008  7164    11  -0.9285090909E+01  0.7818467014E+00 
 2008  7170    11  -0.8744181818E+01  0.5314521818E+00 
 2008  7176    11  -0.6730545455E+01  0.8344028201E+00 
 2008  7182    11  -0.4638909091E+01  0.9881549800E+00 
 2008  7188    11  -0.4916272727E+01  0.1143633531E+01 
 2008  7194    11  -0.3973636364E+01  0.1490105138E+01 
 2008  7200    11  -0.2477436364E+01  0.2141778810E+01 
 2008  7206    11  -0.2153836364E+01  0.3057114081E+01 
 2008  7212    11  -0.3359118182E+01  0.4231325157E+01 
 2008  7218    11  -0.5623036364E+01  0.5174693749E+01 
 2008  7224    11  -0.6975997273E+01  0.5592326973E+01 
 2008  7230    11  -0.6686072727E+01  0.5572653340E+01 
 2008  7236    11  -0.5457063636E+01  0.5332388807E+01 
 2008  7242    11  -0.2478790909E+01  0.5087127182E+01 
 2008  7248    11  0.1268636364E+00  0.4509478473E+01 
 2008  7254    11  0.1112972727E+01  0.3772677502E+01 
 2008  7260    11  0.1703036364E+01  0.3090733001E+01 
 2008  7266    11  0.1622036364E+01  0.2216278949E+01 
 2008  7272    11  0.4716577273E+00  0.1263637536E+01 
 2008  7278    11  0.2665481818E+00  0.4694689115E+00 
 2008  7284    11  0.1297709091E+00  0.4504445107E+00 
 2008  7290    11  -0.7690827273E+00  0.1026941719E+01 
 2008  7296    11  -0.2003500000E+01  0.1497804120E+01 
 2008  7302    11  -0.2734909091E+01  0.6689589544E+00 
 2008  7308    11  -0.2875527273E+01  0.2565008479E+01 
 2008  7314    11  0.4763636364E+00  0.3004687223E+01 
 2008  7320    11  0.1909909091E+00  0.1908542778E+01 
 2008  7326    11  -0.1406081818E+01  0.1372359257E+01 
 2008  7332    11  -0.2196300000E+01  0.8994560932E+00 
 2008  7338    11  0.2935272727E+00  0.1259985827E+01 
 2008  7344    11  0.6442272727E+00  0.1497638247E+01 
 2008  7350    11  0.9634909091E+00  0.9763909374E+00 
 2008  7356    11  -0.3562000000E+00  0.8087487316E+00 
 2008  7362    11  -0.5952472727E+00  0.1667570673E+01 
 2008  7368    11  0.7723827273E+00  0.1845508382E+01 
 2008  7374    11  0.3205363636E+01  0.8805168186E+00 
 2008  7380    11  0.2014363636E+01  0.4563892423E+00 
 2008  7386    11  0.4084276364E+00  0.9652048187E+00 
 2008  7392    11  0.5091263636E+00  0.1672625997E+01 
 2008  7398    11  0.1933660000E+01  0.1790439873E+01 
 2008  7404    11  0.3625509091E+01  0.1824530269E+01 
 2008  7410    11  0.1933900000E+01  0.1628841868E+01 
 2008  7416    11  -0.5314727273E+00  0.2007661608E+01 
 2008  7422    11  0.1558454545E+01  0.2252140714E+01 
 2008  7428    11  0.6508363636E+01  0.1813699548E+01 
 2008  7434    11  0.7892090909E+01  0.1707404008E+01 
 2008  7440    11  0.6741000000E+01  0.1859812796E+01 
 2008  7446    11  0.4740363636E+01  0.1952988306E+01 
 2008  7452    11  0.3388727273E+01  0.1745468371E+01 
 2008  7458    11  0.4999818182E+01  0.1026097002E+01 
 2008  7464    11  0.6081909091E+01  0.9982863002E+00 
 2008  7470    11  0.4545090909E+01  0.1450313161E+01 
 2008  7476    11  0.3231363636E+01  0.1369116389E+01 
 2008  7482    11  0.4023181818E+01  0.1251423903E+01 
 2008  7488    11  0.4285454545E+01  0.1213412795E+01 
 2008  7494    11  0.4231363636E+01  0.1034091457E+01 
 2008  7500    11  0.3700000000E+01  0.9158381159E+00 
 2008  7506    11  0.2535090909E+01  0.1153845385E+01 
 2008  7512    11  0.2572727273E+01  0.1257702385E+01 
 2008  7518    11  0.3825272727E+01  0.1565922620E+01 
 2008  7524    11  0.5123181818E+01  0.1759193814E+01 
 2008  7530    11  0.6073727273E+01  0.2032386644E+01 
 2008  7536    11  0.6149363636E+01  0.2319682277E+01 
 2008  7542    11  0.6082181818E+01  0.2241789010E+01 
 2008  7548    11  0.5709636364E+01  0.2075806099E+01 
 2008  7554    11  0.5863545455E+01  0.2068562978E+01 
 2008  7560    11  0.5547363636E+01  0.2157900127E+01 
 2008  7566    11  0.5811454545E+01  0.2330445231E+01 
 2008  7572    11  0.5728636364E+01  0.2437881878E+01 
 2008  7578    11  0.5312909091E+01  0.2641219397E+01 
 2008  7584    11  0.4294409091E+01  0.2920899608E+01 
 2008  7590    11  0.4167690909E+01  0.2691221786E+01 
 2008  7596    11  0.3699232727E+01  0.2244506664E+01 
 2008  7602    11  0.2791472727E+01  0.1910640268E+01 
 2008  7608    11  0.1582702727E+01  0.1703923756E+01 
 2008  7614    11  0.1624363636E+00  0.1535509606E+01 
 2008  7620    11  -0.4024636364E+00  0.9886849754E+00 
 2008  7626    11  -0.3465181818E+00  0.7773257429E+00 
 2008  7632    11  0.1080418182E+00  0.8207013883E+00 
 2008  7638    11  0.4921509091E+00  0.8007493175E+00 
 2008  7644    11  0.9947000000E+00  0.8498502916E+00 
 2008  7650    11  0.1185570909E+01  0.9934158461E+00 
 2008  7656    11  0.7773909091E+00  0.1254455192E+01 
 2008  7662    11  0.1137427273E+01  0.1506299082E+01 
 2008  7668    11  0.1432354545E+01  0.1446830911E+01 
 2008  7674    11  0.2010727273E+01  0.1001169024E+01 
 2008  7680    11  0.2301054545E+01  0.6572280860E+00 
 2008  7686    11  0.3029909091E+01  0.2926233864E+00 
 2008  7692    11  0.3402454545E+01  0.4213653918E+00 
 2008  7698    11  0.4506090909E+01  0.6264923209E+00 
 2008  7704    11  0.5230818182E+01  0.7006111382E+00 
 2008  7710    11  0.5598090909E+01  0.7848494302E+00 
 2008  7716    11  0.5069272727E+01  0.9488811680E+00 
 2008  7722    11  0.4923636364E+01  0.1053907213E+01 
 2008  7728    11  0.4690636364E+01  0.1074159906E+01 
 2008  7734    11  0.4779454545E+01  0.8879513053E+00 
 2008  7740    11  0.3696363636E+01  0.6621469588E+00 
 2008  7746    11  0.3046272727E+01  0.4060262174E+00 
 2008  7752    11  0.3520818182E+01  0.4321055886E+00 
 2008  7758    11  0.4782000000E+01  0.8951985052E+00 
 2008  7764    11  0.5500000000E+01  0.1062687160E+01 
 2008  7770    11  0.5128000000E+01  0.1009500416E+01 
 2008  7776    11  0.4612000000E+01  0.1007841708E+01 
 2008  7782    11  0.4164545455E+01  0.1227832115E+01 
 2008  7788    11  0.3208609091E+01  0.1718369280E+01 
 2008  7794    11  0.3154072727E+01  0.1986615231E+01 
 2008  7800    11  0.2600127273E+01  0.2216924483E+01 
 2008  7806    11  0.2191927273E+01  0.2215912484E+01 
 2008  7812    11  0.1039718182E+01  0.2224545632E+01 
 2008  7818    11  0.9269663636E+00  0.2234447390E+01 
 2008  7824    11  0.1396400000E+01  0.2092363424E+01 
 2008  7830    11  0.1177972727E+01  0.1801207566E+01 
 2008  7836    11  0.1193927273E+01  0.1591482470E+01 
 2008  7842    11  0.1632127273E+01  0.1265445697E+01 
 2008  7848    11  0.2585400909E+01  0.1367550522E+01 
 2008  7854    11  0.4238818182E+01  0.1368414200E+01 
 2008  7860    11  0.4576727273E+01  0.1496601732E+01 
 2008  7866    11  0.4137127273E+01  0.1911284855E+01 
 2008  7872    11  0.3767609091E+01  0.2336143329E+01 
 2008  7878    11  0.3680690909E+01  0.2667719791E+01 
 2008  7884    11  0.3911563636E+01  0.2730141074E+01 
 2008  7890    11  0.3445236364E+01  0.2644514102E+01 
 2008  7896    11  0.2513866364E+01  0.2279300781E+01 
 2008  7902    11  0.1628241727E+01  0.1969965069E+01 
 2008  7908    11  0.2885181818E+00  0.1443511318E+01 
 2008  7914    11  -0.8141081818E+00  0.1086451707E+01 
 2008  7920    11  -0.1108290909E+01  0.6369983908E+00 
 2008  7926    11  -0.1228536364E+01  0.4312023492E+00 
 2008  7932    11  -0.9411636364E+00  0.7874494850E+00 
 2008  7938    11  -0.7071954545E+00  0.9365889907E+00 
 2008  7944    11  -0.3379636364E-01  0.8195373938E+00 
 2008  7950    11  0.2965763636E+00  0.5400103457E+00 
 2008  7956    11  0.4150473636E+00  0.5140713386E+00 
 2008  7962    11  0.6558890909E+00  0.4010726573E+00 
 2008  7968    11  0.1341590909E+01  0.5622797596E+00 
 2008  7974    11  0.2440009091E+01  0.7294077803E+00 
 2008  7980    11  0.2922818182E+01  0.8226033860E+00 
 2008  7986    11  0.3192272727E+01  0.7719512574E+00 
 2008  7992    11  0.2596909091E+01  0.6989422469E+00 
 2008  7998    11  0.1831709091E+01  0.5409148571E+00 
 2008  8004    11  0.6048509091E+00  0.5686901829E+00 
 2008  8010    11  0.2661818182E-01  0.7672616726E+00 
 2008  8016    11  -0.2750600000E+00  0.9142166700E+00 
 2008  8022    11  0.2025181818E+00  0.1199172794E+01 
 2008  8028    11  0.6967181818E+00  0.1205162349E+01 
 2008  8034    11  0.6654727273E+00  0.1158087056E+01 
 2008  8040    11  0.2939072727E+00  0.9958059989E+00 
 2008  8046    11  0.7115727273E+00  0.1087835701E+01 
 2008  8052    11  0.8627909091E+00  0.1101055203E+01 
 2008  8058    11  0.6433763636E+00  0.1209482074E+01 
 2008  8064    11  -0.5803636364E+00  0.1164846397E+01 
 2008  8070    11  -0.1690472727E+01  0.1208792156E+01 
 2008  8076    11  -0.2421090909E+01  0.1172230466E+01 
 2008  8082    11  -0.2773272727E+01  0.9283596571E+00 
 2008  8088    11  -0.2035590909E+01  0.9303776071E+00 
 2008  8094    11  -0.8233717309E+00  0.9332689957E+00 
 2008  8100    11  0.4900000000E-02  0.9641840667E+00 
 2008  8106    11  -0.6776200000E+00  0.1053004401E+01 
 2008  8112    11  -0.1298006364E+01  0.1114092691E+01 
 2008  8118    11  -0.9267138909E+00  0.8211403272E+00 
 2008  8124    11  -0.2720636364E+00  0.8185403442E+00 
 2008  8130    11  0.4953590909E+00  0.9821999525E+00 
 2008  8136    11  0.4005181818E+00  0.8133248114E+00 
 2008  8142    11  -0.1037545455E+01  0.6914947096E+00 
 2008  8148    11  -0.3235363636E+01  0.4201320729E+00 
 2008  8154    11  -0.3015090909E+01  0.7263792466E+00 
 2008  8160    11  -0.2443272727E+01  0.1174356620E+01 
 2008  8166    11  -0.2316409091E+01  0.1410608414E+01 
 2008  8172    11  -0.3282909091E+01  0.1592143521E+01 
 2008  8178    11  -0.3117527273E+01  0.1690787514E+01 
 2008  8184    11  -0.2283972727E+01  0.1757795381E+01 
 2008  8190    11  -0.1044481818E+01  0.1802528015E+01 
 2008  8196    11  0.2241454545E+00  0.1939161955E+01 
 2008  8202    11  0.4615090909E+00  0.1975641070E+01 
 2008  8208    11  -0.8218818182E-01  0.1650757278E+01 
 2008  8214    11  -0.4784036364E+00  0.1308807965E+01 
 2008  8220    11  0.5430909091E+00  0.1284109380E+01 
 2008  8226    11  0.1195736364E+01  0.1173602240E+01 
 2008  8232    11  0.2537890909E+00  0.1220385150E+01 
 2008  8238    11  0.2394363636E+00  0.1489968359E+01 
 2008  8244    11  0.6130181818E+00  0.1617178148E+01 
 2008  8250    11  0.4711090909E+00  0.1584577525E+01 
 2008  8256    11  0.3579454545E+00  0.1368070753E+01 
 2008  8262    11  0.1150000000E-01  0.1205842798E+01 
 2008  8268    11  -0.5619609091E+00  0.1239835511E+01 
 2008  8274    11  -0.1749327273E+01  0.1166447171E+01 
 2008  8280    11  -0.1838290909E+01  0.1212102700E+01 
 2008  8286    11  -0.1161972727E+01  0.1110129068E+01 
 2008  8292    11  -0.8662090909E+00  0.9892554467E+00 
 2008  8298    11  -0.1356500000E+01  0.9113693633E+00 
 2008  8304    11  -0.2380290909E+01  0.9002450631E+00 
 2008  8310    11  -0.2744363636E+01  0.8715678947E+00 
 2008  8316    11  -0.2541090909E+01  0.8592530006E+00 
 2008  8322    11  -0.2315727273E+01  0.7602547529E+00 
 2008  8328    11  -0.1424754545E+01  0.7290820996E+00 
 2008  8334    11  -0.8644554545E+00  0.7269834126E+00 
 2008  8340    11  -0.2894327273E+00  0.7569311196E+00 
 2008  8346    11  -0.5344700000E+00  0.6798903125E+00 
 2008  8352    11  -0.7389827273E+00  0.6168682878E+00 
 2008  8358    11  -0.3068409091E+00  0.6155014522E+00 
 2008  8364    11  0.3468454545E+00  0.5811324155E+00 
 2008  8370    11  0.9020345455E+00  0.5517253077E+00 
 2008  8376    11  0.1160481818E+01  0.5653577674E+00 
 2008  8382    11  0.1267672727E+01  0.4214307623E+00 
 2008  8388    11  0.1070000000E+01  0.3726396114E+00 
 2008  8394    11  -0.5150672727E+00  0.3693279949E+00 
 2008  8400    11  -0.1952536364E+01  0.4192206455E+00 
 2008  8406    11  -0.1956681818E+01  0.4723356988E+00 
 2008  8412    11  -0.1741363636E+01  0.5332663112E+00 
 2008  8418    11  -0.1546563636E+01  0.3511482237E+00 
 2008  8424    11  -0.9315090909E+00  0.3654272704E+00 
 2008  8430    11  -0.2331481818E+00  0.3703201211E+00 
 2008  8436    11  -0.4092818182E+00  0.1840787915E+00 
 2008  8442    11  -0.6050654545E+00  0.3286097336E+00 
 2008  8448    11  0.5406581818E+00  0.4017330869E+00 
 2008  8454    11  0.1729545455E+01  0.2672803648E+00 
 2008  8460    11  0.1353800000E+01  0.2784077455E+00 
 2008  8466    11  -0.3782436364E+00  0.6561112166E+00 
 2008  8472    11  -0.8082272727E+00  0.6548359699E+00 
 2008  8478    11  0.8285454545E-01  0.5421513364E+00 
 2008  8484    11  0.1002127273E+01  0.4958198245E+00 
 2008  8490    11  0.6704181818E+00  0.4650731786E+00 
 2008  8496    11  0.4388027273E+00  0.4758331264E+00 
 2008  8502    11  -0.1325227273E+00  0.5087869171E+00 
 2008  8508    11  -0.6729090909E+00  0.5071739068E+00 
 2008  8514    11  -0.1108094727E+01  0.4543881990E+00 
 2008  8520    11  -0.1188545455E+01  0.4493987405E+00 
 2008  8526    11  -0.1274927273E+01  0.4775500052E+00 
 2008  8532    11  -0.8921909091E+00  0.2783201834E+00 
 2008  8538    11  -0.1031754545E+01  0.1663844090E+00 
 2008  8544    11  -0.1791818182E+01  0.2869161481E+00 
 2008  8550    11  -0.3305818182E+01  0.4140388252E+00 
 2008  8556    11  -0.3940181818E+01  0.3667240276E+00 
 2008  8562    11  -0.3799818182E+01  0.4857840557E+00 
 2008  8568    11  -0.3385909091E+01  0.4279380700E+00 
 2008  8574    11  -0.3063727273E+01  0.2294642341E+00 
 2008  8580    11  -0.2852909091E+01  0.2403949230E+00 
 2008  8586    11  -0.2120363636E+01  0.2389295342E+00 
 2008  8592    11  -0.1581636364E+01  0.3164804382E+00 
 2008  8598    11  -0.1198818182E+01  0.3665669995E+00 
 2008  8604    11  -0.2337500000E+00  0.4604807750E+00 
 2008  8610    11  0.4012790909E+00  0.3713850234E+00 
 2008  8616    11  0.9409454545E+00  0.3146335195E+00 
 2008  8622    11  0.1639963636E+01  0.3192104671E+00 
 2008  8628    11  0.2688363636E+01  0.3760140889E+00 
 2008  8634    11  0.3724272727E+01  0.4082036236E+00 
 2008  8640    11  0.4835272727E+01  0.4487574949E+00 
 2008  8646    11  0.5929363636E+01  0.5649256223E+00 
 2008  8652    11  0.7355272727E+01  0.6930550406E+00 
 2008  8658    11  0.7614636364E+01  0.7371064155E+00 
 2008  8664    11  0.7210818182E+01  0.7782960197E+00 
 2008  8670    11  0.6876818182E+01  0.8837350300E+00 
 2008  8676    11  0.6280818182E+01  0.9582157489E+00 
 2008  8682    11  0.4928727273E+01  0.9794933840E+00 
 2008  8688    11  0.3675363636E+01  0.9316587624E+00 
 2008  8694    11  0.2811754545E+01  0.8303927673E+00 
 2008  8700    11  0.2186545455E+01  0.6974582899E+00 
 2008  8706    11  0.1473296364E+01  0.6728387232E+00 
 2008  8712    11  0.1221209091E+01  0.7003563657E+00 
 2008  8718    11  0.1758594545E+01  0.7498489498E+00 
 2008  8724    11  0.2093209091E+01  0.7626094562E+00 
 2008  8730    11  0.1795508182E+01  0.7247606550E+00 
 2008  8736    11  0.1814088182E+01  0.7154246390E+00 
 2008  8742    11  0.2133354545E+01  0.6307903720E+00 
 2008  8748    11  0.1947400000E+01  0.5335099556E+00 
 2008  8754    11  0.1695254545E+01  0.5255578099E+00 
 2008  8760    11  0.2349818182E+01  0.5193625145E+00 
 2008  8766    11  0.2720000000E+01  0.4063117925E+00 
 2008  8772    11  0.2629545455E+01  0.3335678652E+00 
 2008  8778    11  0.2653272727E+01  0.2198131814E+00 
 2008  8784    11  0.3025636364E+01  0.2349712836E+00 
