 2008  0006    8  -0.1562750000E+01  0.1711780871E+00 
 2008  0012    8  -0.1939500000E+01  0.1727476483E+00 
 2008  0018    8  -0.1836875000E+01  0.2319700614E+00 
 2008  0024    8  -0.1403862500E+01  0.2575619971E+00 
 2008  0030    8  -0.1698500000E+01  0.2612915039E+00 
 2008  0036    8  -0.1196800000E+01  0.2322580408E+00 
 2008  0042    8  -0.5824300000E+00  0.2584866279E+00 
 2008  0048    8  -0.3108025000E+00  0.2517353025E+00 
 2008  0054    8  -0.6843125000E+00  0.2069864334E+00 
 2008  0060    8  -0.2860525000E+00  0.1921602635E+00 
 2008  0066    8  0.1312362500E+00  0.2045088308E+00 
 2008  0072    8  0.5184500000E+00  0.1982541046E+00 
 2008  0078    8  0.6158875000E+00  0.2001946892E+00 
 2008  0084    8  0.1100462500E+01  0.2316829403E+00 
 2008  0090    8  0.1039125000E+01  0.2230448876E+00 
 2008  0096    8  0.1091612500E+01  0.2586254552E+00 
 2008  0102    8  0.5976625000E+00  0.2160709602E+00 
 2008  0108    8  -0.8555125000E-01  0.2647823425E+00 
 2008  0114    8  -0.7943500000E+00  0.3234007498E+00 
 2008  0120    8  -0.9236000000E+00  0.3357158434E+00 
 2008  0126    8  -0.1644250000E+01  0.3304174443E+00 
 2008  0132    8  -0.2064750000E+01  0.3674026232E+00 
 2008  0138    8  -0.2379125000E+01  0.3345009109E+00 
 2008  0144    8  -0.1847750000E+01  0.3246239170E+00 
 2008  0150    8  -0.1750625000E+01  0.2709824429E+00 
 2008  0156    8  -0.1425625000E+01  0.2518401961E+00 
 2008  0162    8  -0.1050925000E+01  0.2010253949E+00 
 2008  0168    8  -0.7980750000E-01  0.9640458959E-01 
 2008  0174    8  0.2435537500E+00  0.1242062276E+00 
 2008  0180    8  0.5691375000E+00  0.1421294035E+00 
 2008  0186    8  0.4971375000E+00  0.1718682194E+00 
 2008  0192    8  0.6234125000E+00  0.1722336889E+00 
 2008  0198    8  0.4758625000E-01  0.1621770371E+00 
 2008  0204    8  -0.2394070000E+00  0.1961881135E+00 
 2008  0210    8  -0.4125375000E+00  0.2100648884E+00 
 2008  0216    8  -0.1349125000E+00  0.1978343700E+00 
 2008  0222    8  -0.5585000000E+00  0.1912706459E+00 
 2008  0228    8  -0.5450625000E+00  0.2246783531E+00 
 2008  0234    8  -0.2867808750E+00  0.2170536124E+00 
 2008  0240    8  0.2436125000E-01  0.2389434748E+00 
 2008  0246    8  -0.6154125000E+00  0.2644193281E+00 
 2008  0252    8  -0.8780500000E+00  0.2872934693E+00 
 2008  0258    8  -0.9400875000E+00  0.2545609084E+00 
 2008  0264    8  -0.8403125000E+00  0.2581690988E+00 
 2008  0270    8  -0.1143237500E+01  0.2693085310E+00 
 2008  0276    8  -0.7543625000E+00  0.2379575011E+00 
 2008  0282    8  -0.6517500000E+00  0.1649839310E+00 
 2008  0288    8  -0.5578500000E+00  0.1869571341E+00 
 2008  0294    8  -0.8344375000E+00  0.1682922899E+00 
 2008  0300    8  -0.5465000000E+00  0.2000936968E+00 
 2008  0306    8  -0.1725022500E+00  0.1832689098E+00 
 2008  0312    8  0.2865500000E+00  0.1349847677E+00 
 2008  0318    8  -0.1629675000E+00  0.9149572623E-01 
 2008  0324    8  -0.1405081625E+00  0.1413189755E+00 
 2008  0330    8  -0.1638675000E+00  0.6825566053E-01 
 2008  0336    8  -0.1958775000E+00  0.7818797714E-01 
 2008  0342    8  -0.6659750000E+00  0.1324509320E+00 
 2008  0348    8  -0.5721250000E+00  0.1635299724E+00 
 2008  0354    8  -0.5881750000E+00  0.1604936817E+00 
 2008  0360    8  -0.7901250000E+00  0.2498078299E+00 
 2008  0366    8  -0.1158087500E+01  0.2493209750E+00 
 2008  0372    8  -0.1405625000E+01  0.2660300441E+00 
 2008  0378    8  -0.1542375000E+01  0.2778205075E+00 
 2008  0384    8  -0.7545875000E+00  0.2159968312E+00 
 2008  0390    8  -0.6178125000E+00  0.1484392758E+00 
 2008  0396    8  -0.6724500000E+00  0.2190586166E+00 
 2008  0402    8  -0.5335875000E+00  0.1657327626E+00 
 2008  0408    8  -0.1868300000E-01  0.1189845963E+00 
 2008  0414    8  -0.4674000000E+00  0.8840586802E-01 
 2008  0420    8  -0.9066250000E+00  0.1083126926E+00 
 2008  0426    8  -0.9093250000E+00  0.8938041942E-01 
 2008  0432    8  -0.3744625000E+00  0.9237979944E-01 
 2008  0438    8  -0.3177875000E+00  0.8398905342E-01 
 2008  0444    8  -0.6587125000E+00  0.1288193060E+00 
 2008  0450    8  -0.7318125000E+00  0.1652204016E+00 
 2008  0456    8  -0.5196250000E+00  0.2017434742E+00 
 2008  0462    8  -0.1033962500E+01  0.2261194482E+00 
 2008  0468    8  -0.1003237500E+01  0.2415280519E+00 
 2008  0474    8  -0.6286625000E+00  0.2356496708E+00 
 2008  0480    8  -0.5539500000E+00  0.2559796134E+00 
 2008  0486    8  -0.9575500000E+00  0.2648550311E+00 
 2008  0492    8  -0.1099125000E+01  0.2652131254E+00 
 2008  0498    8  -0.1072750000E+01  0.2195550728E+00 
 2008  0504    8  -0.7587000000E+00  0.2094381890E+00 
 2008  0510    8  -0.1080000000E+01  0.2135601730E+00 
 2008  0516    8  -0.1072500000E+01  0.1887173813E+00 
 2008  0522    8  -0.1165275000E+01  0.2744625418E+00 
 2008  0528    8  -0.8953000000E+00  0.2928828477E+00 
 2008  0534    8  -0.8293375000E+00  0.3463274315E+00 
 2008  0540    8  -0.2931437500E+00  0.3609963343E+00 
 2008  0546    8  0.2105250000E-01  0.4045606462E+00 
 2008  0552    8  0.7970625000E+00  0.4132452085E+00 
 2008  0558    8  0.7177250000E+00  0.3986543075E+00 
 2008  0564    8  0.5858875000E+00  0.2852088465E+00 
 2008  0570    8  0.5630375000E+00  0.1921610063E+00 
 2008  0576    8  0.5170625000E+00  0.1588302942E+00 
 2008  0582    8  -0.6207875000E+00  0.1410539829E+00 
 2008  0588    8  -0.1483875000E+01  0.2696318961E+00 
 2008  0594    8  -0.2150875000E+01  0.3127204972E+00 
 2008  0600    8  -0.2131000000E+01  0.3473729984E+00 
 2008  0606    8  -0.2500750000E+01  0.3558039313E+00 
 2008  0612    8  -0.1630625000E+01  0.3616437949E+00 
 2008  0618    8  -0.1089912500E+01  0.3063623077E+00 
 2008  0624    8  -0.4282112500E+00  0.3028160211E+00 
 2008  0630    8  -0.8777625000E+00  0.2973058145E+00 
 2008  0636    8  -0.1121375000E+01  0.3092677188E+00 
 2008  0642    8  -0.1515587500E+01  0.4120976111E+00 
 2008  0648    8  -0.1536337500E+01  0.3882782151E+00 
 2008  0654    8  -0.2189000000E+01  0.4298368877E+00 
 2008  0660    8  -0.2094625000E+01  0.4256054327E+00 
 2008  0666    8  -0.9366750000E+00  0.4363529155E+00 
 2008  0672    8  0.1041062500E+01  0.3673322200E+00 
 2008  0678    8  0.1483125000E+01  0.2834305195E+00 
 2008  0684    8  0.2305875000E+01  0.2878447661E+00 
 2008  0690    8  0.1930125000E+01  0.3414474475E+00 
 2008  0696    8  0.7720000000E+00  0.2369930326E+00 
 2008  0702    8  -0.9078750000E+00  0.3587890353E+00 
 2008  0708    8  -0.1642625000E+01  0.3897396366E+00 
 2008  0714    8  -0.2470375000E+01  0.3995525427E+00 
 2008  0720    8  -0.2109875000E+01  0.3701551828E+00 
 2008  0726    8  -0.2057250000E+01  0.3309832889E+00 
 2008  0732    8  -0.1573125000E+01  0.3029094079E+00 
 2008  0738    8  -0.9142250000E+00  0.2755307458E+00 
 2008  0744    8  -0.3845750000E+00  0.2001230668E+00 
 2008  0750    8  -0.1145450000E+01  0.2561717295E+00 
 2008  0756    8  -0.1013012500E+01  0.2507372551E+00 
 2008  0762    8  -0.5166375000E+00  0.1538101585E+00 
 2008  0768    8  -0.1967025000E+00  0.1731625055E+00 
 2008  0774    8  -0.5214000000E-01  0.2226930314E+00 
 2008  0780    8  0.6340000000E+00  0.1157889675E+00 
 2008  0786    8  0.9626875000E+00  0.9110932221E-01 
 2008  0792    8  0.1055987500E+01  0.1176481028E+00 
 2008  0798    8  0.9603000000E+00  0.1229137706E+00 
 2008  0804    8  0.6774000000E+00  0.1112285485E+00 
 2008  0810    8  0.9527500000E-02  0.1415847516E+00 
 2008  0816    8  -0.4982875000E+00  0.1878096073E+00 
 2008  0822    8  -0.1075537500E+01  0.2385248831E+00 
 2008  0828    8  -0.1194862500E+01  0.2757646140E+00 
 2008  0834    8  -0.1222675000E+01  0.2536009501E+00 
 2008  0840    8  -0.1026375000E+01  0.2686782962E+00 
 2008  0846    8  -0.1127987500E+01  0.2322371764E+00 
 2008  0852    8  -0.1298000000E+01  0.2087857754E+00 
 2008  0858    8  -0.1422750000E+01  0.1843832625E+00 
 2008  0864    8  -0.1198800000E+01  0.1617814034E+00 
 2008  0870    8  -0.1161525000E+01  0.1041394708E+00 
 2008  0876    8  -0.1040862500E+01  0.1115881595E+00 
 2008  0882    8  -0.9450625000E+00  0.8848119768E-01 
 2008  0888    8  -0.8233000000E+00  0.1220803219E+00 
 2008  0894    8  -0.1362250000E+01  0.1443102127E+00 
 2008  0900    8  -0.1540875000E+01  0.1981031534E+00 
 2008  0906    8  -0.1780750000E+01  0.2752647589E+00 
 2008  0912    8  -0.2150000000E+01  0.2817104009E+00 
 2008  0918    8  -0.2726625000E+01  0.1063025605E+00 
 2008  0924    8  -0.2752875000E+01  0.1334001851E+00 
 2008  0930    8  -0.2481625000E+01  0.1773442539E+00 
 2008  0936    8  -0.1813875000E+01  0.2049630683E+00 
 2008  0942    8  -0.2199000000E+01  0.2061777146E+00 
 2008  0948    8  -0.2194375000E+01  0.2720027286E+00 
 2008  0954    8  -0.2605125000E+01  0.2336564987E+00 
 2008  0960    8  -0.2598250000E+01  0.2790518545E+00 
 2008  0966    8  -0.3631125000E+01  0.3316042210E+00 
 2008  0972    8  -0.3973000000E+01  0.4111876092E+00 
 2008  0978    8  -0.3924625000E+01  0.4020229899E+00 
 2008  0984    8  -0.3534625000E+01  0.4112751322E+00 
 2008  0990    8  -0.3562500000E+01  0.4145675458E+00 
 2008  0996    8  -0.2832125000E+01  0.4146249623E+00 
 2008  1002    8  -0.2403750000E+01  0.3639154263E+00 
 2008  1008    8  -0.1885875000E+01  0.3770933033E+00 
 2008  1014    8  -0.2153750000E+01  0.3790569713E+00 
 2008  1020    8  -0.1838375000E+01  0.3877856810E+00 
 2008  1026    8  -0.1999625000E+01  0.3863531213E+00 
 2008  1032    8  -0.1486137500E+01  0.4098391298E+00 
 2008  1038    8  -0.2172750000E+01  0.4330160938E+00 
 2008  1044    8  -0.2019000000E+01  0.4331803897E+00 
 2008  1050    8  -0.2572875000E+01  0.4695246100E+00 
 2008  1056    8  -0.2678125000E+01  0.4941521622E+00 
 2008  1062    8  -0.3463250000E+01  0.5434049480E+00 
 2008  1068    8  -0.3112500000E+01  0.5467234219E+00 
 2008  1074    8  -0.3228000000E+01  0.5654493788E+00 
 2008  1080    8  -0.2525750000E+01  0.5296493533E+00 
 2008  1086    8  -0.2494500000E+01  0.4914567631E+00 
 2008  1092    8  -0.1999250000E+01  0.4163540411E+00 
 2008  1098    8  -0.1895250000E+01  0.3803083453E+00 
 2008  1104    8  -0.1454625000E+01  0.3408481838E+00 
 2008  1110    8  -0.1269662500E+01  0.3584924439E+00 
 2008  1116    8  -0.7935125000E+00  0.3164548168E+00 
 2008  1122    8  -0.5919562500E+00  0.4041336779E+00 
 2008  1128    8  0.3473750000E-01  0.4666652278E+00 
 2008  1134    8  -0.2991837500E+00  0.5022849197E+00 
 2008  1140    8  -0.6911537500E+00  0.4572775456E+00 
 2008  1146    8  -0.9891375000E+00  0.4683332252E+00 
 2008  1152    8  -0.9292125000E+00  0.4608555670E+00 
 2008  1158    8  -0.2274750000E+01  0.4914134588E+00 
 2008  1164    8  -0.2839875000E+01  0.5530835013E+00 
 2008  1170    8  -0.3229375000E+01  0.5718493983E+00 
 2008  1176    8  -0.2781000000E+01  0.5472095120E+00 
 2008  1182    8  -0.2337625000E+01  0.4633146710E+00 
 2008  1188    8  -0.1148925000E+01  0.3598298374E+00 
 2008  1194    8  -0.5726750000E+00  0.2962357834E+00 
 2008  1200    8  0.4087862500E+00  0.2479930071E+00 
 2008  1206    8  0.5304987500E+00  0.2653365147E+00 
 2008  1212    8  0.4564250000E+00  0.2043542742E+00 
 2008  1218    8  0.1509100000E+00  0.2258773668E+00 
 2008  1224    8  0.3379500000E+00  0.2194536056E+00 
 2008  1230    8  -0.4645625000E+00  0.2456529358E+00 
 2008  1236    8  -0.7774750000E+00  0.3530442740E+00 
 2008  1242    8  -0.1119362500E+01  0.3528569821E+00 
 2008  1248    8  -0.1166450000E+01  0.3725490370E+00 
 2008  1254    8  -0.1781125000E+01  0.3879444024E+00 
 2008  1260    8  -0.1743625000E+01  0.3997108134E+00 
 2008  1266    8  -0.1698125000E+01  0.3552307129E+00 
 2008  1272    8  -0.1498962500E+01  0.3594942765E+00 
 2008  1278    8  -0.1487312500E+01  0.3345690267E+00 
 2008  1284    8  -0.1419125000E+01  0.2626592077E+00 
 2008  1290    8  -0.1375250000E+01  0.2749567011E+00 
 2008  1296    8  -0.9516625000E+00  0.2964157087E+00 
 2008  1302    8  -0.9394750000E+00  0.3191922726E+00 
 2008  1308    8  -0.7252375000E+00  0.2525015690E+00 
 2008  1314    8  -0.2565462500E+00  0.2178621479E+00 
 2008  1320    8  0.4437987500E+00  0.2469485751E+00 
 2008  1326    8  0.3041687500E+00  0.2093218328E+00 
 2008  1332    8  0.4114375000E+00  0.1917344840E+00 
 2008  1338    8  0.2478912500E+00  0.1980636835E+00 
 2008  1344    8  0.6559625000E-01  0.1802266292E+00 
 2008  1350    8  -0.6308375000E+00  0.2077569550E+00 
 2008  1356    8  -0.8827375000E+00  0.2411163824E+00 
 2008  1362    8  -0.1110825000E+01  0.2033911610E+00 
 2008  1368    8  -0.6497625000E+00  0.1796423874E+00 
 2008  1374    8  -0.5609875000E+00  0.1442134220E+00 
 2008  1380    8  -0.2652462500E+00  0.1254036043E+00 
 2008  1386    8  -0.1440050000E-01  0.8218222373E-01 
 2008  1392    8  0.2785662500E+00  0.1135545507E+00 
 2008  1398    8  0.1268987500E+00  0.1147686967E+00 
 2008  1404    8  0.2000648750E+00  0.1026076232E+00 
 2008  1410    8  0.2507821250E+00  0.1654039587E+00 
 2008  1416    8  0.4824375000E+00  0.1072946986E+00 
 2008  1422    8  0.4289500000E+00  0.1074319552E+00 
 2008  1428    8  0.8602125000E+00  0.7537991174E-01 
 2008  1434    8  0.8850000000E+00  0.9498059012E-01 
 2008  1440    8  0.1041487500E+01  0.5947603378E-01 
 2008  1446    8  0.6701250000E+00  0.9149815230E-01 
 2008  1452    8  0.3114312500E+00  0.2316357606E+00 
 2008  1458    8  -0.3223725000E+00  0.2943087809E+00 
 2008  1464    8  -0.4107100000E+00  0.2558206749E+00 
 2008  1470    8  -0.4578737500E+00  0.2434028488E+00 
 2008  1476    8  -0.3219375000E+00  0.2706099312E+00 
 2008  1482    8  0.2710412500E+00  0.2958206849E+00 
 2008  1488    8  0.1163575000E+01  0.2822809538E+00 
 2008  1494    8  0.1627500000E+01  0.3317710054E+00 
 2008  1500    8  0.1852250000E+01  0.3021666552E+00 
 2008  1506    8  0.1917750000E+01  0.2951079252E+00 
 2008  1512    8  0.1741125000E+01  0.2737016795E+00 
 2008  1518    8  0.1358937500E+01  0.2748245392E+00 
 2008  1524    8  0.1019675000E+01  0.2584169729E+00 
 2008  1530    8  0.8625500000E+00  0.2730190424E+00 
 2008  1536    8  0.8364375000E+00  0.2170870041E+00 
 2008  1542    8  0.5650375000E+00  0.2324682287E+00 
 2008  1548    8  0.1900643750E+00  0.2834702766E+00 
 2008  1554    8  -0.1219487500E+00  0.2633972003E+00 
 2008  1560    8  0.1378275000E+00  0.2367035837E+00 
 2008  1566    8  0.6248750000E+00  0.2348766418E+00 
 2008  1572    8  0.6156125000E+00  0.2274742702E+00 
 2008  1578    8  0.9901750000E+00  0.2460104558E+00 
 2008  1584    8  0.1504625000E+01  0.2592464742E+00 
 2008  1590    8  0.1394825000E+01  0.2822003975E+00 
 2008  1596    8  0.1029775000E+01  0.2535107776E+00 
 2008  1602    8  0.9785875000E+00  0.2077142354E+00 
 2008  1608    8  0.1241287500E+01  0.2108839221E+00 
 2008  1614    8  0.1259625000E+01  0.1434563849E+00 
 2008  1620    8  0.7463250000E+00  0.1004315034E+00 
 2008  1626    8  0.4898500000E+00  0.1168221619E+00 
 2008  1632    8  0.6231625000E+00  0.1562416473E+00 
 2008  1638    8  0.7315000000E+00  0.1308318577E+00 
 2008  1644    8  0.9574000000E+00  0.1292011513E+00 
 2008  1650    8  0.1308750000E+01  0.1731933529E+00 
 2008  1656    8  0.1526125000E+01  0.1645314844E+00 
 2008  1662    8  0.1522500000E+01  0.1623483908E+00 
 2008  1668    8  0.1473000000E+01  0.2151168287E+00 
 2008  1674    8  0.1561625000E+01  0.2147806657E+00 
 2008  1680    8  0.1381000000E+01  0.1666485824E+00 
 2008  1686    8  0.1310000000E+01  0.1949910254E+00 
 2008  1692    8  0.9465875000E+00  0.3030934692E+00 
 2008  1698    8  0.1040962500E+01  0.2703901715E+00 
 2008  1704    8  0.1649875000E+01  0.2793055842E+00 
 2008  1710    8  0.1364587500E+01  0.3556278759E+00 
 2008  1716    8  0.1186487500E+01  0.3080361685E+00 
 2008  1722    8  0.1669875000E+01  0.3195240357E+00 
 2008  1728    8  0.1978125000E+01  0.3441934186E+00 
 2008  1734    8  0.1851375000E+01  0.3493508042E+00 
 2008  1740    8  0.2036625000E+01  0.3581905699E+00 
 2008  1746    8  0.2009375000E+01  0.4201127639E+00 
 2008  1752    8  0.1887875000E+01  0.3470837210E+00 
 2008  1758    8  0.1844250000E+01  0.3307566137E+00 
 2008  1764    8  0.1966500000E+01  0.2759778071E+00 
 2008  1770    8  0.1913250000E+01  0.2320235710E+00 
 2008  1776    8  0.1990125000E+01  0.1723959378E+00 
 2008  1782    8  0.1314562500E+01  0.2052966508E+00 
 2008  1788    8  0.6848125000E+00  0.1003161931E+00 
 2008  1794    8  0.7337250000E+00  0.9995030953E-01 
 2008  1800    8  0.1003262500E+01  0.8117556494E-01 
 2008  1806    8  0.8158625000E+00  0.7962556024E-01 
 2008  1812    8  0.1117075000E+01  0.8997288133E-01 
 2008  1818    8  0.1843125000E+01  0.2066273442E+00 
 2008  1824    8  0.1823875000E+01  0.2108627738E+00 
 2008  1830    8  0.1678500000E+01  0.2111148976E+00 
 2008  1836    8  0.1713000000E+01  0.2847235501E+00 
 2008  1842    8  0.1408600000E+01  0.3325643847E+00 
 2008  1848    8  0.8297500000E+00  0.2711728554E+00 
 2008  1854    8  0.6644375000E+00  0.3247301724E+00 
 2008  1860    8  0.6154375000E+00  0.3504180144E+00 
 2008  1866    8  0.1160700000E+01  0.3173829981E+00 
 2008  1872    8  0.1659750000E+01  0.3258219414E+00 
 2008  1878    8  0.1924750000E+01  0.3276979364E+00 
 2008  1884    8  0.1815875000E+01  0.3321078279E+00 
 2008  1890    8  0.2138625000E+01  0.3941709456E+00 
 2008  1896    8  0.2116000000E+01  0.4244204873E+00 
 2008  1902    8  0.2147625000E+01  0.3820945359E+00 
 2008  1908    8  0.1809375000E+01  0.3746084414E+00 
 2008  1914    8  0.2096125000E+01  0.3701879379E+00 
 2008  1920    8  0.2024625000E+01  0.3719976268E+00 
 2008  1926    8  0.1933875000E+01  0.3659338866E+00 
 2008  1932    8  0.1172925000E+01  0.3545590598E+00 
 2008  1938    8  0.8538375000E+00  0.3177834441E+00 
 2008  1944    8  0.7933750000E+00  0.3198764361E+00 
 2008  1950    8  0.1215662500E+01  0.3733748014E+00 
 2008  1956    8  0.1683875000E+01  0.3398983074E+00 
 2008  1962    8  0.3035875000E+01  0.4077997172E+00 
 2008  1968    8  0.3616250000E+01  0.5218033035E+00 
 2008  1974    8  0.3779500000E+01  0.5846937232E+00 
 2008  1980    8  0.3457125000E+01  0.6370461988E+00 
 2008  1986    8  0.3982375000E+01  0.6254648147E+00 
 2008  1992    8  0.4344875000E+01  0.5971975045E+00 
 2008  1998    8  0.4316125000E+01  0.6490771213E+00 
 2008  2004    8  0.3195875000E+01  0.6319288800E+00 
 2008  2010    8  0.3027375000E+01  0.5911129202E+00 
 2008  2016    8  0.3308875000E+01  0.6887293441E+00 
 2008  2022    8  0.4040750000E+01  0.7422327381E+00 
 2008  2028    8  0.3427000000E+01  0.7372441929E+00 
 2008  2034    8  0.4467250000E+01  0.7680312087E+00 
 2008  2040    8  0.4821375000E+01  0.7624693334E+00 
 2008  2046    8  0.4796500000E+01  0.7056009850E+00 
 2008  2052    8  0.4420500000E+01  0.6745116752E+00 
 2008  2058    8  0.4779125000E+01  0.6297679012E+00 
 2008  2064    8  0.3997125000E+01  0.5676278353E+00 
 2008  2070    8  0.3208625000E+01  0.4427445475E+00 
 2008  2076    8  0.2216750000E+01  0.3629141600E+00 
 2008  2082    8  0.2015125000E+01  0.3750094790E+00 
 2008  2088    8  0.1160487500E+01  0.3168406438E+00 
 2008  2094    8  0.5618625000E+00  0.3278707022E+00 
 2008  2100    8  0.4057862500E+00  0.3736194837E+00 
 2008  2106    8  0.1594925000E+01  0.4975569207E+00 
 2008  2112    8  0.1711250000E+01  0.5549607892E+00 
 2008  2118    8  0.1616250000E+01  0.4388757655E+00 
 2008  2124    8  0.2126625000E+01  0.3956980975E+00 
 2008  2130    8  0.2704000000E+01  0.4476005474E+00 
 2008  2136    8  0.1636750000E+01  0.2682772586E+00 
 2008  2142    8  0.6681375000E+00  0.1398878742E+00 
 2008  2148    8  0.3582750000E+00  0.1236445081E+00 
 2008  2154    8  -0.6150487500E-01  0.9064942196E-01 
 2008  2160    8  -0.7210000000E+00  0.1290876253E+00 
 2008  2166    8  -0.5923375000E+00  0.1342188878E+00 
 2008  2172    8  -0.1797250000E+00  0.1122138662E+00 
 2008  2178    8  0.1508575000E+00  0.1196438512E+00 
 2008  2184    8  0.3750375000E+00  0.1755720788E+00 
 2008  2190    8  0.5780000000E+00  0.2291289593E+00 
 2008  2196    8  0.4641375000E+00  0.2351935795E+00 
 2008  2202    8  0.9490500000E+00  0.2220189744E+00 
 2008  2208    8  0.1044487500E+01  0.2369627736E+00 
 2008  2214    8  0.9512625000E+00  0.2056371376E+00 
 2008  2220    8  0.5909000000E+00  0.1676906378E+00 
 2008  2226    8  0.5117625000E+00  0.1983933211E+00 
 2008  2232    8  -0.3390825000E+00  0.1676888045E+00 
 2008  2238    8  -0.8897250000E+00  0.1942115454E+00 
 2008  2244    8  -0.9701375000E+00  0.3119852678E+00 
 2008  2250    8  -0.3881525000E+00  0.2949658951E+00 
 2008  2256    8  -0.1413187500E+00  0.2646400585E+00 
 2008  2262    8  0.6659375000E+00  0.3040856867E+00 
 2008  2268    8  0.1016900000E+01  0.3704930735E+00 
 2008  2274    8  0.1428625000E+01  0.3585749355E+00 
 2008  2280    8  0.1424500000E+01  0.3286304916E+00 
 2008  2286    8  0.1383562500E+01  0.3552584831E+00 
 2008  2292    8  0.1120225000E+01  0.3947216258E+00 
 2008  2298    8  0.1251875000E+01  0.4222243739E+00 
 2008  2304    8  0.9834000000E+00  0.3756018537E+00 
 2008  2310    8  0.9666375000E+00  0.3535185283E+00 
 2008  2316    8  0.9530375000E+00  0.4778887473E+00 
 2008  2322    8  0.1617125000E+01  0.4080929543E+00 
 2008  2328    8  0.1745750000E+01  0.3635116057E+00 
 2008  2334    8  0.2025750000E+01  0.3150625930E+00 
 2008  2340    8  0.1704125000E+01  0.3119853512E+00 
 2008  2346    8  0.1708125000E+01  0.2685979512E+00 
 2008  2352    8  0.1830125000E+01  0.2254342684E+00 
 2008  2358    8  0.2347375000E+01  0.2666125173E+00 
 2008  2364    8  0.2208250000E+01  0.2623712780E+00 
 2008  2370    8  0.2310125000E+01  0.2428041585E+00 
 2008  2376    8  0.1924250000E+01  0.2345968617E+00 
 2008  2382    8  0.1890000000E+01  0.2784618466E+00 
 2008  2388    8  0.1583250000E+01  0.2812071078E+00 
 2008  2394    8  0.1875625000E+01  0.2893600428E+00 
 2008  2400    8  0.2119375000E+01  0.2986891936E+00 
 2008  2406    8  0.2267500000E+01  0.3152257128E+00 
 2008  2412    8  0.2501250000E+01  0.2998723687E+00 
 2008  2418    8  0.3091750000E+01  0.3239914158E+00 
 2008  2424    8  0.3206250000E+01  0.3243060861E+00 
 2008  2430    8  0.3149875000E+01  0.2918139122E+00 
 2008  2436    8  0.3060500000E+01  0.3073528103E+00 
 2008  2442    8  0.2783375000E+01  0.2666725227E+00 
 2008  2448    8  0.2487500000E+01  0.2517677501E+00 
 2008  2454    8  0.2428875000E+01  0.2741862677E+00 
 2008  2460    8  0.2333000000E+01  0.3017515534E+00 
 2008  2466    8  0.2148625000E+01  0.2736169483E+00 
 2008  2472    8  0.2293250000E+01  0.2748216467E+00 
 2008  2478    8  0.2339250000E+01  0.2780880032E+00 
 2008  2484    8  0.1984000000E+01  0.2220945744E+00 
 2008  2490    8  0.1659500000E+01  0.2089461653E+00 
 2008  2496    8  0.1200450000E+01  0.1962632607E+00 
 2008  2502    8  0.7339125000E+00  0.1678003608E+00 
 2008  2508    8  0.7493000000E+00  0.2014078698E+00 
 2008  2514    8  0.8562625000E+00  0.2469891138E+00 
 2008  2520    8  0.8917250000E+00  0.1862668499E+00 
 2008  2526    8  0.1110212500E+01  0.2619926547E+00 
 2008  2532    8  0.1170437500E+01  0.2881845023E+00 
 2008  2538    8  0.9026000000E+00  0.2954050694E+00 
 2008  2544    8  0.3678912500E+00  0.2569437842E+00 
 2008  2550    8  0.2755737500E+00  0.3289152274E+00 
 2008  2556    8  0.1973650000E+00  0.3189379941E+00 
 2008  2562    8  0.3089712500E+00  0.2715918008E+00 
 2008  2568    8  0.2279412500E+00  0.2117492556E+00 
 2008  2574    8  0.1545550000E+00  0.1615458377E+00 
 2008  2580    8  0.3051100000E-01  0.1191751830E+00 
 2008  2586    8  0.5497250000E+00  0.7854872294E-01 
 2008  2592    8  0.8341625000E+00  0.9643143857E-01 
 2008  2598    8  0.1084837500E+01  0.1668448226E+00 
 2008  2604    8  0.1494500000E+01  0.1914732357E+00 
 2008  2610    8  0.2426250000E+01  0.2352497343E+00 
 2008  2616    8  0.2656125000E+01  0.2463658040E+00 
 2008  2622    8  0.2849375000E+01  0.2546600369E+00 
 2008  2628    8  0.2749750000E+01  0.3143007119E+00 
 2008  2634    8  0.2669125000E+01  0.3252888860E+00 
 2008  2640    8  0.2066875000E+01  0.2729319684E+00 
 2008  2646    8  0.2145875000E+01  0.2955327552E+00 
 2008  2652    8  0.2323000000E+01  0.3750869899E+00 
 2008  2658    8  0.2540125000E+01  0.3674797401E+00 
 2008  2664    8  0.2463750000E+01  0.3485332660E+00 
 2008  2670    8  0.2801500000E+01  0.3912642969E+00 
 2008  2676    8  0.2780625000E+01  0.4216523857E+00 
 2008  2682    8  0.3011875000E+01  0.4297593622E+00 
 2008  2688    8  0.3024625000E+01  0.4404977121E+00 
 2008  2694    8  0.2958750000E+01  0.4912575063E+00 
 2008  2700    8  0.2634000000E+01  0.4413652116E+00 
 2008  2706    8  0.2451750000E+01  0.4167330530E+00 
 2008  2712    8  0.2269250000E+01  0.3531524989E+00 
 2008  2718    8  0.1889875000E+01  0.3550589520E+00 
 2008  2724    8  0.1659875000E+01  0.3310552966E+00 
 2008  2730    8  0.1543000000E+01  0.3311691411E+00 
 2008  2736    8  0.1279962500E+01  0.3222406784E+00 
 2008  2742    8  0.1203375000E+01  0.2928880535E+00 
 2008  2748    8  0.1410212500E+01  0.3022819315E+00 
 2008  2754    8  0.1520875000E+01  0.2945727574E+00 
 2008  2760    8  0.1111025000E+01  0.2133388546E+00 
 2008  2766    8  0.8044750000E+00  0.2351720368E+00 
 2008  2772    8  0.5808500000E+00  0.2147510535E+00 
 2008  2778    8  0.1760962500E+00  0.1946993812E+00 
 2008  2784    8  -0.2534425000E+00  0.1983944092E+00 
 2008  2790    8  -0.6612375000E+00  0.2400809183E+00 
 2008  2796    8  -0.8868750000E+00  0.2407388146E+00 
 2008  2802    8  -0.8286500000E+00  0.2229258845E+00 
 2008  2808    8  -0.6028625000E+00  0.2213949070E+00 
 2008  2814    8  -0.6539625000E+00  0.1880873995E+00 
 2008  2820    8  -0.3821625000E+00  0.1533632937E+00 
 2008  2826    8  0.5468050000E-01  0.1691105405E+00 
 2008  2832    8  0.8771500000E-01  0.1911272321E+00 
 2008  2838    8  -0.4063250000E-01  0.1975319035E+00 
 2008  2844    8  0.3002600000E-01  0.1924111864E+00 
 2008  2850    8  0.3073700000E+00  0.1759202129E+00 
 2008  2856    8  0.4883625000E+00  0.1487283676E+00 
 2008  2862    8  0.9037250000E+00  0.1479384395E+00 
 2008  2868    8  0.1261000000E+01  0.1743839155E+00 
 2008  2874    8  0.1602250000E+01  0.1997390485E+00 
 2008  2880    8  0.1768625000E+01  0.2009638882E+00 
 2008  2886    8  0.1794875000E+01  0.2331353885E+00 
 2008  2892    8  0.1962125000E+01  0.2306119237E+00 
 2008  2898    8  0.2190750000E+01  0.2522324077E+00 
 2008  2904    8  0.1979625000E+01  0.2219368928E+00 
 2008  2910    8  0.1769625000E+01  0.2147294446E+00 
 2008  2916    8  0.1593625000E+01  0.1996158420E+00 
 2008  2922    8  0.1555625000E+01  0.1950858385E+00 
 2008  2928    8  0.1229250000E+01  0.1579942641E+00 
 2008  2934    8  0.1066387500E+01  0.1679581528E+00 
 2008  2940    8  0.9027000000E+00  0.1835548760E+00 
 2008  2946    8  0.1005762500E+01  0.1879288225E+00 
 2008  2952    8  0.6147500000E+00  0.2101756884E+00 
 2008  2958    8  0.4347000000E+00  0.2091718313E+00 
 2008  2964    8  0.3313350000E+00  0.2338631492E+00 
 2008  2970    8  0.4495625000E+00  0.2559453259E+00 
 2008  2976    8  0.1501800000E+00  0.2370340862E+00 
 2008  2982    8  0.2706550000E+00  0.2460364722E+00 
 2008  2988    8  0.5803250000E+00  0.2713183220E+00 
 2008  2994    8  0.1107837500E+01  0.2710355693E+00 
 2008  3000    8  0.8361250000E+00  0.2670989365E+00 
 2008  3006    8  0.7696000000E+00  0.2645519136E+00 
 2008  3012    8  0.5375125000E+00  0.2767227152E+00 
 2008  3018    8  0.5775250000E+00  0.2248211664E+00 
 2008  3024    8  -0.2194250000E-01  0.2217160834E+00 
 2008  3030    8  -0.7835750000E-01  0.2248297644E+00 
 2008  3036    8  -0.4372250000E+00  0.2466388744E+00 
 2008  3042    8  -0.3546625000E+00  0.2075693013E+00 
 2008  3048    8  -0.6838375000E+00  0.2581809004E+00 
 2008  3054    8  -0.7396250000E+00  0.2569333900E+00 
 2008  3060    8  -0.6498125000E+00  0.2679392629E+00 
 2008  3066    8  -0.4467037500E-01  0.2450382163E+00 
 2008  3072    8  0.1296750000E-01  0.2589329009E+00 
 2008  3078    8  0.1852525000E+00  0.2778054247E+00 
 2008  3084    8  0.5336500000E+00  0.2620302034E+00 
 2008  3090    8  0.9961125000E+00  0.2562960760E+00 
 2008  3096    8  0.7409625000E+00  0.2509945564E+00 
 2008  3102    8  0.4686000000E+00  0.2467449848E+00 
 2008  3108    8  0.2590087500E+00  0.2380936633E+00 
 2008  3114    8  0.1289417500E+00  0.2202228967E+00 
 2008  3120    8  -0.7037612500E-01  0.1809627014E+00 
 2008  3126    8  0.2677687500E+00  0.1953742696E+00 
 2008  3132    8  0.5770875000E+00  0.2229372470E+00 
 2008  3138    8  0.1116937500E+01  0.2458803720E+00 
 2008  3144    8  0.1603125000E+01  0.2892967497E+00 
 2008  3150    8  0.1832875000E+01  0.3183678837E+00 
 2008  3156    8  0.1760750000E+01  0.2966242362E+00 
 2008  3162    8  0.1973125000E+01  0.3020005950E+00 
 2008  3168    8  0.1608875000E+01  0.2575579728E+00 
 2008  3174    8  0.1105487500E+01  0.2118997135E+00 
 2008  3180    8  0.1007937500E+01  0.1845655164E+00 
 2008  3186    8  0.1210725000E+01  0.2092988996E+00 
 2008  3192    8  0.1038750000E+01  0.1700311736E+00 
 2008  3198    8  0.7540125000E+00  0.1836406779E+00 
 2008  3204    8  0.8284125000E+00  0.2149823739E+00 
 2008  3210    8  0.8762500000E+00  0.2163880080E+00 
 2008  3216    8  0.9797625000E+00  0.1926442248E+00 
 2008  3222    8  0.1089312500E+01  0.2452926795E+00 
 2008  3228    8  0.1121187500E+01  0.2324510832E+00 
 2008  3234    8  0.1211312500E+01  0.2397054100E+00 
 2008  3240    8  0.9496000000E+00  0.2206587467E+00 
 2008  3246    8  0.7183750000E+00  0.1859719787E+00 
 2008  3252    8  0.7352250000E+00  0.2001382319E+00 
 2008  3258    8  0.1069650000E+01  0.2240977577E+00 
 2008  3264    8  0.7335750000E+00  0.1645209998E+00 
 2008  3270    8  0.6522875000E+00  0.1253454869E+00 
 2008  3276    8  0.6038125000E+00  0.1656676903E+00 
 2008  3282    8  0.6824375000E+00  0.1486151568E+00 
 2008  3288    8  0.4227875000E+00  0.1288794731E+00 
 2008  3294    8  0.5605125000E+00  0.1244807559E+00 
 2008  3300    8  0.2166925000E+00  0.1258397151E+00 
 2008  3306    8  0.2488475000E+00  0.1310854374E+00 
 2008  3312    8  0.4004375000E+00  0.1526709774E+00 
 2008  3318    8  0.6976375000E+00  0.1848297794E+00 
 2008  3324    8  0.5829375000E+00  0.2001862691E+00 
 2008  3330    8  0.9116500000E+00  0.2098865825E+00 
 2008  3336    8  0.7647875000E+00  0.2227063899E+00 
 2008  3342    8  0.9904375000E+00  0.2549924506E+00 
 2008  3348    8  0.9876750000E+00  0.2946975897E+00 
 2008  3354    8  0.1470750000E+01  0.3326273252E+00 
 2008  3360    8  0.2034250000E+01  0.3710491039E+00 
 2008  3366    8  0.2695250000E+01  0.4117176672E+00 
 2008  3372    8  0.2677000000E+01  0.4213063019E+00 
 2008  3378    8  0.2778250000E+01  0.4171371927E+00 
 2008  3384    8  0.2340625000E+01  0.4023825722E+00 
 2008  3390    8  0.1917875000E+01  0.3621731069E+00 
 2008  3396    8  0.1376875000E+01  0.3233413202E+00 
 2008  3402    8  0.1447375000E+01  0.3160988522E+00 
 2008  3408    8  0.1053737500E+01  0.2985380291E+00 
 2008  3414    8  0.1015762500E+01  0.2470618543E+00 
 2008  3420    8  0.7994875000E+00  0.2598214697E+00 
 2008  3426    8  0.9650750000E+00  0.2396833158E+00 
 2008  3432    8  0.9570625000E+00  0.2192805163E+00 
 2008  3438    8  0.9669750000E+00  0.2436184607E+00 
 2008  3444    8  0.1021087500E+01  0.2740741936E+00 
 2008  3450    8  0.1324812500E+01  0.2833747450E+00 
 2008  3456    8  0.1268475000E+01  0.2680614284E+00 
 2008  3462    8  0.1485250000E+01  0.2855410435E+00 
 2008  3468    8  0.1905125000E+01  0.2809534826E+00 
 2008  3474    8  0.2590500000E+01  0.3326056223E+00 
 2008  3480    8  0.2605750000E+01  0.2648243522E+00 
 2008  3486    8  0.2321000000E+01  0.2907288255E+00 
 2008  3492    8  0.2104375000E+01  0.2941121969E+00 
 2008  3498    8  0.1865750000E+01  0.2780529401E+00 
 2008  3504    8  0.1585125000E+01  0.2154341184E+00 
 2008  3510    8  0.1656250000E+01  0.2336641554E+00 
 2008  3516    8  0.1693500000E+01  0.2417488366E+00 
 2008  3522    8  0.1665500000E+01  0.2164769041E+00 
 2008  3528    8  0.1295625000E+01  0.1821304049E+00 
 2008  3534    8  0.1293625000E+01  0.1981955710E+00 
 2008  3540    8  0.1245250000E+01  0.1921221942E+00 
 2008  3546    8  0.1580125000E+01  0.1955546199E+00 
 2008  3552    8  0.1759125000E+01  0.2103832440E+00 
 2008  3558    8  0.2108750000E+01  0.2143815232E+00 
 2008  3564    8  0.2005875000E+01  0.1984807532E+00 
 2008  3570    8  0.1461750000E+01  0.1943487522E+00 
 2008  3576    8  0.7132875000E+00  0.1680325076E+00 
 2008  3582    8  0.5385375000E+00  0.1990728380E+00 
 2008  3588    8  0.6711375000E+00  0.2355637755E+00 
 2008  3594    8  0.9719625000E+00  0.1924103683E+00 
 2008  3600    8  0.1481125000E+01  0.1906681918E+00 
 2008  3606    8  0.1928625000E+01  0.2640189091E+00 
 2008  3612    8  0.2169750000E+01  0.2343681666E+00 
 2008  3618    8  0.2237875000E+01  0.2420477419E+00 
 2008  3624    8  0.1758875000E+01  0.2126601970E+00 
 2008  3630    8  0.1147425000E+01  0.1751693877E+00 
 2008  3636    8  0.1106075000E+01  0.1824570549E+00 
 2008  3642    8  0.1221900000E+01  0.2169020977E+00 
 2008  3648    8  0.1103800000E+01  0.2094550727E+00 
 2008  3654    8  0.8427125000E+00  0.1935431892E+00 
 2008  3660    8  0.1202687500E+01  0.2236815450E+00 
 2008  3666    8  0.1583125000E+01  0.2591174625E+00 
 2008  3672    8  0.1302875000E+01  0.2022643305E+00 
 2008  3678    8  0.1321337500E+01  0.2286949876E+00 
 2008  3684    8  0.1422425000E+01  0.3129289286E+00 
 2008  3690    8  0.1584000000E+01  0.2871806922E+00 
 2008  3696    8  0.1567875000E+01  0.2851988068E+00 
 2008  3702    8  0.1646375000E+01  0.2714921442E+00 
 2008  3708    8  0.1616000000E+01  0.2635896432E+00 
 2008  3714    8  0.1903125000E+01  0.2668480080E+00 
 2008  3720    8  0.1435125000E+01  0.2260350844E+00 
 2008  3726    8  0.9280375000E+00  0.1908866086E+00 
 2008  3732    8  0.5632750000E+00  0.1707837650E+00 
 2008  3738    8  0.4782500000E+00  0.2001454534E+00 
 2008  3744    8  0.1281100000E+00  0.1668084422E+00 
 2008  3750    8  0.6012250000E-01  0.2042402094E+00 
 2008  3756    8  0.3476125000E-01  0.2125393752E+00 
 2008  3762    8  0.2789375000E+00  0.2259278395E+00 
 2008  3768    8  0.3828000000E+00  0.1878968068E+00 
 2008  3774    8  0.6585375000E+00  0.2405679838E+00 
 2008  3780    8  0.9129250000E+00  0.2745492158E+00 
 2008  3786    8  0.1266487500E+01  0.2857447963E+00 
 2008  3792    8  0.1310412500E+01  0.2759939602E+00 
 2008  3798    8  0.1402625000E+01  0.3038955156E+00 
 2008  3804    8  0.1159750000E+01  0.2794786664E+00 
 2008  3810    8  0.1103962500E+01  0.2815059766E+00 
 2008  3816    8  0.6954875000E+00  0.2557260714E+00 
 2008  3822    8  0.4830125000E+00  0.2710267950E+00 
 2008  3828    8  0.5338500000E+00  0.2565131576E+00 
 2008  3834    8  0.9268500000E+00  0.2835951692E+00 
 2008  3840    8  0.7815375000E+00  0.2223778931E+00 
 2008  3846    8  0.7423125000E+00  0.2389900544E+00 
 2008  3852    8  0.7237750000E+00  0.2439725125E+00 
 2008  3858    8  0.8997750000E+00  0.2597460430E+00 
 2008  3864    8  0.8382125000E+00  0.2180169801E+00 
 2008  3870    8  0.8260375000E+00  0.2260044576E+00 
 2008  3876    8  0.7658125000E+00  0.2310559317E+00 
 2008  3882    8  0.5809125000E+00  0.2103970677E+00 
 2008  3888    8  0.1660350000E+00  0.2288853059E+00 
 2008  3894    8  -0.1428750000E-01  0.2780499480E+00 
 2008  3900    8  0.5934625000E-01  0.2694710847E+00 
 2008  3906    8  0.4042100000E+00  0.2516628532E+00 
 2008  3912    8  0.3544800000E+00  0.2788239093E+00 
 2008  3918    8  0.3686963750E+00  0.2599572110E+00 
 2008  3924    8  0.7261750000E+00  0.2539705138E+00 
 2008  3930    8  0.1128487500E+01  0.2890633773E+00 
 2008  3936    8  0.9223125000E+00  0.2861036763E+00 
 2008  3942    8  0.1129450000E+01  0.2851195276E+00 
 2008  3948    8  0.1301087500E+01  0.3325903315E+00 
 2008  3954    8  0.1355950000E+01  0.3436744353E+00 
 2008  3960    8  0.9412125000E+00  0.2795304073E+00 
 2008  3966    8  0.1071025000E+01  0.3105466863E+00 
 2008  3972    8  0.8775375000E+00  0.3177060038E+00 
 2008  3978    8  0.9076750000E+00  0.2631757528E+00 
 2008  3984    8  0.8880125000E+00  0.2709110898E+00 
 2008  3990    8  0.1124787500E+01  0.3362971061E+00 
 2008  3996    8  0.9137750000E+00  0.3139574404E+00 
 2008  4002    8  0.9243000000E+00  0.2833250121E+00 
 2008  4008    8  0.6390375000E+00  0.2575124411E+00 
 2008  4014    8  0.8212750000E+00  0.2222006568E+00 
 2008  4020    8  0.1157712500E+01  0.2395632768E+00 
 2008  4026    8  0.1687750000E+01  0.2376093169E+00 
 2008  4032    8  0.1464625000E+01  0.1636825720E+00 
 2008  4038    8  0.1763625000E+01  0.1879620557E+00 
 2008  4044    8  0.1768000000E+01  0.2263194645E+00 
 2008  4050    8  0.1920750000E+01  0.1752724665E+00 
 2008  4056    8  0.1568250000E+01  0.1157105764E+00 
 2008  4062    8  0.1652875000E+01  0.1417748545E+00 
 2008  4068    8  0.1529250000E+01  0.1682756295E+00 
 2008  4074    8  0.1398500000E+01  0.1824335495E+00 
 2008  4080    8  0.8873000000E+00  0.1349971574E+00 
 2008  4086    8  0.7055000000E+00  0.1676560914E+00 
 2008  4092    8  0.3766375000E+00  0.1988253878E+00 
 2008  4098    8  0.4365375000E+00  0.2221088187E+00 
 2008  4104    8  0.5004500000E+00  0.1926020184E+00 
 2008  4110    8  0.6596875000E+00  0.2531390203E+00 
 2008  4116    8  0.8155500000E+00  0.2395809936E+00 
 2008  4122    8  0.1325925000E+01  0.2704237219E+00 
 2008  4128    8  0.1390375000E+01  0.2498003891E+00 
 2008  4134    8  0.1315875000E+01  0.2557393387E+00 
 2008  4140    8  0.1271475000E+01  0.2497252077E+00 
 2008  4146    8  0.1419375000E+01  0.2531422216E+00 
 2008  4152    8  0.1201837500E+01  0.2245736179E+00 
 2008  4158    8  0.1083250000E+01  0.2168657419E+00 
 2008  4164    8  0.9362375000E+00  0.1819239397E+00 
 2008  4170    8  0.9939625000E+00  0.1537794763E+00 
 2008  4176    8  0.9321625000E+00  0.1627052545E+00 
 2008  4182    8  0.7490875000E+00  0.1506111586E+00 
 2008  4188    8  0.5787125000E+00  0.1197787068E+00 
 2008  4194    8  0.6045500000E+00  0.1166743652E+00 
 2008  4200    8  0.4313375000E+00  0.1711119658E+00 
 2008  4206    8  0.1658718750E+00  0.2157526425E+00 
 2008  4212    8  0.2673212500E+00  0.2112572155E+00 
 2008  4218    8  0.6996750000E+00  0.2379301460E+00 
 2008  4224    8  0.7969750000E+00  0.1777792645E+00 
 2008  4230    8  0.8594250000E+00  0.1922068726E+00 
 2008  4236    8  0.1231375000E+01  0.1946624884E+00 
 2008  4242    8  0.1179750000E+01  0.2419186330E+00 
 2008  4248    8  0.9536500000E+00  0.1901998028E+00 
 2008  4254    8  0.6825750000E+00  0.2131750616E+00 
 2008  4260    8  0.5692000000E+00  0.1735523912E+00 
 2008  4266    8  0.5108375000E+00  0.1769658155E+00 
 2008  4272    8  0.3160500000E+00  0.1526559776E+00 
 2008  4278    8  -0.1182625000E+00  0.1452368798E+00 
 2008  4284    8  -0.3098625000E-02  0.1144768675E+00 
 2008  4290    8  0.1872533750E+00  0.1617578771E+00 
 2008  4296    8  0.2902875000E+00  0.1243472400E+00 
 2008  4302    8  0.2434412500E+00  0.1795297107E+00 
 2008  4308    8  0.4976250000E+00  0.1863758283E+00 
 2008  4314    8  0.4865375000E+00  0.2213374852E+00 
 2008  4320    8  0.4650000000E+00  0.1771632369E+00 
 2008  4326    8  0.3417875000E+00  0.2097630356E+00 
 2008  4332    8  0.5196500000E+00  0.1889018991E+00 
 2008  4338    8  0.7588625000E+00  0.2073949248E+00 
 2008  4344    8  0.6656875000E+00  0.1695403008E+00 
 2008  4350    8  0.4194125000E+00  0.1462287372E+00 
 2008  4356    8  0.5958750000E+00  0.1816413826E+00 
 2008  4362    8  0.6975875000E+00  0.2119296902E+00 
 2008  4368    8  0.3362900000E+00  0.1758374155E+00 
 2008  4374    8  0.4188000000E+00  0.2058211299E+00 
 2008  4380    8  0.4409625000E+00  0.2307365431E+00 
 2008  4386    8  0.4368250000E+00  0.2133891091E+00 
 2008  4392    8  0.4455875000E+00  0.1885798335E+00 
 2008  4398    8  0.5295000000E+00  0.2172959100E+00 
 2008  4404    8  0.6822000000E+00  0.1921329618E+00 
 2008  4410    8  0.1159575000E+01  0.2406881683E+00 
 2008  4416    8  0.1120687500E+01  0.2273830768E+00 
 2008  4422    8  0.9976375000E+00  0.2108295813E+00 
 2008  4428    8  0.1285550000E+01  0.2309673516E+00 
 2008  4434    8  0.1496375000E+01  0.2691709204E+00 
 2008  4440    8  0.1135762500E+01  0.1804446033E+00 
 2008  4446    8  0.1406000000E+01  0.2104002139E+00 
 2008  4452    8  0.1377250000E+01  0.2504310035E+00 
 2008  4458    8  0.1189575000E+01  0.2215004670E+00 
 2008  4464    8  0.1099762500E+01  0.1648522819E+00 
 2008  4470    8  0.1060862500E+01  0.2620669139E+00 
 2008  4476    8  0.1087600000E+01  0.2101761939E+00 
 2008  4482    8  0.1231012500E+01  0.2633684037E+00 
 2008  4488    8  0.1536125000E+01  0.2686137736E+00 
 2008  4494    8  0.1315037500E+01  0.3003272546E+00 
 2008  4500    8  0.1497250000E+01  0.2473422477E+00 
 2008  4506    8  0.1900250000E+01  0.3259469857E+00 
 2008  4512    8  0.1881125000E+01  0.2344597180E+00 
 2008  4518    8  0.2086875000E+01  0.2309601900E+00 
 2008  4524    8  0.2799875000E+01  0.2524977413E+00 
 2008  4530    8  0.2982875000E+01  0.2891385643E+00 
 2008  4536    8  0.2877625000E+01  0.1863900061E+00 
 2008  4542    8  0.2643000000E+01  0.2221007654E+00 
 2008  4548    8  0.2372000000E+01  0.2091871172E+00 
 2008  4554    8  0.1585875000E+01  0.2420787256E+00 
 2008  4560    8  0.8192500000E+00  0.2005164270E+00 
 2008  4566    8  0.1087602500E+00  0.2656284450E+00 
 2008  4572    8  -0.1996625000E+00  0.2087286742E+00 
 2008  4578    8  0.7350125000E-01  0.2431289756E+00 
 2008  4584    8  0.4031000000E+00  0.1921026288E+00 
 2008  4590    8  0.6734125000E+00  0.2199035325E+00 
 2008  4596    8  0.9931125000E+00  0.1927021175E+00 
 2008  4602    8  0.1141875000E+01  0.2405844122E+00 
 2008  4608    8  0.1026025000E+01  0.1605841894E+00 
 2008  4614    8  0.1026237500E+01  0.1954362808E+00 
 2008  4620    8  0.1404375000E+01  0.1803891193E+00 
 2008  4626    8  0.1681500000E+01  0.2303377954E+00 
 2008  4632    8  0.1603500000E+01  0.1745229211E+00 
 2008  4638    8  0.1214850000E+01  0.1826748614E+00 
 2008  4644    8  0.1462250000E+01  0.1557359544E+00 
 2008  4650    8  0.1728375000E+01  0.2428080196E+00 
 2008  4656    8  0.1436625000E+01  0.1857275811E+00 
 2008  4662    8  0.1192425000E+01  0.1677346547E+00 
 2008  4668    8  0.1356625000E+01  0.1905038960E+00 
 2008  4674    8  0.1257150000E+01  0.2067141928E+00 
 2008  4680    8  0.9077125000E+00  0.1409375787E+00 
 2008  4686    8  0.9299375000E+00  0.2033406129E+00 
 2008  4692    8  0.9284375000E+00  0.2330933447E+00 
 2008  4698    8  0.5515750000E+00  0.2337843010E+00 
 2008  4704    8  0.2846070000E+00  0.1864289261E+00 
 2008  4710    8  0.2646425000E+00  0.2477780427E+00 
 2008  4716    8  -0.8202875000E-01  0.2692304448E+00 
 2008  4722    8  -0.3609312500E+00  0.2673600509E+00 
 2008  4728    8  -0.6025250000E+00  0.2896514101E+00 
 2008  4734    8  -0.6657125000E+00  0.3136442947E+00 
 2008  4740    8  -0.3650525000E+00  0.2681348231E+00 
 2008  4746    8  0.1863325000E+00  0.2563351993E+00 
 2008  4752    8  0.1307137500E+00  0.2778196030E+00 
 2008  4758    8  -0.1110437500E+00  0.2668111615E+00 
 2008  4764    8  0.1680375000E-01  0.2583733356E+00 
 2008  4770    8  0.3445996250E+00  0.2728862712E+00 
 2008  4776    8  -0.9712500000E-02  0.2260122604E+00 
 2008  4782    8  -0.1413112500E-01  0.1941200115E+00 
 2008  4788    8  0.4365250000E+00  0.2124403313E+00 
 2008  4794    8  0.5403250000E+00  0.2166673127E+00 
 2008  4800    8  0.3780625000E+00  0.1637658995E+00 
 2008  4806    8  0.3988875000E+00  0.2171157378E+00 
 2008  4812    8  0.5414500000E+00  0.2131020413E+00 
 2008  4818    8  0.7316625000E+00  0.2244353467E+00 
 2008  4824    8  0.7857375000E+00  0.1880640711E+00 
 2008  4830    8  0.7563875000E+00  0.2215261352E+00 
 2008  4836    8  0.7397500000E+00  0.1982277604E+00 
 2008  4842    8  0.1109337500E+01  0.2575117810E+00 
 2008  4848    8  0.1013737500E+01  0.2325784810E+00 
 2008  4854    8  0.7867750000E+00  0.2301344159E+00 
 2008  4860    8  0.8565875000E+00  0.2107966048E+00 
 2008  4866    8  0.8953750000E+00  0.2619003854E+00 
 2008  4872    8  0.5195000000E+00  0.1932867171E+00 
 2008  4878    8  0.3967625000E+00  0.2292879573E+00 
 2008  4884    8  0.4889250000E+00  0.2855475387E+00 
 2008  4890    8  0.5540750000E+00  0.3188500343E+00 
 2008  4896    8  0.3165612500E+00  0.2851039647E+00 
 2008  4902    8  -0.7488875000E-01  0.3653333384E+00 
 2008  4908    8  -0.3801425000E+00  0.3625630561E+00 
 2008  4914    8  -0.5125737500E+00  0.3933221642E+00 
 2008  4920    8  -0.5724462500E+00  0.3496711726E+00 
 2008  4926    8  -0.4299903750E+00  0.3362256813E+00 
 2008  4932    8  0.3315000000E-01  0.3263818393E+00 
 2008  4938    8  0.3766399500E+00  0.3538059846E+00 
 2008  4944    8  0.7420750000E+00  0.2820569967E+00 
 2008  4950    8  0.9320375000E+00  0.3105206150E+00 
 2008  4956    8  0.1139300000E+01  0.3139145545E+00 
 2008  4962    8  0.1090675000E+01  0.3502158540E+00 
 2008  4968    8  0.7624750000E+00  0.2650144135E+00 
 2008  4974    8  0.6295250000E+00  0.3119981961E+00 
 2008  4980    8  0.6004500000E+00  0.2930411575E+00 
 2008  4986    8  0.9668375000E+00  0.3389704151E+00 
 2008  4992    8  0.1176337500E+01  0.3088335917E+00 
 2008  4998    8  0.9236750000E+00  0.3412134477E+00 
 2008  5004    8  0.7211500000E+00  0.3088956256E+00 
 2008  5010    8  0.7596125000E+00  0.3630679635E+00 
 2008  5016    8  0.6570250000E+00  0.2867596892E+00 
 2008  5022    8  0.5936000000E+00  0.2789960125E+00 
 2008  5028    8  0.9331875000E+00  0.2923466625E+00 
 2008  5034    8  0.1296350000E+01  0.3295602980E+00 
 2008  5040    8  0.1334900000E+01  0.2550278808E+00 
 2008  5046    8  0.1387500000E+01  0.2723949339E+00 
 2008  5052    8  0.1408750000E+01  0.2519294296E+00 
 2008  5058    8  0.1315100000E+01  0.2512904097E+00 
 2008  5064    8  0.9708250000E+00  0.2051604662E+00 
 2008  5070    8  0.7032000000E+00  0.2272262309E+00 
 2008  5076    8  0.4654125000E+00  0.2269390746E+00 
 2008  5082    8  0.4491875000E+00  0.2196258605E+00 
 2008  5088    8  0.4001137500E+00  0.2067887348E+00 
 2008  5094    8  0.2751068750E+00  0.2043534049E+00 
 2008  5100    8  0.3269275000E+00  0.2111547567E+00 
 2008  5106    8  0.3443150000E+00  0.2046917147E+00 
 2008  5112    8  0.1563700000E+00  0.2017903623E+00 
 2008  5118    8  0.1646537500E+00  0.1957988199E+00 
 2008  5124    8  0.3529750000E+00  0.1814673369E+00 
 2008  5130    8  0.4356125000E+00  0.1982627577E+00 
 2008  5136    8  0.4232250000E+00  0.1893568308E+00 
 2008  5142    8  0.4820875000E+00  0.2115174309E+00 
 2008  5148    8  0.5486375000E+00  0.2173203105E+00 
 2008  5154    8  0.6558500000E+00  0.2152978867E+00 
 2008  5160    8  0.4342000000E+00  0.2007873876E+00 
 2008  5166    8  0.1895075000E+00  0.2018227049E+00 
 2008  5172    8  -0.2119427500E+00  0.2125414153E+00 
 2008  5178    8  -0.2707711250E+00  0.2158068239E+00 
 2008  5184    8  -0.5105250000E+00  0.2244374955E+00 
 2008  5190    8  -0.6821500000E+00  0.1964590415E+00 
 2008  5196    8  -0.3860000000E+00  0.1714486220E+00 
 2008  5202    8  0.6113750000E-01  0.1956572650E+00 
 2008  5208    8  0.1630512500E+00  0.1756927293E+00 
 2008  5214    8  0.9375000000E-01  0.1958464365E+00 
 2008  5220    8  0.3037862500E+00  0.2142376183E+00 
 2008  5226    8  0.6912375000E+00  0.2648302803E+00 
 2008  5232    8  0.8460750000E+00  0.2151095230E+00 
 2008  5238    8  0.8851250000E+00  0.2435643177E+00 
 2008  5244    8  0.9098125000E+00  0.2368179704E+00 
 2008  5250    8  0.9066625000E+00  0.2675695608E+00 
 2008  5256    8  0.7414250000E+00  0.2385889653E+00 
 2008  5262    8  0.4691250000E+00  0.2284375284E+00 
 2008  5268    8  0.5731500000E+00  0.1536507322E+00 
 2008  5274    8  0.1003775000E+01  0.2238593797E+00 
 2008  5280    8  0.1039050000E+01  0.1963172815E+00 
 2008  5286    8  0.8084125000E+00  0.1622883810E+00 
 2008  5292    8  0.1146275000E+01  0.1566989131E+00 
 2008  5298    8  0.1200225000E+01  0.2329435380E+00 
 2008  5304    8  0.8966500000E+00  0.1648702217E+00 
 2008  5310    8  0.8451500000E+00  0.2053008281E+00 
 2008  5316    8  0.1173850000E+01  0.2376278708E+00 
 2008  5322    8  0.9417000000E+00  0.2771062161E+00 
 2008  5328    8  0.6836875000E+00  0.2210057490E+00 
 2008  5334    8  0.4077375000E+00  0.2789930059E+00 
 2008  5340    8  0.6891375000E+00  0.2376959241E+00 
 2008  5346    8  0.1154300000E+01  0.2845606438E+00 
 2008  5352    8  0.1720625000E+01  0.2700069154E+00 
 2008  5358    8  0.1863875000E+01  0.3006195426E+00 
 2008  5364    8  0.2170875000E+01  0.2931950876E+00 
 2008  5370    8  0.2298375000E+01  0.3029665565E+00 
 2008  5376    8  0.1926125000E+01  0.2058442600E+00 
 2008  5382    8  0.1496375000E+01  0.1896641357E+00 
 2008  5388    8  0.1426625000E+01  0.1506717770E+00 
 2008  5394    8  0.1492500000E+01  0.1581447122E+00 
 2008  5400    8  0.1310500000E+01  0.1386659655E+00 
 2008  5406    8  0.1259562500E+01  0.1504795330E+00 
 2008  5412    8  0.1164212500E+01  0.1250194629E+00 
 2008  5418    8  0.1069475000E+01  0.1425603359E+00 
 2008  5424    8  0.6266500000E+00  0.1069446469E+00 
 2008  5430    8  0.2194725000E+00  0.1154796402E+00 
 2008  5436    8  0.7989875000E-01  0.1274888230E+00 
 2008  5442    8  0.2184512500E+00  0.1541615052E+00 
 2008  5448    8  0.3433375000E+00  0.1621338023E+00 
 2008  5454    8  0.6090125000E+00  0.1705525464E+00 
 2008  5460    8  0.1075050000E+01  0.1937724632E+00 
 2008  5466    8  0.1744875000E+01  0.2552158094E+00 
 2008  5472    8  0.1942000000E+01  0.2965973702E+00 
 2008  5478    8  0.1726750000E+01  0.3230796148E+00 
 2008  5484    8  0.1493125000E+01  0.3376097738E+00 
 2008  5490    8  0.1372162500E+01  0.3838580204E+00 
 2008  5496    8  0.1135037500E+01  0.3110096137E+00 
 2008  5502    8  0.1062462500E+01  0.3126040184E+00 
 2008  5508    8  0.1182362500E+01  0.3158167583E+00 
 2008  5514    8  0.1575750000E+01  0.3239937306E+00 
 2008  5520    8  0.1752750000E+01  0.2951210557E+00 
 2008  5526    8  0.1658000000E+01  0.2983341248E+00 
 2008  5532    8  0.1544125000E+01  0.2461480436E+00 
 2008  5538    8  0.1340287500E+01  0.2592471381E+00 
 2008  5544    8  0.6704625000E+00  0.1884860601E+00 
 2008  5550    8  0.4101500000E+00  0.1631140629E+00 
 2008  5556    8  0.6640250000E+00  0.1620207529E+00 
 2008  5562    8  0.1105612500E+01  0.1589822352E+00 
 2008  5568    8  0.1362375000E+01  0.1233459946E+00 
 2008  5574    8  0.1493125000E+01  0.1862548238E+00 
 2008  5580    8  0.1411000000E+01  0.1614063196E+00 
 2008  5586    8  0.1510375000E+01  0.1914640550E+00 
 2008  5592    8  0.1477375000E+01  0.1886172961E+00 
 2008  5598    8  0.1002212500E+01  0.1846434431E+00 
 2008  5604    8  0.1024462500E+01  0.1572414381E+00 
 2008  5610    8  0.1070762500E+01  0.2385230541E+00 
 2008  5616    8  0.6511500000E+00  0.1612999458E+00 
 2008  5622    8  0.2874012500E+00  0.1517090299E+00 
 2008  5628    8  0.5156125000E+00  0.1906365746E+00 
 2008  5634    8  0.6108750000E+00  0.2048420840E+00 
 2008  5640    8  0.4554250000E+00  0.1505008949E+00 
 2008  5646    8  0.4189750000E+00  0.1939521574E+00 
 2008  5652    8  0.3085237500E+00  0.1666019859E+00 
 2008  5658    8  0.2650200000E+00  0.1976202091E+00 
 2008  5664    8  0.1845033750E+00  0.1654958898E+00 
 2008  5670    8  0.4579125000E-01  0.2127078160E+00 
 2008  5676    8  0.4795875000E+00  0.2078766307E+00 
 2008  5682    8  0.8260625000E+00  0.2602938145E+00 
 2008  5688    8  0.7537500000E+00  0.2194525632E+00 
 2008  5694    8  0.5461125000E+00  0.2121441753E+00 
 2008  5700    8  0.8120000000E+00  0.2155802403E+00 
 2008  5706    8  0.1134237500E+01  0.2514459183E+00 
 2008  5712    8  0.1341975000E+01  0.2244305112E+00 
 2008  5718    8  0.1152250000E+01  0.1995581056E+00 
 2008  5724    8  0.1013262500E+01  0.1343644758E+00 
 2008  5730    8  0.8389875000E+00  0.1525605326E+00 
 2008  5736    8  0.3640375000E+00  0.1617298978E+00 
 2008  5742    8  -0.3055350000E+00  0.1659235790E+00 
 2008  5748    8  -0.2526175000E+00  0.1632870517E+00 
 2008  5754    8  0.3152125000E-01  0.1642202048E+00 
 2008  5760    8  -0.2325196250E+00  0.1646780432E+00 
 2008  5766    8  -0.3653625000E+00  0.1615367213E+00 
 2008  5772    8  -0.8187500000E-01  0.1898628315E+00 
 2008  5778    8  0.5960875000E-01  0.1897159752E+00 
 2008  5784    8  -0.1527012500E+00  0.1801763745E+00 
 2008  5790    8  -0.2765412500E+00  0.1832147790E+00 
 2008  5796    8  -0.9707750000E-01  0.1750795737E+00 
 2008  5802    8  0.7328125000E-01  0.2168933998E+00 
 2008  5808    8  0.6710262500E-01  0.2109775350E+00 
 2008  5814    8  -0.7881975000E-01  0.2480413334E+00 
 2008  5820    8  0.6256875000E-01  0.2585578525E+00 
 2008  5826    8  0.2429750000E+00  0.2754207199E+00 
 2008  5832    8  0.1795237500E+00  0.2554636173E+00 
 2008  5838    8  0.2867025000E+00  0.2349991793E+00 
 2008  5844    8  0.8175000000E+00  0.2291541730E+00 
 2008  5850    8  0.1430875000E+01  0.2328864731E+00 
 2008  5856    8  0.1380750000E+01  0.1410928329E+00 
 2008  5862    8  0.1079362500E+01  0.1356879134E+00 
 2008  5868    8  0.8924750000E+00  0.1181815209E+00 
 2008  5874    8  0.4527750000E+00  0.1074437847E+00 
 2008  5880    8  -0.4604125000E-01  0.1014946234E+00 
 2008  5886    8  -0.3091875000E+00  0.1312411943E+00 
 2008  5892    8  -0.5925250000E+00  0.1468617356E+00 
 2008  5898    8  -0.5401625000E+00  0.1419611825E+00 
 2008  5904    8  -0.4250625000E+00  0.1721651528E+00 
 2008  5910    8  -0.4084125000E+00  0.1457733467E+00 
 2008  5916    8  -0.2939000000E+00  0.1305652902E+00 
 2008  5922    8  0.6172000000E-02  0.1069137109E+00 
 2008  5928    8  0.9688750000E-01  0.9327634892E-01 
 2008  5934    8  0.1249175000E+00  0.7569756630E-01 
 2008  5940    8  0.2572662500E+00  0.8399400409E-01 
 2008  5946    8  0.2448362500E+00  0.8773162029E-01 
 2008  5952    8  0.4777850000E-01  0.8616099324E-01 
 2008  5958    8  0.3426500000E-01  0.9284169901E-01 
 2008  5964    8  0.1332832500E+00  0.7119319177E-01 
 2008  5970    8  0.6938425000E-01  0.1022372350E+00 
 2008  5976    8  -0.4295000000E-02  0.9751829380E-01 
 2008  5982    8  0.1743850000E+00  0.6421979893E-01 
 2008  5988    8  0.7076125000E+00  0.8041726241E-01 
 2008  5994    8  0.9733750000E+00  0.1330594862E+00 
 2008  6000    8  0.7998625000E+00  0.1142536207E+00 
 2008  6006    8  0.7338875000E+00  0.1682371053E+00 
 2008  6012    8  0.7690625000E+00  0.1738361221E+00 
 2008  6018    8  0.9665250000E+00  0.1924424248E+00 
 2008  6024    8  0.8767875000E+00  0.1784673250E+00 
 2008  6030    8  0.6586625000E+00  0.1881321739E+00 
 2008  6036    8  0.4395375000E+00  0.1630799492E+00 
 2008  6042    8  0.3478562500E+00  0.1957064949E+00 
 2008  6048    8  0.6644000000E-01  0.1650752840E+00 
 2008  6054    8  -0.3977875000E+00  0.1773343695E+00 
 2008  6060    8  -0.2018087500E+00  0.1510229355E+00 
 2008  6066    8  0.1857075000E+00  0.1731029416E+00 
 2008  6072    8  0.3416250000E+00  0.1349637428E+00 
 2008  6078    8  0.5599125000E+00  0.1660511475E+00 
 2008  6084    8  0.1099137500E+01  0.2041326954E+00 
 2008  6090    8  0.1487875000E+01  0.2476481564E+00 
 2008  6096    8  0.1404375000E+01  0.1998367693E+00 
 2008  6102    8  0.1303125000E+01  0.2089123246E+00 
 2008  6108    8  0.1243300000E+01  0.2074412387E+00 
 2008  6114    8  0.1373375000E+01  0.2346033554E+00 
 2008  6120    8  0.1296350000E+01  0.2448387122E+00 
 2008  6126    8  0.1152912500E+01  0.2324855342E+00 
 2008  6132    8  0.9953500000E+00  0.2151694100E+00 
 2008  6138    8  0.1026162500E+01  0.2747391897E+00 
 2008  6144    8  0.6020875000E+00  0.2712085104E+00 
 2008  6150    8  0.2757950000E+00  0.2553633305E+00 
 2008  6156    8  0.4575000000E-02  0.2870061225E+00 
 2008  6162    8  -0.9957735000E-01  0.2733098478E+00 
 2008  6168    8  -0.3510187500E+00  0.2344773362E+00 
 2008  6174    8  -0.1043112500E+00  0.2426904010E+00 
 2008  6180    8  -0.1293187500E+00  0.2699434281E+00 
 2008  6186    8  0.2151087500E+00  0.2688699649E+00 
 2008  6192    8  0.3537175000E+00  0.2937735474E+00 
 2008  6198    8  0.4727812500E+00  0.2866098175E+00 
 2008  6204    8  0.4117662500E+00  0.3286226051E+00 
 2008  6210    8  0.8718875000E+00  0.3348450703E+00 
 2008  6216    8  0.8700250000E+00  0.3312578254E+00 
 2008  6222    8  0.5665125000E+00  0.3004125140E+00 
 2008  6228    8  0.2406950000E+00  0.3129382135E+00 
 2008  6234    8  0.3597987500E+00  0.3090151360E+00 
 2008  6240    8  0.3447812500E+00  0.3160889651E+00 
 2008  6246    8  0.6549250000E+00  0.3340505716E+00 
 2008  6252    8  0.6279000000E+00  0.3553551885E+00 
 2008  6258    8  0.8042125000E+00  0.3708311726E+00 
 2008  6264    8  0.8415125000E+00  0.3468423361E+00 
 2008  6270    8  0.6829000000E+00  0.2825018053E+00 
 2008  6276    8  0.4868750000E+00  0.2465630688E+00 
 2008  6282    8  0.3783462500E+00  0.2357974172E+00 
 2008  6288    8  -0.2272762500E+00  0.2070336755E+00 
 2008  6294    8  -0.6192125000E+00  0.2190665620E+00 
 2008  6300    8  -0.7960500000E+00  0.2274096194E+00 
 2008  6306    8  -0.5622875000E+00  0.2091514908E+00 
 2008  6312    8  -0.2239975000E+00  0.1698274949E+00 
 2008  6318    8  -0.4148537500E+00  0.2625615304E+00 
 2008  6324    8  -0.7139500000E+00  0.2412164744E+00 
 2008  6330    8  -0.4782000000E+00  0.2553929179E+00 
 2008  6336    8  0.1904850000E+00  0.2644721116E+00 
 2008  6342    8  0.1965212500E+00  0.2902640339E+00 
 2008  6348    8  0.1390025000E+00  0.2549861609E+00 
 2008  6354    8  0.1375207500E+00  0.2552422942E+00 
 2008  6360    8  0.4809625000E-01  0.2085002507E+00 
 2008  6366    8  -0.2706437500E+00  0.2380814113E+00 
 2008  6372    8  -0.3320375000E+00  0.2505719454E+00 
 2008  6378    8  -0.2364536250E+00  0.2259062313E+00 
 2008  6384    8  0.1374750000E-01  0.2061457618E+00 
 2008  6390    8  0.3964996250E+00  0.2840025631E+00 
 2008  6396    8  0.2397687500E+00  0.2906752678E+00 
 2008  6402    8  0.5350875000E+00  0.2397930537E+00 
 2008  6408    8  0.7244125000E+00  0.2621886508E+00 
 2008  6414    8  0.3289825000E+00  0.2580666719E+00 
 2008  6420    8  -0.3321387500E+00  0.1882228520E+00 
 2008  6426    8  -0.2201075000E+00  0.2109896002E+00 
 2008  6432    8  -0.1598375000E+00  0.2508855613E+00 
 2008  6438    8  -0.4180175000E+00  0.2331914013E+00 
 2008  6444    8  -0.5546875000E+00  0.2489165545E+00 
 2008  6450    8  -0.2067500000E-02  0.2808950655E+00 
 2008  6456    8  0.9277625000E-01  0.3032525440E+00 
 2008  6462    8  0.1423300000E+00  0.2882932687E+00 
 2008  6468    8  0.7162125000E-01  0.3307103320E+00 
 2008  6474    8  0.2163750000E+00  0.2972437810E+00 
 2008  6480    8  0.2453225000E+00  0.2921695554E+00 
 2008  6486    8  0.4290500000E+00  0.2586811019E+00 
 2008  6492    8  0.9123175000E-01  0.2224233736E+00 
 2008  6498    8  0.4363500000E+00  0.1828132791E+00 
 2008  6504    8  0.5423625000E+00  0.2296327880E+00 
 2008  6510    8  0.8027750000E-01  0.2090785648E+00 
 2008  6516    8  -0.5683750000E+00  0.2113231338E+00 
 2008  6522    8  -0.2243046250E+00  0.1977429602E+00 
 2008  6528    8  -0.8729087500E-01  0.2262053832E+00 
 2008  6534    8  0.2149625000E-02  0.1891236475E+00 
 2008  6540    8  -0.9410875000E-01  0.2004382764E+00 
 2008  6546    8  0.1199345875E+00  0.1825661758E+00 
 2008  6552    8  -0.1692500000E-01  0.1985618528E+00 
 2008  6558    8  -0.5251375000E-01  0.1624950403E+00 
 2008  6564    8  -0.3653900000E+00  0.1460238532E+00 
 2008  6570    8  -0.2898325000E-01  0.1237130313E+00 
 2008  6576    8  0.2522875000E+00  0.6387723455E-01 
 2008  6582    8  0.2666500000E+00  0.5884549685E-01 
 2008  6588    8  0.8898375000E-01  0.6398012542E-01 
 2008  6594    8  0.7478875000E+00  0.7780201536E-01 
 2008  6600    8  0.6978875000E+00  0.4918082547E-01 
 2008  6606    8  0.5811000000E+00  0.5147596527E-01 
 2008  6612    8  0.4292875000E-02  0.4878151507E-01 
 2008  6618    8  0.3574800000E-01  0.7881975278E-01 
 2008  6624    8  -0.3010375000E-02  0.1102590391E+00 
 2008  6630    8  -0.3739750000E-01  0.1374523767E+00 
 2008  6636    8  -0.3825375000E+00  0.1427399466E+00 
 2008  6642    8  0.2369250000E+00  0.1091046946E+00 
 2008  6648    8  0.6108750000E+00  0.1075064620E+00 
 2008  6654    8  0.1084987500E+01  0.1564196314E+00 
 2008  6660    8  0.1127250000E+01  0.2053241279E+00 
 2008  6666    8  0.1528125000E+01  0.2563486091E+00 
 2008  6672    8  0.1382500000E+01  0.2579428231E+00 
 2008  6678    8  0.9394750000E+00  0.2629154462E+00 
 2008  6684    8  0.4005625000E+00  0.2300400342E+00 
 2008  6690    8  0.1443950000E+00  0.1469593903E+00 
 2008  6696    8  -0.2756575000E+00  0.1663079693E+00 
 2008  6702    8  -0.3352000000E+00  0.1695634468E+00 
 2008  6708    8  0.4272875000E-01  0.2022962704E+00 
 2008  6714    8  0.4784500000E+00  0.1541685603E+00 
 2008  6720    8  0.5078625000E+00  0.1143905474E+00 
 2008  6726    8  0.4380750000E+00  0.9919131451E-01 
 2008  6732    8  0.1811550000E+00  0.1176720960E+00 
 2008  6738    8  0.3315375000E+00  0.1026154586E+00 
 2008  6744    8  0.3892375000E+00  0.6170228799E-01 
 2008  6750    8  0.5483500000E+00  0.6573456092E-01 
 2008  6756    8  0.5337500000E+00  0.6123344674E-01 
 2008  6762    8  0.9462250000E+00  0.8115215262E-01 
 2008  6768    8  0.9543000000E+00  0.8902235674E-01 
 2008  6774    8  0.8499375000E+00  0.1388521060E+00 
 2008  6780    8  0.6344750000E+00  0.1704600888E+00 
 2008  6786    8  0.7041500000E+00  0.1641665922E+00 
 2008  6792    8  0.4839000000E+00  0.1866095389E+00 
 2008  6798    8  -0.1004825000E+00  0.2317993928E+00 
 2008  6804    8  -0.1035662500E+01  0.2981212754E+00 
 2008  6810    8  -0.1538150000E+01  0.3757139304E+00 
 2008  6816    8  -0.2386750000E+01  0.4562520548E+00 
 2008  6822    8  -0.3196500000E+01  0.5199136948E+00 
 2008  6828    8  -0.3505625000E+01  0.5721417957E+00 
 2008  6834    8  -0.3041000000E+01  0.5666833331E+00 
 2008  6840    8  -0.2946750000E+01  0.5579858309E+00 
 2008  6846    8  -0.2613750000E+01  0.5139386515E+00 
 2008  6852    8  -0.2352625000E+01  0.4522662207E+00 
 2008  6858    8  -0.1714500000E+01  0.3817875718E+00 
 2008  6864    8  -0.1048587500E+01  0.3283304945E+00 
 2008  6870    8  -0.8134500000E+00  0.2865396831E+00 
 2008  6876    8  -0.7084750000E+00  0.2300155796E+00 
 2008  6882    8  -0.2240675000E+00  0.1699227928E+00 
 2008  6888    8  -0.1078375000E+00  0.1528271957E+00 
 2008  6894    8  -0.3891000000E+00  0.1498837550E+00 
 2008  6900    8  -0.6895500000E+00  0.1810246806E+00 
 2008  6906    8  -0.7660375000E+00  0.1653008540E+00 
 2008  6912    8  -0.8045000000E+00  0.1820702474E+00 
 2008  6918    8  -0.8729875000E+00  0.1581873370E+00 
 2008  6924    8  -0.9709875000E+00  0.1814324009E+00 
 2008  6930    8  -0.7448000000E+00  0.1638373431E+00 
 2008  6936    8  -0.6824875000E+00  0.1644787634E+00 
 2008  6942    8  -0.7650125000E+00  0.1610117654E+00 
 2008  6948    8  -0.1069262500E+01  0.1640883522E+00 
 2008  6954    8  -0.6655500000E+00  0.1492323524E+00 
 2008  6960    8  -0.4953000000E+00  0.1390056833E+00 
 2008  6966    8  -0.3140575000E+00  0.1062020863E+00 
 2008  6972    8  -0.2887287500E+00  0.1237282801E+00 
 2008  6978    8  0.2684875000E+00  0.1512975251E+00 
 2008  6984    8  0.4968250000E+00  0.1537467703E+00 
 2008  6990    8  0.6674750000E+00  0.1317353858E+00 
 2008  6996    8  0.3373875000E+00  0.1481278708E+00 
 2008  7002    8  0.6071125000E+00  0.1009812908E+00 
 2008  7008    8  0.6391500000E+00  0.1219397392E+00 
 2008  7014    8  0.4554375000E+00  0.7591878782E-01 
 2008  7020    8  0.5495250000E-01  0.8986428500E-01 
 2008  7026    8  -0.1150625000E-01  0.1156889068E+00 
 2008  7032    8  -0.3422450000E+00  0.1681488185E+00 
 2008  7038    8  -0.9661500000E+00  0.2135506497E+00 
 2008  7044    8  -0.1483125000E+01  0.2509807948E+00 
 2008  7050    8  -0.1374862500E+01  0.2491142957E+00 
 2008  7056    8  -0.1181750000E+01  0.2206984141E+00 
 2008  7062    8  -0.1243725000E+01  0.2022610427E+00 
 2008  7068    8  -0.1171762500E+01  0.1655484365E+00 
 2008  7074    8  -0.7623375000E+00  0.1308684639E+00 
 2008  7080    8  -0.3656375000E+00  0.1071365243E+00 
 2008  7086    8  -0.2617250000E+00  0.9403608018E-01 
 2008  7092    8  -0.2791000000E+00  0.1123364144E+00 
 2008  7098    8  0.7629375000E-01  0.1241094876E+00 
 2008  7104    8  0.6220750000E+00  0.1672967629E+00 
 2008  7110    8  0.4841625000E+00  0.1604537857E+00 
 2008  7116    8  -0.1009552500E+00  0.1098491311E+00 
 2008  7122    8  -0.3425125000E+00  0.1160029142E+00 
 2008  7128    8  -0.2632400000E+00  0.1240782664E+00 
 2008  7134    8  -0.7887250000E+00  0.1290603904E+00 
 2008  7140    8  -0.1344250000E+01  0.1552512077E+00 
 2008  7146    8  -0.1279500000E+01  0.1539545387E+00 
 2008  7152    8  -0.1104362500E+01  0.1492507030E+00 
 2008  7158    8  -0.1187437500E+01  0.2055573882E+00 
 2008  7164    8  -0.1501250000E+01  0.2182136281E+00 
 2008  7170    8  -0.1159112500E+01  0.2223165223E+00 
 2008  7176    8  -0.9359750000E+00  0.2558654077E+00 
 2008  7182    8  -0.1055900000E+01  0.2817033857E+00 
 2008  7188    8  -0.1321337500E+01  0.2253057197E+00 
 2008  7194    8  -0.1405500000E+01  0.1999949999E+00 
 2008  7200    8  -0.1608125000E+01  0.2516522588E+00 
 2008  7206    8  -0.1930000000E+01  0.2554207313E+00 
 2008  7212    8  -0.2337875000E+01  0.2620417130E+00 
 2008  7218    8  -0.2321000000E+01  0.2836732275E+00 
 2008  7224    8  -0.1999375000E+01  0.2368870709E+00 
 2008  7230    8  -0.1324000000E+01  0.1913726731E+00 
 2008  7236    8  -0.9503375000E+00  0.1600305981E+00 
 2008  7242    8  -0.7555500000E-02  0.1316512703E+00 
 2008  7248    8  0.8162375000E+00  0.1466356022E+00 
 2008  7254    8  0.1418750000E+01  0.1980320365E+00 
 2008  7260    8  0.1458750000E+01  0.2235820599E+00 
 2008  7266    8  0.1766500000E+01  0.2488262446E+00 
 2008  7272    8  0.1575375000E+01  0.2152736268E+00 
 2008  7278    8  0.1379125000E+01  0.1849252805E+00 
 2008  7284    8  0.4448625000E+00  0.1491923920E+00 
 2008  7290    8  0.3970250000E+00  0.1095239557E+00 
 2008  7296    8  0.5042375000E+00  0.1421386290E+00 
 2008  7302    8  0.5830625000E+00  0.1197020461E+00 
 2008  7308    8  0.1611876125E+00  0.9308336530E-01 
 2008  7314    8  0.4969250000E+00  0.1633131329E+00 
 2008  7320    8  0.9820000000E+00  0.1281694874E+00 
 2008  7326    8  0.9791250000E+00  0.1271797031E+00 
 2008  7332    8  0.1054687500E+01  0.1137362457E+00 
 2008  7338    8  0.1722875000E+01  0.1049755180E+00 
 2008  7344    8  0.1408250000E+01  0.1343119038E+00 
 2008  7350    8  0.6839000000E+00  0.1624521160E+00 
 2008  7356    8  -0.2485337500E+00  0.1986739806E+00 
 2008  7362    8  -0.4980750000E+00  0.2097375965E+00 
 2008  7368    8  -0.1488125000E+00  0.2290998624E+00 
 2008  7374    8  -0.3714375000E-01  0.2210546729E+00 
 2008  7380    8  -0.4103625000E+00  0.1677513781E+00 
 2008  7386    8  -0.4276250000E-02  0.1776647659E+00 
 2008  7392    8  0.5780250000E+00  0.2273773722E+00 
 2008  7398    8  0.5355250000E+00  0.1801507476E+00 
 2008  7404    8  0.2380325000E+00  0.1417456922E+00 
 2008  7410    8  0.7214500000E+00  0.1711954074E+00 
 2008  7416    8  0.1159462500E+01  0.1683697489E+00 
 2008  7422    8  0.1047925000E+01  0.1562670531E+00 
 2008  7428    8  0.8137375000E+00  0.1771637092E+00 
 2008  7434    8  0.5998875000E+00  0.1826550330E+00 
 2008  7440    8  0.8027875000E-01  0.1765511606E+00 
 2008  7446    8  -0.2955875000E+00  0.1542831118E+00 
 2008  7452    8  -0.5736375000E+00  0.1795361241E+00 
 2008  7458    8  -0.3228362500E+00  0.1714464507E+00 
 2008  7464    8  0.1294206250E+00  0.2019646132E+00 
 2008  7470    8  0.3957375000E+00  0.2003713486E+00 
 2008  7476    8  0.4164750000E+00  0.1791469770E+00 
 2008  7482    8  0.9897750000E+00  0.2170729471E+00 
 2008  7488    8  0.1135862500E+01  0.2223126680E+00 
 2008  7494    8  0.8415375000E+00  0.1793575823E+00 
 2008  7500    8  0.4802375000E+00  0.1830246905E+00 
 2008  7506    8  0.4956250000E+00  0.1836840069E+00 
 2008  7512    8  0.1698075000E+00  0.1969025365E+00 
 2008  7518    8  -0.4157762500E-01  0.1942385469E+00 
 2008  7524    8  -0.4919625000E+00  0.1799666979E+00 
 2008  7530    8  -0.7113250000E+00  0.1822190011E+00 
 2008  7536    8  -0.8053875000E+00  0.1941028493E+00 
 2008  7542    8  -0.9107875000E+00  0.1999663124E+00 
 2008  7548    8  -0.1433875000E+01  0.2220723066E+00 
 2008  7554    8  -0.1384625000E+01  0.2816300665E+00 
 2008  7560    8  -0.1182950000E+01  0.2332653639E+00 
 2008  7566    8  -0.1409625000E+01  0.1966277813E+00 
 2008  7572    8  -0.1524500000E+01  0.2047260364E+00 
 2008  7578    8  -0.1179275000E+01  0.1603257368E+00 
 2008  7584    8  -0.7494375000E+00  0.1257324335E+00 
 2008  7590    8  -0.6702000000E+00  0.1308179078E+00 
 2008  7596    8  -0.6027000000E+00  0.1361312969E+00 
 2008  7602    8  -0.4849375000E+00  0.1469789861E+00 
 2008  7608    8  -0.4136250000E+00  0.1457819069E+00 
 2008  7614    8  -0.3496875000E+00  0.1491780014E+00 
 2008  7620    8  -0.6022750000E+00  0.1544721961E+00 
 2008  7626    8  -0.4709250000E+00  0.1396233572E+00 
 2008  7632    8  -0.3045125000E+00  0.1242545114E+00 
 2008  7638    8  -0.2806825000E+00  0.1379400727E+00 
 2008  7644    8  -0.5943375000E+00  0.1109847392E+00 
 2008  7650    8  -0.5624250000E+00  0.1133937581E+00 
 2008  7656    8  -0.4212125000E+00  0.1363136038E+00 
 2008  7662    8  -0.3614375000E+00  0.1369952001E+00 
 2008  7668    8  -0.3448500000E+00  0.1378434801E+00 
 2008  7674    8  -0.2038725000E+00  0.1217381531E+00 
 2008  7680    8  -0.4563500000E+00  0.1417629800E+00 
 2008  7686    8  -0.1042387500E+01  0.2002044233E+00 
 2008  7692    8  -0.1423000000E+01  0.2342471985E+00 
 2008  7698    8  -0.1328125000E+01  0.2322597885E+00 
 2008  7704    8  -0.1147612500E+01  0.1937397509E+00 
 2008  7710    8  -0.1341625000E+01  0.1986239773E+00 
 2008  7716    8  -0.1529375000E+01  0.2242397921E+00 
 2008  7722    8  -0.1240875000E+01  0.2317770683E+00 
 2008  7728    8  -0.8385625000E+00  0.2470183340E+00 
 2008  7734    8  -0.6492375000E+00  0.2427235358E+00 
 2008  7740    8  -0.2436287500E+00  0.2264957854E+00 
 2008  7746    8  0.1051487500E+00  0.1845991246E+00 
 2008  7752    8  0.4483125000E+00  0.1887620025E+00 
 2008  7758    8  0.5584500000E+00  0.2285395753E+00 
 2008  7764    8  0.5057375000E+00  0.2357330850E+00 
 2008  7770    8  0.7613250000E+00  0.2067132298E+00 
 2008  7776    8  0.9326250000E+00  0.2123053859E+00 
 2008  7782    8  0.5490500000E+00  0.2209326934E+00 
 2008  7788    8  -0.1224375000E+00  0.2085052921E+00 
 2008  7794    8  -0.1670387500E+00  0.2314604032E+00 
 2008  7800    8  -0.8597850000E-01  0.2451806183E+00 
 2008  7806    8  -0.1631887500E+00  0.2499202836E+00 
 2008  7812    8  -0.3597500000E+00  0.2769972834E+00 
 2008  7818    8  -0.5788037500E+00  0.2816917213E+00 
 2008  7824    8  -0.6306325000E+00  0.3220244197E+00 
 2008  7830    8  -0.5202830000E+00  0.4343825861E+00 
 2008  7836    8  -0.6040000000E-01  0.4961811287E+00 
 2008  7842    8  0.6780250000E+00  0.7283755432E+00 
 2008  7848    8  0.1987400000E+01  0.7294357682E+00 
 2008  7854    8  0.3086500000E+01  0.7853161784E+00 
 2008  7860    8  0.3696625000E+01  0.8343428458E+00 
 2008  7866    8  0.3807625000E+01  0.7850722797E+00 
 2008  7872    8  0.3690750000E+01  0.7488822922E+00 
 2008  7878    8  0.3316000000E+01  0.6329510250E+00 
 2008  7884    8  0.1926250000E+01  0.5448650636E+00 
 2008  7890    8  0.1090387500E+01  0.3540033525E+00 
 2008  7896    8  0.9459750000E+00  0.2580186270E+00 
 2008  7902    8  0.9842375000E+00  0.2237309988E+00 
 2008  7908    8  0.8325375000E+00  0.2095699581E+00 
 2008  7914    8  0.1396250000E+01  0.2387371724E+00 
 2008  7920    8  0.1844125000E+01  0.2830951419E+00 
 2008  7926    8  0.1828500000E+01  0.2730251820E+00 
 2008  7932    8  0.1308137500E+01  0.3323306822E+00 
 2008  7938    8  0.1099662500E+01  0.2933926036E+00 
 2008  7944    8  0.1127187500E+01  0.2942409363E+00 
 2008  7950    8  0.1348612500E+01  0.2389003476E+00 
 2008  7956    8  0.1007162500E+01  0.1943857887E+00 
 2008  7962    8  0.7812375000E+00  0.1175239224E+00 
 2008  7968    8  -0.5696037500E-01  0.1250463612E+00 
 2008  7974    8  -0.6234875000E+00  0.1751252297E+00 
 2008  7980    8  -0.7477000000E+00  0.2485911101E+00 
 2008  7986    8  -0.2051650000E+00  0.2242624999E+00 
 2008  7992    8  0.4398750000E+00  0.2181009098E+00 
 2008  7998    8  0.1378500000E+01  0.2412897636E+00 
 2008  8004    8  0.2659500000E+01  0.3044146021E+00 
 2008  8010    8  0.3161000000E+01  0.3343815186E+00 
 2008  8016    8  0.3171750000E+01  0.3381455862E+00 
 2008  8022    8  0.2827875000E+01  0.2988178532E+00 
 2008  8028    8  0.2322000000E+01  0.2834660473E+00 
 2008  8034    8  0.2232875000E+01  0.2218318268E+00 
 2008  8040    8  0.1777625000E+01  0.2187772483E+00 
 2008  8046    8  0.1796750000E+01  0.1719714729E+00 
 2008  8052    8  0.1477875000E+01  0.1961093047E+00 
 2008  8058    8  0.1425125000E+01  0.1857575284E+00 
 2008  8064    8  0.1357375000E+01  0.1711504729E+00 
 2008  8070    8  0.1445625000E+01  0.1758898359E+00 
 2008  8076    8  0.8314125000E+00  0.1590664440E+00 
 2008  8082    8  0.1417875000E+00  0.1339633587E+00 
 2008  8088    8  0.5169375000E+00  0.1591825441E+00 
 2008  8094    8  0.3993750000E+00  0.1820541043E+00 
 2008  8100    8  -0.3835750000E+00  0.1441003014E+00 
 2008  8106    8  -0.4236137500E+00  0.1834111810E+00 
 2008  8112    8  -0.3441100000E-01  0.2587960237E+00 
 2008  8118    8  -0.3187180000E+00  0.2809592699E+00 
 2008  8124    8  -0.4218562500E+00  0.3033723463E+00 
 2008  8130    8  0.1047175000E+01  0.3451297609E+00 
 2008  8136    8  0.2366000000E+01  0.3717959790E+00 
 2008  8142    8  0.1812500000E+01  0.2999354097E+00 
 2008  8148    8  0.1037875000E+01  0.2276489938E+00 
 2008  8154    8  0.8167625000E+00  0.1801901214E+00 
 2008  8160    8  0.1166487500E+01  0.1626180759E+00 
 2008  8166    8  0.1076350000E+01  0.1413915485E+00 
 2008  8172    8  0.6466125000E+00  0.1425095298E+00 
 2008  8178    8  -0.1309825000E+00  0.1202787995E+00 
 2008  8184    8  0.1531102500E+00  0.1239762930E+00 
 2008  8190    8  0.3209593750E+00  0.2470085300E+00 
 2008  8196    8  0.4313125000E+00  0.2406299724E+00 
 2008  8202    8  0.6700000000E+00  0.2884289947E+00 
 2008  8208    8  0.9931500000E+00  0.3468011101E+00 
 2008  8214    8  0.6873125000E+00  0.3566500191E+00 
 2008  8220    8  0.6815125000E+00  0.2941488120E+00 
 2008  8226    8  0.1118700000E+01  0.3548765947E+00 
 2008  8232    8  0.1482625000E+01  0.3012992439E+00 
 2008  8238    8  0.1126450000E+01  0.2855305588E+00 
 2008  8244    8  0.1052062500E+01  0.2624787750E+00 
 2008  8250    8  0.8579875000E+00  0.2285113916E+00 
 2008  8256    8  0.9029750000E+00  0.1761358549E+00 
 2008  8262    8  0.4799500000E+00  0.1445895484E+00 
 2008  8268    8  0.1077250000E-01  0.1557081590E+00 
 2008  8274    8  -0.1488750000E+00  0.2001112113E+00 
 2008  8280    8  -0.6028750000E-02  0.2103687424E+00 
 2008  8286    8  0.2049462500E+00  0.2326740438E+00 
 2008  8292    8  -0.2899250000E-01  0.2805411127E+00 
 2008  8298    8  -0.5621250000E+00  0.2504287311E+00 
 2008  8304    8  -0.1097062500E+01  0.1849216789E+00 
 2008  8310    8  -0.1304650000E+01  0.1979902965E+00 
 2008  8316    8  -0.8885750000E+00  0.2843356544E+00 
 2008  8322    8  0.3155737500E+00  0.2925941462E+00 
 2008  8328    8  0.6693375000E+00  0.3176103113E+00 
 2008  8334    8  0.4891250000E+00  0.2955836377E+00 
 2008  8340    8  0.3841975000E+00  0.3239492268E+00 
 2008  8346    8  0.2446750000E+00  0.2502697439E+00 
 2008  8352    8  -0.7231375000E-01  0.1179066045E+00 
 2008  8358    8  -0.1314062500E+00  0.6826408425E-01 
 2008  8364    8  -0.9763125000E-01  0.1115000022E+00 
 2008  8370    8  0.1037529238E+00  0.1377362109E+00 
 2008  8376    8  0.8223375000E+00  0.1687300132E+00 
 2008  8382    8  0.1330125000E+01  0.1970548385E+00 
 2008  8388    8  0.1285375000E+01  0.2083236289E+00 
 2008  8394    8  0.1077000000E+01  0.2091650066E+00 
 2008  8400    8  0.1225250000E+01  0.2301349387E+00 
 2008  8406    8  0.8455250000E+00  0.2148646420E+00 
 2008  8412    8  0.2313100000E+00  0.2223993901E+00 
 2008  8418    8  -0.1639812500E+00  0.2325622189E+00 
 2008  8424    8  0.1552375000E-01  0.2514621360E+00 
 2008  8430    8  -0.4033500000E-01  0.2008685609E+00 
 2008  8436    8  -0.6982375000E+00  0.1899021191E+00 
 2008  8442    8  -0.8193000000E+00  0.1672592225E+00 
 2008  8448    8  -0.4261925000E+00  0.1936293622E+00 
 2008  8454    8  -0.4544575000E+00  0.1879343227E+00 
 2008  8460    8  -0.3980375000E+00  0.2241898857E+00 
 2008  8466    8  -0.3632500000E-02  0.1952250660E+00 
 2008  8472    8  0.6189250000E+00  0.1829131197E+00 
 2008  8478    8  0.3514375000E+00  0.1724470059E+00 
 2008  8484    8  -0.2270512500E+00  0.2043414554E+00 
 2008  8490    8  -0.7020500000E+00  0.1758621051E+00 
 2008  8496    8  -0.7862875000E+00  0.1613982143E+00 
 2008  8502    8  -0.1397800000E+01  0.2636875613E+00 
 2008  8508    8  -0.1705500000E+01  0.1887273165E+00 
 2008  8514    8  -0.1747875000E+01  0.1300109971E+00 
 2008  8520    8  -0.1160500000E+01  0.8911930206E-01 
 2008  8526    8  -0.1256937500E+01  0.2137268171E+00 
 2008  8532    8  -0.1479125000E+01  0.2995940743E+00 
 2008  8538    8  -0.1657500000E+01  0.2504910178E+00 
 2008  8544    8  -0.1418625000E+01  0.1886981303E+00 
 2008  8550    8  -0.1196087500E+01  0.1502632809E+00 
 2008  8556    8  -0.7558750000E+00  0.1894943914E+00 
 2008  8562    8  -0.5888462500E-01  0.2435113071E+00 
 2008  8568    8  0.2866812500E+00  0.2724755172E+00 
 2008  8574    8  -0.4086582500E+00  0.2733534584E+00 
 2008  8580    8  -0.7871750000E+00  0.2445975355E+00 
 2008  8586    8  -0.1260462500E+01  0.2610424723E+00 
 2008  8592    8  -0.1121875000E+01  0.2753508659E+00 
 2008  8598    8  -0.1228600000E+01  0.3320436605E+00 
 2008  8604    8  -0.9796250000E+00  0.2857958832E+00 
 2008  8610    8  -0.7698000000E+00  0.2638765099E+00 
 2008  8616    8  -0.2373612500E+00  0.2309724684E+00 
 2008  8622    8  -0.1105250000E+01  0.2630683276E+00 
 2008  8628    8  -0.2084875000E+01  0.3022992878E+00 
 2008  8634    8  -0.2451125000E+01  0.3179773724E+00 
 2008  8640    8  -0.2066375000E+01  0.3128861364E+00 
 2008  8646    8  -0.2152125000E+01  0.3046860833E+00 
 2008  8652    8  -0.1620125000E+01  0.2743963545E+00 
 2008  8658    8  -0.8442375000E+00  0.3139643488E+00 
 2008  8664    8  0.1898125000E+00  0.3461532697E+00 
 2008  8670    8  -0.2534787500E+00  0.3205773107E+00 
 2008  8676    8  -0.8958500000E+00  0.3028219692E+00 
 2008  8682    8  -0.1355900000E+01  0.3545251578E+00 
 2008  8688    8  -0.1525875000E+01  0.3525746153E+00 
 2008  8694    8  -0.2167500000E+01  0.3411989889E+00 
 2008  8700    8  -0.1688750000E+01  0.3571423911E+00 
 2008  8706    8  -0.8425625000E+00  0.3607623731E+00 
 2008  8712    8  -0.1028500000E-01  0.3478305436E+00 
 2008  8718    8  -0.2938462500E+00  0.3343320512E+00 
 2008  8724    8  -0.3792301250E+00  0.3390100193E+00 
 2008  8730    8  -0.7050875000E+00  0.3390703336E+00 
 2008  8736    8  -0.8179750000E+00  0.3266183505E+00 
 2008  8742    8  -0.1183800000E+01  0.3318762458E+00 
 2008  8748    8  -0.1069800000E+01  0.3596755691E+00 
 2008  8754    8  -0.1073025000E+01  0.3683908955E+00 
 2008  8760    8  -0.9012750000E+00  0.4107616242E+00 
 2008  8766    8  -0.1882250000E+01  0.4366376501E+00 
 2008  8772    8  -0.2260500000E+01  0.5073839769E+00 
 2008  8778    8  -0.2562750000E+01  0.5272897093E+00 
 2008  8784    8  -0.2227875000E+01  0.4921972261E+00 
