 2008  0006    4  -0.1049125000E+01  0.6283686871E+00 
 2008  0012    4  -0.6393400000E+00  0.5754940658E+00 
 2008  0018    4  -0.7635975000E+00  0.6639156117E+00 
 2008  0024    4  -0.3982750000E+00  0.8243529201E+00 
 2008  0030    4  -0.4032500000E+00  0.9038143877E+00 
 2008  0036    4  -0.8281775000E+00  0.7886135527E+00 
 2008  0042    4  -0.1170600000E+01  0.7910147786E+00 
 2008  0048    4  -0.1237475000E+01  0.7958580947E+00 
 2008  0054    4  -0.1076825000E+01  0.8244518675E+00 
 2008  0060    4  -0.8309250000E+00  0.6650118246E+00 
 2008  0066    4  -0.3491750000E+00  0.5739117631E+00 
 2008  0072    4  -0.1697500000E-01  0.5375812607E+00 
 2008  0078    4  0.1688500000E+00  0.6989732810E+00 
 2008  0084    4  -0.6567500000E-01  0.5502245331E+00 
 2008  0090    4  -0.2529250000E+00  0.5416449223E+00 
 2008  0096    4  -0.4050125000E+00  0.5760394305E+00 
 2008  0102    4  -0.5617000000E+00  0.6295133001E+00 
 2008  0108    4  -0.8471750000E+00  0.5727622691E+00 
 2008  0114    4  -0.6645250000E+00  0.4637372983E+00 
 2008  0120    4  -0.5802187500E+00  0.5297211623E+00 
 2008  0126    4  -0.1630500000E+00  0.5888314806E+00 
 2008  0132    4  0.4505000000E-02  0.4968717079E+00 
 2008  0138    4  -0.4805250000E-01  0.4136634390E+00 
 2008  0144    4  -0.4959000000E-01  0.4444083677E+00 
 2008  0150    4  0.2187425000E+00  0.5017677460E+00 
 2008  0156    4  0.1784250000E+00  0.3566683780E+00 
 2008  0162    4  0.1584500000E+00  0.2989775284E+00 
 2008  0168    4  0.9987500000E-01  0.3385869045E+00 
 2008  0174    4  0.1466150000E+00  0.4231815233E+00 
 2008  0180    4  -0.2492843500E-01  0.2659352848E+00 
 2008  0186    4  -0.3402725000E+00  0.2646545253E+00 
 2008  0192    4  -0.3002425000E+00  0.3114991387E+00 
 2008  0198    4  -0.2595000000E-01  0.3344054313E+00 
 2008  0204    4  0.5805750000E-01  0.1978790512E+00 
 2008  0210    4  -0.2378275000E+00  0.1382385520E+00 
 2008  0216    4  -0.4400750000E-01  0.2510811028E+00 
 2008  0222    4  0.1609750000E+00  0.2517994179E+00 
 2008  0228    4  0.1234775000E+00  0.1373387109E+00 
 2008  0234    4  0.9202000000E-01  0.9795358008E-01 
 2008  0240    4  -0.2066500000E-01  0.1442344401E+00 
 2008  0246    4  0.1747575000E+00  0.1396102894E+00 
 2008  0252    4  -0.2486500000E+00  0.1165806481E+00 
 2008  0258    4  -0.4203750000E+00  0.8063241826E-01 
 2008  0264    4  -0.1559325000E+00  0.8107112229E-01 
 2008  0270    4  0.2133000000E-01  0.5033289332E-01 
 2008  0276    4  -0.2998250000E+00  0.8754388542E-01 
 2008  0282    4  -0.4157000000E+00  0.1247803470E+00 
 2008  0288    4  -0.4305750000E+00  0.6903688778E-01 
 2008  0294    4  -0.3463250000E+00  0.8977826505E-01 
 2008  0300    4  -0.6533250000E+00  0.8699759695E-01 
 2008  0306    4  -0.9816000000E+00  0.1410254587E+00 
 2008  0312    4  -0.8121000000E+00  0.1525540396E+00 
 2008  0318    4  -0.4409625000E+00  0.2627140303E+00 
 2008  0324    4  -0.4691750000E+00  0.1650618123E+00 
 2008  0330    4  -0.6891500000E+00  0.1775879852E+00 
 2008  0336    4  -0.9357500000E+00  0.2926544421E+00 
 2008  0342    4  -0.7284750000E+00  0.4298580369E+00 
 2008  0348    4  -0.9782500000E+00  0.3405670308E+00 
 2008  0354    4  -0.1083950000E+01  0.3331211829E+00 
 2008  0360    4  -0.9608000000E+00  0.5162382638E+00 
 2008  0366    4  -0.7442000000E+00  0.5140984098E+00 
 2008  0372    4  -0.8007250000E+00  0.4437719424E+00 
 2008  0378    4  -0.1089825000E+01  0.3950753496E+00 
 2008  0384    4  -0.7444250000E+00  0.6106655810E+00 
 2008  0390    4  -0.3700250000E+00  0.6025388592E+00 
 2008  0396    4  -0.3024125000E+00  0.4913104980E+00 
 2008  0402    4  -0.5431750000E+00  0.2869802813E+00 
 2008  0408    4  -0.5350425000E+00  0.4608660320E+00 
 2008  0414    4  -0.4763175000E+00  0.5809726568E+00 
 2008  0420    4  -0.1035050000E+01  0.4951955043E+00 
 2008  0426    4  -0.1329125000E+01  0.4374609090E+00 
 2008  0432    4  -0.1113725000E+01  0.5319389315E+00 
 2008  0438    4  -0.1151375000E+01  0.5712605289E+00 
 2008  0444    4  -0.1681000000E+01  0.4944304805E+00 
 2008  0450    4  -0.1577250000E+01  0.4549078890E+00 
 2008  0456    4  -0.1302950000E+01  0.4717756962E+00 
 2008  0462    4  -0.1018750000E+01  0.4695855007E+00 
 2008  0468    4  -0.9771000000E+00  0.4148254874E+00 
 2008  0474    4  -0.1144575000E+01  0.3687523313E+00 
 2008  0480    4  -0.1094925000E+01  0.4085695986E+00 
 2008  0486    4  -0.9649250000E+00  0.4507610086E+00 
 2008  0492    4  -0.1190975000E+01  0.3524465944E+00 
 2008  0498    4  -0.1449000000E+01  0.3110409941E+00 
 2008  0504    4  -0.1507250000E+01  0.3730029323E+00 
 2008  0510    4  -0.1302800000E+01  0.4596922014E+00 
 2008  0516    4  -0.1630000000E+01  0.3384154252E+00 
 2008  0522    4  -0.1600500000E+01  0.3391824730E+00 
 2008  0528    4  -0.1531250000E+01  0.4579887417E+00 
 2008  0534    4  -0.1535250000E+01  0.5074339243E+00 
 2008  0540    4  -0.1545250000E+01  0.4806346716E+00 
 2008  0546    4  -0.1593250000E+01  0.3658226175E+00 
 2008  0552    4  -0.1499250000E+01  0.4180731844E+00 
 2008  0558    4  -0.1173825000E+01  0.4393181443E+00 
 2008  0564    4  -0.7221500000E+00  0.3548148848E+00 
 2008  0570    4  -0.2187750000E+00  0.3589133069E+00 
 2008  0576    4  -0.3157500000E-01  0.4104593121E+00 
 2008  0582    4  -0.1122250000E+00  0.4335166858E+00 
 2008  0588    4  -0.6680250000E+00  0.3478189714E+00 
 2008  0594    4  -0.7064000000E+00  0.4082347364E+00 
 2008  0600    4  -0.8825000000E+00  0.4941288142E+00 
 2008  0606    4  -0.8983500000E+00  0.4548704733E+00 
 2008  0612    4  -0.1114925000E+01  0.3080337106E+00 
 2008  0618    4  -0.1248150000E+01  0.3752514790E+00 
 2008  0624    4  -0.1072600000E+01  0.3501423068E+00 
 2008  0630    4  -0.5061075000E+00  0.4590565964E+00 
 2008  0636    4  -0.4975750000E+00  0.2920448114E+00 
 2008  0642    4  -0.6912250000E+00  0.3002812546E+00 
 2008  0648    4  -0.9116000000E+00  0.3498934981E+00 
 2008  0654    4  -0.9738750000E+00  0.4243916550E+00 
 2008  0660    4  -0.1442500000E+01  0.3606719424E+00 
 2008  0666    4  -0.1440000000E+01  0.3049098227E+00 
 2008  0672    4  -0.1375250000E+01  0.3365623085E+00 
 2008  0678    4  -0.9047000000E+00  0.4087583577E+00 
 2008  0684    4  -0.9218000000E+00  0.2684156013E+00 
 2008  0690    4  -0.8583500000E+00  0.1458135539E+00 
 2008  0696    4  -0.5268000000E+00  0.2680330204E+00 
 2008  0702    4  -0.2153700000E+00  0.2379548632E+00 
 2008  0708    4  -0.5629750000E+00  0.1891468527E+00 
 2008  0714    4  -0.1068075000E+01  0.1661389084E+00 
 2008  0720    4  -0.1357750000E+01  0.2573493491E+00 
 2008  0726    4  -0.1076425000E+01  0.2930147298E+00 
 2008  0732    4  -0.1239650000E+01  0.2281459347E+00 
 2008  0738    4  -0.1068525000E+01  0.1904310554E+00 
 2008  0744    4  -0.8632250000E+00  0.2484312921E+00 
 2008  0750    4  -0.6509250000E+00  0.3139164967E+00 
 2008  0756    4  -0.1001400000E+01  0.2221553848E+00 
 2008  0762    4  -0.1403500000E+01  0.2107658654E+00 
 2008  0768    4  -0.1169800000E+01  0.2705130681E+00 
 2008  0774    4  -0.9267500000E+00  0.3016488729E+00 
 2008  0780    4  -0.1103825000E+01  0.2742093577E+00 
 2008  0786    4  -0.1593000000E+01  0.3330713137E+00 
 2008  0792    4  -0.1413500000E+01  0.3515184917E+00 
 2008  0798    4  -0.1194350000E+01  0.3664080615E+00 
 2008  0804    4  -0.1139075000E+01  0.3420423320E+00 
 2008  0810    4  -0.1205750000E+01  0.2875981354E+00 
 2008  0816    4  -0.1205075000E+01  0.3799114461E+00 
 2008  0822    4  -0.1082825000E+01  0.4340138038E+00 
 2008  0828    4  -0.1464250000E+01  0.3582313324E+00 
 2008  0834    4  -0.1533000000E+01  0.3216449906E+00 
 2008  0840    4  -0.1400000000E+01  0.3233798077E+00 
 2008  0846    4  -0.9656000000E+00  0.4229075254E+00 
 2008  0852    4  -0.8501750000E+00  0.3174930501E+00 
 2008  0858    4  -0.7713750000E+00  0.2657905884E+00 
 2008  0864    4  -0.4591000000E+00  0.2835567227E+00 
 2008  0870    4  -0.3020825000E+00  0.3524391386E+00 
 2008  0876    4  -0.5964500000E+00  0.2986454629E+00 
 2008  0882    4  -0.1075000000E+01  0.2484870922E+00 
 2008  0888    4  -0.1116400000E+01  0.3100972509E+00 
 2008  0894    4  -0.1002900000E+01  0.4042901866E+00 
 2008  0900    4  -0.1207200000E+01  0.3155775974E+00 
 2008  0906    4  -0.1805000000E+01  0.3062931602E+00 
 2008  0912    4  -0.1702000000E+01  0.3296081006E+00 
 2008  0918    4  -0.9356500000E+00  0.3857011440E+00 
 2008  0924    4  -0.6967750000E+00  0.2980895618E+00 
 2008  0930    4  -0.8364500000E+00  0.2846527490E+00 
 2008  0936    4  -0.6693750000E+00  0.3887284809E+00 
 2008  0942    4  -0.1935925000E+00  0.4184065621E+00 
 2008  0948    4  -0.7623750000E+00  0.3543855413E+00 
 2008  0954    4  -0.1315875000E+01  0.3504016222E+00 
 2008  0960    4  -0.1241350000E+01  0.4069150618E+00 
 2008  0966    4  -0.8197500000E+00  0.4950936149E+00 
 2008  0972    4  -0.8308000000E+00  0.3632270984E+00 
 2008  0978    4  -0.7594250000E+00  0.3287908938E+00 
 2008  0984    4  -0.4119875000E+00  0.3805569609E+00 
 2008  0990    4  0.5655000000E-02  0.4239712397E+00 
 2008  0996    4  -0.1114775000E+00  0.3118337995E+00 
 2008  1002    4  -0.4480750000E+00  0.2768856838E+00 
 2008  1008    4  -0.3246865000E+00  0.2873905958E+00 
 2008  1014    4  -0.1056450000E+00  0.3795262864E+00 
 2008  1020    4  -0.4877500000E+00  0.3085712924E+00 
 2008  1026    4  -0.9244000000E+00  0.3576391198E+00 
 2008  1032    4  -0.6147375000E+00  0.4849162935E+00 
 2008  1038    4  -0.7436325000E+00  0.5277652600E+00 
 2008  1044    4  -0.8501250000E+00  0.4545924349E+00 
 2008  1050    4  -0.9441750000E+00  0.3966288969E+00 
 2008  1056    4  -0.5396825000E+00  0.4929054062E+00 
 2008  1062    4  -0.5151750000E+00  0.5827198947E+00 
 2008  1068    4  -0.6925250000E+00  0.5175289624E+00 
 2008  1074    4  -0.1038725000E+01  0.4576020508E+00 
 2008  1080    4  -0.4267250000E+00  0.5692111444E+00 
 2008  1086    4  -0.3650000000E-02  0.6497825271E+00 
 2008  1092    4  -0.5206250000E+00  0.4823406959E+00 
 2008  1098    4  -0.7173500000E+00  0.5188790442E+00 
 2008  1104    4  -0.3383875000E+00  0.5288936027E+00 
 2008  1110    4  -0.2661000000E+00  0.6667437364E+00 
 2008  1116    4  -0.6775500000E+00  0.5131958910E+00 
 2008  1122    4  -0.7054250000E+00  0.4307336438E+00 
 2008  1128    4  -0.6725500000E+00  0.4454098197E+00 
 2008  1134    4  -0.3505750000E+00  0.5216299377E+00 
 2008  1140    4  -0.4210425000E+00  0.3948244786E+00 
 2008  1146    4  -0.5529500000E+00  0.3385877545E+00 
 2008  1152    4  -0.4663250000E+00  0.5258227048E+00 
 2008  1158    4  0.1742475000E+00  0.5126648698E+00 
 2008  1164    4  -0.3663500000E-01  0.4081448820E+00 
 2008  1170    4  -0.1466900000E+00  0.4032797680E+00 
 2008  1176    4  0.1022750000E+00  0.6245226152E+00 
 2008  1182    4  0.1293400000E+00  0.6974964952E+00 
 2008  1188    4  -0.2105750000E+00  0.5734390830E+00 
 2008  1194    4  -0.6771000000E+00  0.5377656692E+00 
 2008  1200    4  -0.3546500000E+00  0.6867866426E+00 
 2008  1206    4  -0.2882000000E+00  0.7739486417E+00 
 2008  1212    4  -0.5846625000E+00  0.6489590139E+00 
 2008  1218    4  -0.1224075000E+01  0.6747852895E+00 
 2008  1224    4  -0.1076575000E+01  0.7578942485E+00 
 2008  1230    4  -0.6135250000E+00  0.8345228618E+00 
 2008  1236    4  -0.7130000000E+00  0.6567776222E+00 
 2008  1242    4  -0.6888250000E+00  0.5085760237E+00 
 2008  1248    4  -0.5967425000E+00  0.5898209707E+00 
 2008  1254    4  -0.4179225000E+00  0.6887070901E+00 
 2008  1260    4  -0.7000175000E+00  0.5310048959E+00 
 2008  1266    4  -0.9129750000E+00  0.4363844714E+00 
 2008  1272    4  -0.8728000000E+00  0.4683717807E+00 
 2008  1278    4  -0.6228500000E+00  0.5025654709E+00 
 2008  1284    4  -0.7615750000E+00  0.4174420222E+00 
 2008  1290    4  -0.7437250000E+00  0.3950388612E+00 
 2008  1296    4  -0.7070250000E+00  0.4381064333E+00 
 2008  1302    4  -0.4347300000E+00  0.4636330485E+00 
 2008  1308    4  -0.5088000000E+00  0.2273099536E+00 
 2008  1314    4  -0.3363500000E+00  0.2311600041E+00 
 2008  1320    4  -0.4323875000E+00  0.3617837067E+00 
 2008  1326    4  -0.3208100000E+00  0.3795971303E+00 
 2008  1332    4  -0.5721500000E+00  0.2453850087E+00 
 2008  1338    4  -0.5354750000E+00  0.2681360138E+00 
 2008  1344    4  -0.3786875000E+00  0.3287960925E+00 
 2008  1350    4  -0.1857250000E+00  0.3037467644E+00 
 2008  1356    4  -0.5901000000E-01  0.2101238161E+00 
 2008  1362    4  -0.3035625000E+00  0.1910110906E+00 
 2008  1368    4  -0.1849330000E+00  0.3090888339E+00 
 2008  1374    4  -0.6912500000E-01  0.5010468510E+00 
 2008  1380    4  -0.4101515000E+00  0.3576748842E+00 
 2008  1386    4  -0.8143250000E+00  0.3143820238E+00 
 2008  1392    4  -0.4524250000E+00  0.5408474802E+00 
 2008  1398    4  -0.8184750000E+00  0.4915008005E+00 
 2008  1404    4  -0.1131600000E+01  0.5202894002E+00 
 2008  1410    4  -0.1425500000E+01  0.4212294505E+00 
 2008  1416    4  -0.1190450000E+01  0.5653920962E+00 
 2008  1422    4  -0.4300200000E+00  0.4653229907E+00 
 2008  1428    4  -0.6105750000E+00  0.3482091496E+00 
 2008  1434    4  -0.8067500000E+00  0.3961371637E+00 
 2008  1440    4  -0.6328000000E+00  0.4851972537E+00 
 2008  1446    4  -0.3940750000E+00  0.5909524278E+00 
 2008  1452    4  -0.9868250000E+00  0.5286482118E+00 
 2008  1458    4  -0.1376750000E+01  0.3536766708E+00 
 2008  1464    4  -0.1380475000E+01  0.5227885585E+00 
 2008  1470    4  -0.1271650000E+01  0.5937858600E+00 
 2008  1476    4  -0.1697500000E+01  0.4771695191E+00 
 2008  1482    4  -0.1693500000E+01  0.3788301070E+00 
 2008  1488    4  -0.1253025000E+01  0.5232130081E+00 
 2008  1494    4  -0.3660075000E+00  0.5018194747E+00 
 2008  1500    4  -0.6238000000E+00  0.3887122522E+00 
 2008  1506    4  -0.8946000000E+00  0.4021879225E+00 
 2008  1512    4  -0.9110500000E+00  0.4862686218E+00 
 2008  1518    4  -0.7376750000E+00  0.5328260850E+00 
 2008  1524    4  -0.1204325000E+01  0.4215295445E+00 
 2008  1530    4  -0.1399750000E+01  0.3765151889E+00 
 2008  1536    4  -0.1280700000E+01  0.4317278888E+00 
 2008  1542    4  -0.1053025000E+01  0.5124942457E+00 
 2008  1548    4  -0.1283775000E+01  0.4114015093E+00 
 2008  1554    4  -0.1249125000E+01  0.3023231663E+00 
 2008  1560    4  -0.7567750000E+00  0.4059888384E+00 
 2008  1566    4  -0.1864125000E+00  0.3680825220E+00 
 2008  1572    4  -0.4439000000E+00  0.2947805540E+00 
 2008  1578    4  -0.6617500000E+00  0.2137507134E+00 
 2008  1584    4  -0.2204050000E+00  0.3804555323E+00 
 2008  1590    4  -0.4299800000E+00  0.3660980500E+00 
 2008  1596    4  -0.7978750000E+00  0.2734758342E+00 
 2008  1602    4  -0.5059750000E+00  0.2612735001E+00 
 2008  1608    4  -0.4235000000E-01  0.3164590218E+00 
 2008  1614    4  0.1873400000E+00  0.3251076496E+00 
 2008  1620    4  0.2198650000E+00  0.3634441438E+00 
 2008  1626    4  -0.2415975000E+00  0.3652093092E+00 
 2008  1632    4  -0.3096200000E+00  0.3976452494E+00 
 2008  1638    4  -0.4612752500E+00  0.4276112316E+00 
 2008  1644    4  -0.6831000000E+00  0.3208855715E+00 
 2008  1650    4  -0.1421000000E+01  0.2903274014E+00 
 2008  1656    4  -0.9865000000E+00  0.3181420595E+00 
 2008  1662    4  -0.7490000000E+00  0.3855301739E+00 
 2008  1668    4  -0.1187850000E+01  0.2281996220E+00 
 2008  1674    4  -0.1140500000E+01  0.1640007622E+00 
 2008  1680    4  -0.7636000000E+00  0.2359420162E+00 
 2008  1686    4  -0.6043250000E+00  0.3146386608E+00 
 2008  1692    4  -0.1100075000E+01  0.1865775090E+00 
 2008  1698    4  -0.1577500000E+01  0.1563881389E+00 
 2008  1704    4  -0.1515250000E+01  0.2704564429E+00 
 2008  1710    4  -0.1054050000E+01  0.3279733335E+00 
 2008  1716    4  -0.1129700000E+01  0.2532863399E+00 
 2008  1722    4  -0.1205225000E+01  0.1790610284E+00 
 2008  1728    4  -0.7685250000E+00  0.2050487305E+00 
 2008  1734    4  -0.7335000000E-02  0.1680782771E+00 
 2008  1740    4  -0.1514075000E+00  0.8730867694E-01 
 2008  1746    4  -0.5384750000E+00  0.6974081929E-01 
 2008  1752    4  -0.3868250000E+00  0.1256934639E+00 
 2008  1758    4  -0.7762500000E-02  0.1750889966E+00 
 2008  1764    4  -0.4050000000E+00  0.1543146461E+00 
 2008  1770    4  -0.7976500000E+00  0.1486174536E+00 
 2008  1776    4  -0.7764500000E+00  0.1967860577E+00 
 2008  1782    4  -0.3373250000E+00  0.2580133948E+00 
 2008  1788    4  -0.5046250000E+00  0.1133315132E+00 
 2008  1794    4  -0.6381750000E+00  0.8467500738E-01 
 2008  1800    4  -0.3993250000E+00  0.5384618719E-01 
 2008  1806    4  0.2608400000E+00  0.1534356732E+00 
 2008  1812    4  -0.3137500000E+00  0.6664838708E-01 
 2008  1818    4  -0.5205000000E+00  0.2096321182E+00 
 2008  1824    4  -0.6798000000E+00  0.1292699694E+00 
 2008  1830    4  -0.2765300000E+00  0.1458997454E+00 
 2008  1836    4  -0.7454250000E+00  0.1996303381E+00 
 2008  1842    4  -0.1230500000E+01  0.2017950693E+00 
 2008  1848    4  -0.1046975000E+01  0.9326254272E-01 
 2008  1854    4  -0.7032000000E+00  0.1257339851E+00 
 2008  1860    4  -0.8835000000E+00  0.9131095225E-01 
 2008  1866    4  -0.1107900000E+01  0.8839530531E-01 
 2008  1872    4  -0.9823750000E+00  0.5246143226E-01 
 2008  1878    4  -0.5003250000E+00  0.1083701383E+00 
 2008  1884    4  -0.5809000000E+00  0.1115588858E+00 
 2008  1890    4  -0.6834000000E+00  0.8543245870E-01 
 2008  1896    4  -0.4987250000E+00  0.9225728630E-01 
 2008  1902    4  -0.3754000000E+00  0.8495401697E-01 
 2008  1908    4  -0.6612250000E+00  0.8649165783E-01 
 2008  1914    4  -0.6190500000E+00  0.1242478672E+00 
 2008  1920    4  -0.3821500000E+00  0.9972383115E-01 
 2008  1926    4  -0.1280750000E+00  0.1247961605E+00 
 2008  1932    4  -0.4720250000E+00  0.5498969790E-01 
 2008  1938    4  -0.7681750000E+00  0.9872609521E-01 
 2008  1944    4  -0.3753000000E+00  0.1170412961E+00 
 2008  1950    4  -0.7143500000E+00  0.1289617288E+00 
 2008  1956    4  -0.7924000000E+00  0.2141970705E+00 
 2008  1962    4  -0.1160750000E+01  0.1906965849E+00 
 2008  1968    4  -0.6417000000E+00  0.1600147962E+00 
 2008  1974    4  -0.3746250000E+00  0.1275168886E+00 
 2008  1980    4  -0.4388750000E+00  0.1040451194E+00 
 2008  1986    4  0.9545500000E-01  0.7588703496E-01 
 2008  1992    4  -0.4266000000E-01  0.1393487483E+00 
 2008  1998    4  0.7060000000E-01  0.2228900738E+00 
 2008  2004    4  -0.3116500000E+00  0.5666345824E-01 
 2008  2010    4  -0.4471500000E+00  0.1331938531E+00 
 2008  2016    4  -0.4822750000E+00  0.1376713364E+00 
 2008  2022    4  -0.1925750000E+00  0.1897687326E+00 
 2008  2028    4  -0.5162500000E+00  0.9873513812E-01 
 2008  2034    4  -0.7716250000E+00  0.9009679170E-01 
 2008  2040    4  -0.4970000000E+00  0.9988661071E-01 
 2008  2046    4  0.3280750000E-01  0.1479658470E+00 
 2008  2052    4  -0.1781750000E+00  0.3283811619E-01 
 2008  2058    4  -0.3335500000E+00  0.3920679150E-01 
 2008  2064    4  -0.1960325000E+00  0.1724820880E+00 
 2008  2070    4  -0.2413340000E+00  0.1768139934E+00 
 2008  2076    4  -0.9402000000E-01  0.2386342959E+00 
 2008  2082    4  -0.4367750000E+00  0.1404334251E+00 
 2008  2088    4  -0.4869750000E+00  0.1624877438E+00 
 2008  2094    4  -0.5703000000E+00  0.1441253794E+00 
 2008  2100    4  -0.5683750000E+00  0.1537016489E+00 
 2008  2106    4  -0.2981250000E+00  0.1520908836E+00 
 2008  2112    4  -0.8113500000E-02  0.1118542480E+00 
 2008  2118    4  0.2240650000E+00  0.1026486760E+00 
 2008  2124    4  0.4132000000E+00  0.6061018891E-01 
 2008  2130    4  0.2086500000E+00  0.9696180949E-01 
 2008  2136    4  0.5964205000E-01  0.4150406250E-01 
 2008  2142    4  0.9137500000E-02  0.3862323289E-01 
 2008  2148    4  -0.3046250000E+00  0.1836254255E+00 
 2008  2154    4  -0.3915250000E+00  0.1853545842E+00 
 2008  2160    4  -0.1531285000E+00  0.1581001164E+00 
 2008  2166    4  0.4582250000E+00  0.1339214205E+00 
 2008  2172    4  0.4208000000E+00  0.7586425377E-01 
 2008  2178    4  0.2303750000E+00  0.8561724052E-01 
 2008  2184    4  0.3116500000E+00  0.7069641080E-01 
 2008  2190    4  0.1219225000E+00  0.1179344607E+00 
 2008  2196    4  -0.1581450000E+00  0.9769896148E-01 
 2008  2202    4  -0.3416000000E+00  0.1990963209E+00 
 2008  2208    4  -0.2088850000E+00  0.1649698811E+00 
 2008  2214    4  -0.1020000000E+00  0.1804513646E+00 
 2008  2220    4  0.6610000000E-02  0.1453846135E+00 
 2008  2226    4  0.6698000000E-01  0.1339271937E+00 
 2008  2232    4  0.4427250000E+00  0.1754174218E+00 
 2008  2238    4  0.5344750000E+00  0.1949900815E+00 
 2008  2244    4  0.3988500000E+00  0.1020576430E+00 
 2008  2250    4  -0.2335750000E+00  0.5983336757E-01 
 2008  2256    4  -0.1401000000E+00  0.1437133084E+00 
 2008  2262    4  0.1023627500E+00  0.2142907259E+00 
 2008  2268    4  0.4896250000E-01  0.1336512503E+00 
 2008  2274    4  -0.1463575000E+00  0.8843566825E-01 
 2008  2280    4  0.1651375000E+00  0.1083586832E+00 
 2008  2286    4  0.2725300000E+00  0.1890146230E+00 
 2008  2292    4  0.8545000000E-01  0.1322954136E+00 
 2008  2298    4  0.2143825000E+00  0.1087221110E+00 
 2008  2304    4  0.1910675000E+00  0.1443026340E+00 
 2008  2310    4  0.2241500000E+00  0.1840832081E+00 
 2008  2316    4  0.1557200000E+00  0.3709986792E-01 
 2008  2322    4  -0.3637500000E-01  0.8847195982E-01 
 2008  2328    4  0.3955000000E-01  0.8448903390E-01 
 2008  2334    4  0.2760000000E+00  0.1364699051E+00 
 2008  2340    4  -0.1783125000E-01  0.2313401136E-01 
 2008  2346    4  -0.4217500000E+00  0.7164902302E-01 
 2008  2352    4  -0.1435000000E-02  0.5751118609E-01 
 2008  2358    4  0.8437500000E-01  0.1261412420E+00 
 2008  2364    4  -0.2984500000E+00  0.1555321591E+00 
 2008  2370    4  -0.6933250000E+00  0.1905549051E+00 
 2008  2376    4  -0.4620750000E+00  0.1705002548E+00 
 2008  2382    4  -0.1870775000E+00  0.1155995027E+00 
 2008  2388    4  -0.1250425000E+00  0.1853914492E+00 
 2008  2394    4  -0.3868600000E+00  0.2425558529E+00 
 2008  2400    4  -0.4715000000E+00  0.1660467555E+00 
 2008  2406    4  -0.3448000000E+00  0.8298388398E-01 
 2008  2412    4  -0.2660475000E+00  0.2588564376E+00 
 2008  2418    4  -0.4309375000E+00  0.3356934937E+00 
 2008  2424    4  -0.6987750000E+00  0.1884341447E+00 
 2008  2430    4  -0.5174000000E+00  0.9484344996E-01 
 2008  2436    4  -0.5694750000E+00  0.2148537569E+00 
 2008  2442    4  -0.8721500000E+00  0.3191234126E+00 
 2008  2448    4  -0.5058500000E+00  0.1829470757E+00 
 2008  2454    4  -0.4322500000E+00  0.1350967894E+00 
 2008  2460    4  -0.2728000000E+00  0.1187195013E+00 
 2008  2466    4  -0.4250425000E+00  0.2489593439E+00 
 2008  2472    4  -0.5865250000E+00  0.2281135723E+00 
 2008  2478    4  -0.2584030000E+00  0.1856760163E+00 
 2008  2484    4  -0.2332000000E-01  0.1075339184E+00 
 2008  2490    4  -0.4686250000E+00  0.1470516980E+00 
 2008  2496    4  -0.4957750000E+00  0.1449573623E+00 
 2008  2502    4  -0.2800150000E+00  0.1218628765E+00 
 2008  2508    4  -0.5065250000E+00  0.5715821791E-01 
 2008  2514    4  -0.8039000000E+00  0.1042202715E+00 
 2008  2520    4  -0.9612500000E+00  0.1097563096E+00 
 2008  2526    4  -0.6990500000E+00  0.1613903730E+00 
 2008  2532    4  -0.7977500000E+00  0.6093400118E-01 
 2008  2538    4  -0.8184000000E+00  0.1420532295E+00 
 2008  2544    4  -0.1037400000E+01  0.1125062665E+00 
 2008  2550    4  -0.9040750000E+00  0.1024548773E+00 
 2008  2556    4  -0.1236250000E+01  0.9466354895E-01 
 2008  2562    4  -0.1357500000E+01  0.1335673987E+00 
 2008  2568    4  -0.1395750000E+01  0.1378774365E+00 
 2008  2574    4  -0.1360750000E+01  0.1229316375E+00 
 2008  2580    4  -0.1200750000E+01  0.2036226596E+00 
 2008  2586    4  -0.1154775000E+01  0.3217004226E+00 
 2008  2592    4  -0.9593000000E+00  0.1834867434E+00 
 2008  2598    4  -0.9837000000E+00  0.1033891194E+00 
 2008  2604    4  -0.9828750000E+00  0.1686261749E+00 
 2008  2610    4  -0.8395250000E+00  0.1507257008E+00 
 2008  2616    4  -0.8805250000E+00  0.1477350564E+00 
 2008  2622    4  -0.8666750000E+00  0.1350881263E+00 
 2008  2628    4  -0.1198925000E+01  0.1724261200E+00 
 2008  2634    4  -0.1213050000E+01  0.2261672114E+00 
 2008  2640    4  -0.1280250000E+01  0.2120629329E+00 
 2008  2646    4  -0.8308000000E+00  0.1000467891E+00 
 2008  2652    4  -0.9053750000E+00  0.2110010471E+00 
 2008  2658    4  -0.1001850000E+01  0.1819435970E+00 
 2008  2664    4  -0.1088075000E+01  0.2072660292E+00 
 2008  2670    4  -0.1206500000E+01  0.1413550494E+00 
 2008  2676    4  -0.1163750000E+01  0.1677414305E+00 
 2008  2682    4  -0.1573000000E+01  0.2364931289E+00 
 2008  2688    4  -0.1511000000E+01  0.2916650476E+00 
 2008  2694    4  -0.1271750000E+01  0.2143914352E+00 
 2008  2700    4  -0.1291500000E+01  0.1777955286E+00 
 2008  2706    4  -0.1341000000E+01  0.1861236148E+00 
 2008  2712    4  -0.6136500000E+00  0.4881744053E-01 
 2008  2718    4  -0.3757500000E+00  0.6222903261E-01 
 2008  2724    4  -0.2403000000E+00  0.1147215106E+00 
 2008  2730    4  -0.3763000000E+00  0.1074089847E+00 
 2008  2736    4  -0.3444000000E+00  0.1145286427E+00 
 2008  2742    4  -0.5601500000E+00  0.1565546789E+00 
 2008  2748    4  -0.9182250000E+00  0.1373736943E+00 
 2008  2754    4  -0.1432000000E+01  0.2663775516E+00 
 2008  2760    4  -0.9285250000E+00  0.3019873952E+00 
 2008  2766    4  -0.5317000000E+00  0.2664425360E+00 
 2008  2772    4  -0.3375250000E+00  0.1659749435E+00 
 2008  2778    4  -0.4987900000E-01  0.6381701789E-01 
 2008  2784    4  0.2337425000E+00  0.1581609557E+00 
 2008  2790    4  0.6679000000E-01  0.2630511971E+00 
 2008  2796    4  -0.9674250000E-01  0.1061423554E+00 
 2008  2802    4  -0.5746750000E+00  0.1253552826E+00 
 2008  2808    4  -0.3647000000E+00  0.2190161980E+00 
 2008  2814    4  -0.3643250000E+00  0.1597659597E+00 
 2008  2820    4  -0.6436250000E+00  0.1300334068E+00 
 2008  2826    4  -0.6527500000E+00  0.1780478658E+00 
 2008  2832    4  -0.2294500000E+00  0.2561703535E-01 
 2008  2838    4  -0.2833750000E+00  0.9313802593E-01 
 2008  2844    4  -0.3149250000E+00  0.5708679247E-01 
 2008  2850    4  0.1922750000E-01  0.5281317136E-01 
 2008  2856    4  -0.1564507500E+00  0.1099453495E+00 
 2008  2862    4  0.4867500000E-01  0.1874435965E+00 
 2008  2868    4  -0.5801000000E+00  0.9677329177E-01 
 2008  2874    4  -0.5314500000E+00  0.5966609171E-01 
 2008  2880    4  -0.1056035000E+00  0.6374918381E-01 
 2008  2886    4  0.2985000000E-01  0.1593557263E+00 
 2008  2892    4  -0.1751950000E+00  0.1162261710E+00 
 2008  2898    4  -0.2748300000E+00  0.1793266899E+00 
 2008  2904    4  -0.3006500000E+00  0.1315811632E+00 
 2008  2910    4  -0.2772500000E+00  0.1459164573E+00 
 2008  2916    4  -0.7551250000E+00  0.2270750688E+00 
 2008  2922    4  -0.6582750000E+00  0.2293975738E+00 
 2008  2928    4  -0.4625750000E+00  0.2139875858E+00 
 2008  2934    4  -0.6469750000E+00  0.2520279982E+00 
 2008  2940    4  -0.6739000000E+00  0.1433154214E+00 
 2008  2946    4  -0.3636650000E+00  0.2384182641E+00 
 2008  2952    4  -0.1807550000E+00  0.2065327700E+00 
 2008  2958    4  -0.3513475000E+00  0.2629305484E+00 
 2008  2964    4  -0.5483750000E+00  0.2140166276E+00 
 2008  2970    4  -0.4570000000E+00  0.2818384378E+00 
 2008  2976    4  -0.3503750000E+00  0.3250633506E+00 
 2008  2982    4  -0.2838025000E+00  0.2286923348E+00 
 2008  2988    4  -0.5825250000E+00  0.2110565964E+00 
 2008  2994    4  -0.6396500000E+00  0.1858993074E+00 
 2008  3000    4  -0.1103300000E+00  0.1872291930E+00 
 2008  3006    4  -0.1881600000E+00  0.1637476040E+00 
 2008  3012    4  -0.2644775000E+00  0.2149542836E+00 
 2008  3018    4  -0.2506525000E+00  0.2124381622E+00 
 2008  3024    4  -0.4584000000E+00  0.1380185314E+00 
 2008  3030    4  -0.4382000000E+00  0.1681835158E+00 
 2008  3036    4  -0.6964750000E+00  0.2328272683E+00 
 2008  3042    4  -0.4099900000E+00  0.2936188078E+00 
 2008  3048    4  -0.6481500000E+00  0.2319891215E+00 
 2008  3054    4  -0.5550750000E+00  0.2099375309E+00 
 2008  3060    4  -0.6601000000E+00  0.2647563975E+00 
 2008  3066    4  -0.4681150000E+00  0.3089594110E+00 
 2008  3072    4  -0.1496000000E+00  0.1608344646E+00 
 2008  3078    4  -0.3615000000E+00  0.1446743239E+00 
 2008  3084    4  -0.5243750000E+00  0.2265875479E+00 
 2008  3090    4  -0.8990500000E+00  0.2632324211E+00 
 2008  3096    4  -0.8705500000E+00  0.2877577323E+00 
 2008  3102    4  -0.1018075000E+01  0.1972032121E+00 
 2008  3108    4  -0.1205600000E+01  0.3396346051E+00 
 2008  3114    4  -0.1184675000E+01  0.3416118658E+00 
 2008  3120    4  -0.1006225000E+01  0.2776223368E+00 
 2008  3126    4  -0.8800750000E+00  0.2750841451E+00 
 2008  3132    4  -0.9422750000E+00  0.3666950462E+00 
 2008  3138    4  -0.9687000000E+00  0.2609478684E+00 
 2008  3144    4  -0.7761250000E+00  0.1965043686E+00 
 2008  3150    4  -0.1100375000E+01  0.3185441757E+00 
 2008  3156    4  -0.1357500000E+01  0.2646596871E+00 
 2008  3162    4  -0.1150550000E+01  0.2723437304E+00 
 2008  3168    4  -0.7104750000E+00  0.2596737412E+00 
 2008  3174    4  -0.6005250000E+00  0.3230595098E+00 
 2008  3180    4  -0.1010300000E+01  0.2973445308E+00 
 2008  3186    4  -0.2055725000E+00  0.2285522845E+00 
 2008  3192    4  -0.4239000000E+00  0.2192460034E+00 
 2008  3198    4  -0.2495550000E+00  0.2974536839E+00 
 2008  3204    4  -0.7065750000E+00  0.1809828359E+00 
 2008  3210    4  -0.5080750000E+00  0.1533789812E+00 
 2008  3216    4  -0.6355250000E+00  0.1592317709E+00 
 2008  3222    4  -0.3263750000E+00  0.1723332002E+00 
 2008  3228    4  -0.7378500000E+00  0.1360676027E+00 
 2008  3234    4  -0.2338100000E+00  0.1281283899E+00 
 2008  3240    4  -0.4847250000E+00  0.1017854699E+00 
 2008  3246    4  -0.3674750000E+00  0.1236562650E+00 
 2008  3252    4  -0.9359500000E+00  0.7791618895E-01 
 2008  3258    4  -0.8260500000E+00  0.8424786347E-01 
 2008  3264    4  -0.8667250000E+00  0.1493835730E+00 
 2008  3270    4  -0.6551250000E+00  0.1838740517E+00 
 2008  3276    4  -0.1101425000E+01  0.1434705262E+00 
 2008  3282    4  -0.7297000000E+00  0.1358711338E+00 
 2008  3288    4  -0.6466000000E+00  0.9909677089E-01 
 2008  3294    4  -0.4682500000E+00  0.1422392087E+00 
 2008  3300    4  -0.6493000000E+00  0.1227673613E+00 
 2008  3306    4  -0.5550250000E+00  0.1061848241E+00 
 2008  3312    4  -0.5822500000E+00  0.8946045216E-01 
 2008  3318    4  -0.7861500000E+00  0.1184937657E+00 
 2008  3324    4  -0.8372500000E+00  0.2430000669E+00 
 2008  3330    4  -0.8526500000E+00  0.2680767847E+00 
 2008  3336    4  -0.6584500000E+00  0.2324079872E+00 
 2008  3342    4  -0.6370250000E+00  0.1900332126E+00 
 2008  3348    4  -0.6099500000E+00  0.1774565369E+00 
 2008  3354    4  -0.6686250000E-01  0.2018269908E+00 
 2008  3360    4  0.9565675000E-01  0.1384107837E+00 
 2008  3366    4  -0.4164500000E-01  0.1126506994E+00 
 2008  3372    4  -0.2907500000E+00  0.9233559714E-01 
 2008  3378    4  -0.3483150000E+00  0.2248682674E+00 
 2008  3384    4  -0.6975250000E+00  0.2014344729E+00 
 2008  3390    4  -0.8465000000E+00  0.1888131484E+00 
 2008  3396    4  -0.9489500000E+00  0.1543159826E+00 
 2008  3402    4  -0.7198500000E+00  0.2412817907E+00 
 2008  3408    4  -0.7320250000E+00  0.2307435414E+00 
 2008  3414    4  -0.6104000000E+00  0.1322499905E+00 
 2008  3420    4  -0.5668250000E+00  0.1381057634E+00 
 2008  3426    4  -0.2373500000E+00  0.1581538096E+00 
 2008  3432    4  -0.4255000000E+00  0.1680826136E+00 
 2008  3438    4  -0.4361250000E+00  0.1000325291E+00 
 2008  3444    4  -0.7585500000E+00  0.1521674160E+00 
 2008  3450    4  -0.4640250000E+00  0.2747156109E+00 
 2008  3456    4  -0.2489425000E+00  0.1664429975E+00 
 2008  3462    4  -0.4128500000E+00  0.1471565578E+00 
 2008  3468    4  -0.4952000000E+00  0.2919238856E+00 
 2008  3474    4  -0.5731500000E+00  0.2761349353E+00 
 2008  3480    4  -0.2823725000E+00  0.1442536144E+00 
 2008  3486    4  -0.2612550000E+00  0.1321416251E+00 
 2008  3492    4  -0.2254050000E+00  0.2389767656E+00 
 2008  3498    4  -0.5881000000E+00  0.2449711514E+00 
 2008  3504    4  -0.5805750000E+00  0.8838173949E-01 
 2008  3510    4  -0.3982500000E+00  0.9976829406E-01 
 2008  3516    4  -0.4287000000E+00  0.2294631452E+00 
 2008  3522    4  -0.4601500000E+00  0.2765458868E+00 
 2008  3528    4  -0.3174000000E+00  0.1565703037E+00 
 2008  3534    4  -0.5823750000E-01  0.1124837962E+00 
 2008  3540    4  -0.3068500000E+00  0.9641764621E-01 
 2008  3546    4  -0.3356275000E+00  0.2747743525E+00 
 2008  3552    4  -0.3132650000E+00  0.2345777924E+00 
 2008  3558    4  -0.2948500000E-01  0.2988560484E+00 
 2008  3564    4  -0.2378050000E+00  0.3623571871E+00 
 2008  3570    4  -0.4280175000E+00  0.2683458336E+00 
 2008  3576    4  -0.3332075000E+00  0.1951836012E+00 
 2008  3582    4  -0.2751650000E+00  0.2153915172E+00 
 2008  3588    4  -0.5513500000E+00  0.2737472055E+00 
 2008  3594    4  -0.3071975000E+00  0.1864150021E+00 
 2008  3600    4  -0.2677925000E+00  0.1413941058E+00 
 2008  3606    4  -0.3902500000E+00  0.1719772732E+00 
 2008  3612    4  -0.6952750000E+00  0.1914690755E+00 
 2008  3618    4  -0.5172500000E+00  0.2131575767E+00 
 2008  3624    4  -0.3937000000E+00  0.1227370563E+00 
 2008  3630    4  -0.1243650000E+00  0.1604684297E+00 
 2008  3636    4  0.6345250000E-01  0.1997185514E+00 
 2008  3642    4  0.9616250000E-01  0.2624804324E+00 
 2008  3648    4  -0.2543000000E-01  0.1903108817E+00 
 2008  3654    4  -0.2102400000E+00  0.1540725277E+00 
 2008  3660    4  -0.7527500000E+00  0.1186363667E+00 
 2008  3666    4  -0.7225500000E+00  0.2688957465E+00 
 2008  3672    4  -0.7060000000E+00  0.2565571964E+00 
 2008  3678    4  -0.5508750000E+00  0.1908931557E+00 
 2008  3684    4  -0.8325500000E+00  0.2502905562E+00 
 2008  3690    4  -0.4160250000E+00  0.1782079737E+00 
 2008  3696    4  -0.2182750000E+00  0.9514558253E-01 
 2008  3702    4  0.4179125000E-01  0.4712515177E-01 
 2008  3708    4  -0.1056550000E+00  0.1037173104E+00 
 2008  3714    4  -0.9676500000E-01  0.1356907907E+00 
 2008  3720    4  0.2269250000E+00  0.8879919411E-01 
 2008  3726    4  -0.2403175000E-01  0.6978987293E-01 
 2008  3732    4  -0.3457000000E+00  0.1121635413E+00 
 2008  3738    4  -0.2986750000E+00  0.1354214786E+00 
 2008  3744    4  -0.1813750000E+00  0.3974351362E-01 
 2008  3750    4  -0.3304250000E+00  0.5491850212E-01 
 2008  3756    4  -0.5245500000E+00  0.1201978681E+00 
 2008  3762    4  -0.6809000000E+00  0.2302216215E+00 
 2008  3768    4  -0.1973375000E+00  0.1581984330E+00 
 2008  3774    4  -0.5291250000E+00  0.1282606014E+00 
 2008  3780    4  -0.6670000000E+00  0.8918775140E-01 
 2008  3786    4  -0.4503250000E+00  0.7115154162E-01 
 2008  3792    4  -0.1163347500E+00  0.7607826840E-01 
 2008  3798    4  0.2065000000E-02  0.6003614099E-01 
 2008  3804    4  -0.2181500000E+00  0.3827913923E-01 
 2008  3810    4  -0.2187250000E+00  0.5721871962E-01 
 2008  3816    4  -0.4831500000E-01  0.4897904271E-01 
 2008  3822    4  -0.7803475000E-01  0.9390777818E-01 
 2008  3828    4  -0.2425500000E+00  0.1077211562E+00 
 2008  3834    4  0.2146875000E-01  0.3163211353E-01 
 2008  3840    4  0.2952250000E+00  0.5767995211E-01 
 2008  3846    4  0.3901250000E+00  0.9733438177E-01 
 2008  3852    4  -0.5599250000E-01  0.9159079467E-01 
 2008  3858    4  -0.3689500000E+00  0.1112382466E+00 
 2008  3864    4  -0.1759125000E+00  0.9772073971E-01 
 2008  3870    4  -0.2667000000E+00  0.8799866476E-01 
 2008  3876    4  -0.5570000000E+00  0.1101571378E+00 
 2008  3882    4  -0.3889250000E+00  0.1102487273E+00 
 2008  3888    4  -0.1452750000E-01  0.6963181111E-01 
 2008  3894    4  0.8670500000E-01  0.1098756255E+00 
 2008  3900    4  -0.2437225000E+00  0.1532891794E+00 
 2008  3906    4  0.2120125000E+00  0.1353884891E+00 
 2008  3912    4  0.8307125000E-01  0.9028259206E-01 
 2008  3918    4  -0.7712750000E-01  0.1918536371E+00 
 2008  3924    4  -0.5186250000E+00  0.3089194262E+00 
 2008  3930    4  -0.4556500000E+00  0.2448357664E+00 
 2008  3936    4  -0.6277500000E+00  0.2687818307E+00 
 2008  3942    4  -0.4748250000E+00  0.3387825953E+00 
 2008  3948    4  -0.5427750000E+00  0.2126824908E+00 
 2008  3954    4  -0.3265500000E+00  0.3150122577E+00 
 2008  3960    4  -0.3003875000E+00  0.2476297700E+00 
 2008  3966    4  -0.1103550000E+00  0.1933067542E+00 
 2008  3972    4  -0.3427750000E+00  0.2253693677E+00 
 2008  3978    4  -0.4099325000E+00  0.2686278758E+00 
 2008  3984    4  -0.3346775000E+00  0.2436299654E+00 
 2008  3990    4  0.5315000000E-02  0.2332757760E+00 
 2008  3996    4  -0.9836000000E-01  0.2034547464E+00 
 2008  4002    4  -0.8840500000E-01  0.1897096494E+00 
 2008  4008    4  0.7904250000E-01  0.1547037457E+00 
 2008  4014    4  0.1184750000E+00  0.1872952666E+00 
 2008  4020    4  -0.7099250000E-01  0.1842487033E+00 
 2008  4026    4  0.3460250000E-01  0.2104157183E+00 
 2008  4032    4  0.3541000000E+00  0.1473579485E+00 
 2008  4038    4  0.7765750000E-01  0.1829673698E+00 
 2008  4044    4  0.2782500000E-01  0.1675444027E+00 
 2008  4050    4  0.1522050000E+00  0.1427832311E+00 
 2008  4056    4  0.1584080000E+00  0.9648024768E-01 
 2008  4062    4  0.2697500000E+00  0.1047857457E+00 
 2008  4068    4  0.3570500000E+00  0.1120322833E+00 
 2008  4074    4  0.4219500000E+00  0.1633503214E+00 
 2008  4080    4  0.4690500000E+00  0.1127636799E+00 
 2008  4086    4  0.5166250000E+00  0.9531879078E-01 
 2008  4092    4  0.2163525000E+00  0.1487947626E+00 
 2008  4098    4  0.4052500000E+00  0.7355428268E-01 
 2008  4104    4  0.3664000000E+00  0.7992709178E-01 
 2008  4110    4  0.2278100000E+00  0.1198558146E+00 
 2008  4116    4  0.2274250000E-01  0.1421905216E+00 
 2008  4122    4  -0.2240400000E+00  0.1921676419E+00 
 2008  4128    4  -0.1215652500E+00  0.2046805469E+00 
 2008  4134    4  -0.2013675000E+00  0.1777529681E+00 
 2008  4140    4  -0.5043500000E+00  0.2475304072E+00 
 2008  4146    4  -0.4222250000E+00  0.2898175752E+00 
 2008  4152    4  -0.4526000000E+00  0.2820256992E+00 
 2008  4158    4  -0.3201925000E+00  0.2240890050E+00 
 2008  4164    4  -0.5022000000E+00  0.2943693174E+00 
 2008  4170    4  -0.4076300000E+00  0.3532901194E+00 
 2008  4176    4  -0.1497650000E+00  0.2424590866E+00 
 2008  4182    4  -0.2791000000E+00  0.2457801151E+00 
 2008  4188    4  -0.7194500000E+00  0.2704205475E+00 
 2008  4194    4  -0.6078150000E+00  0.4453840766E+00 
 2008  4200    4  -0.7145500000E+00  0.3497758246E+00 
 2008  4206    4  -0.7263000000E+00  0.3549134120E+00 
 2008  4212    4  -0.6710750000E+00  0.4026155696E+00 
 2008  4218    4  -0.4675350000E+00  0.4147003046E+00 
 2008  4224    4  -0.1248500000E+00  0.2745696132E+00 
 2008  4230    4  -0.7161250000E-01  0.2800576199E+00 
 2008  4236    4  0.9989250000E-01  0.2237140710E+00 
 2008  4242    4  -0.1703000000E+00  0.3193094502E+00 
 2008  4248    4  -0.5561750000E-01  0.2306261313E+00 
 2008  4254    4  -0.2886250000E+00  0.2738230120E+00 
 2008  4260    4  -0.6213500000E+00  0.2855653559E+00 
 2008  4266    4  -0.5299250000E+00  0.2112510281E+00 
 2008  4272    4  -0.2083325000E+00  0.1809542226E+00 
 2008  4278    4  0.1432550000E+00  0.2103396255E+00 
 2008  4284    4  0.1851850000E+00  0.2259554321E+00 
 2008  4290    4  -0.2305000000E-01  0.3184621053E+00 
 2008  4296    4  0.1794050000E+00  0.2562271982E+00 
 2008  4302    4  0.1063625000E+00  0.2373776616E+00 
 2008  4308    4  -0.1764225000E+00  0.1794757045E+00 
 2008  4314    4  -0.3624850000E+00  0.2425345350E+00 
 2008  4320    4  -0.2922300000E+00  0.1895202013E+00 
 2008  4326    4  -0.1708995000E+00  0.1673064743E+00 
 2008  4332    4  -0.4386000000E+00  0.1531937988E+00 
 2008  4338    4  -0.1662250000E+00  0.1969828213E+00 
 2008  4344    4  -0.2010622500E+00  0.1475718936E+00 
 2008  4350    4  -0.8801750000E-01  0.8754417696E-01 
 2008  4356    4  -0.3644000000E+00  0.1240291700E+00 
 2008  4362    4  0.1398525000E+00  0.1571549785E+00 
 2008  4368    4  0.1835225000E+00  0.1492899143E+00 
 2008  4374    4  0.2100500000E+00  0.3505156915E-01 
 2008  4380    4  -0.2717000000E-01  0.1168404198E+00 
 2008  4386    4  0.7665500000E+00  0.2259141706E+00 
 2008  4392    4  0.8794250000E+00  0.1362658500E+00 
 2008  4398    4  0.8791250000E+00  0.1153154668E+00 
 2008  4404    4  0.1109000000E+01  0.8757282684E-01 
 2008  4410    4  0.4944250000E+00  0.1769559179E+00 
 2008  4416    4  0.7693500000E+00  0.1177871491E+00 
 2008  4422    4  0.7681500000E+00  0.2347450745E-01 
 2008  4428    4  0.4849000000E+00  0.6436128495E-01 
 2008  4434    4  0.2417950000E+00  0.2590838131E+00 
 2008  4440    4  0.5876250000E+00  0.1183460049E+00 
 2008  4446    4  0.6346500000E+00  0.9989155370E-01 
 2008  4452    4  0.3400875000E+00  0.1878986574E+00 
 2008  4458    4  0.5915750000E+00  0.2536751306E+00 
 2008  4464    4  0.5404000000E+00  0.1210633718E+00 
 2008  4470    4  0.2837250000E+00  0.1384762141E+00 
 2008  4476    4  -0.4672500000E-01  0.2229406129E+00 
 2008  4482    4  -0.3113125000E+00  0.2736872539E+00 
 2008  4488    4  -0.5198250000E+00  0.2295899973E+00 
 2008  4494    4  -0.6677750000E+00  0.2064713948E+00 
 2008  4500    4  -0.7947000000E+00  0.3334608973E+00 
 2008  4506    4  -0.4921925000E+00  0.3397588191E+00 
 2008  4512    4  -0.3949575000E+00  0.2231727457E+00 
 2008  4518    4  -0.5154250000E+00  0.2437672802E+00 
 2008  4524    4  -0.4828675000E+00  0.2879267783E+00 
 2008  4530    4  -0.2755525000E+00  0.1914420742E+00 
 2008  4536    4  -0.2752150000E+00  0.1845293491E+00 
 2008  4542    4  -0.3656400000E+00  0.2660209274E+00 
 2008  4548    4  -0.7176250000E+00  0.2823178384E+00 
 2008  4554    4  -0.6424000000E-01  0.2693509083E+00 
 2008  4560    4  -0.7628750000E-01  0.2401576731E+00 
 2008  4566    4  -0.1255225000E-01  0.1522744673E+00 
 2008  4572    4  -0.2491250000E+00  0.7438068886E-01 
 2008  4578    4  0.2788100000E+00  0.1553928676E+00 
 2008  4584    4  0.2149500000E+00  0.9514080355E-01 
 2008  4590    4  0.1366500000E+00  0.6572640223E-01 
 2008  4596    4  0.9339750000E-01  0.1044921208E+00 
 2008  4602    4  0.2275425000E+00  0.1887312094E+00 
 2008  4608    4  0.1409025000E+00  0.1081859118E+00 
 2008  4614    4  0.2461175000E+00  0.1659551365E+00 
 2008  4620    4  0.8851500000E-01  0.1827271400E+00 
 2008  4626    4  0.7452500000E-01  0.3010756996E+00 
 2008  4632    4  0.6239750000E-01  0.1856722530E+00 
 2008  4638    4  -0.1446475000E+00  0.2461612262E+00 
 2008  4644    4  -0.5073000000E+00  0.3073447332E+00 
 2008  4650    4  -0.8218500000E+00  0.3101287918E+00 
 2008  4656    4  -0.7920250000E+00  0.2153701508E+00 
 2008  4662    4  -0.7802000000E+00  0.2702961246E+00 
 2008  4668    4  -0.8638750000E+00  0.2120050162E+00 
 2008  4674    4  -0.6854250000E+00  0.1714276870E+00 
 2008  4680    4  -0.4966250000E+00  0.1102232819E+00 
 2008  4686    4  -0.2774900000E+00  0.1321887639E+00 
 2008  4692    4  -0.3199500000E+00  0.9930119586E-01 
 2008  4698    4  -0.3434425000E+00  0.2147172884E+00 
 2008  4704    4  -0.2639575000E+00  0.1464678204E+00 
 2008  4710    4  -0.5855000000E+00  0.1064993192E+00 
 2008  4716    4  -0.8582500000E+00  0.2125840246E+00 
 2008  4722    4  -0.6965000000E+00  0.2685426502E+00 
 2008  4728    4  -0.6128750000E+00  0.2903502314E+00 
 2008  4734    4  -0.7272000000E+00  0.2111671968E+00 
 2008  4740    4  -0.9520750000E+00  0.2601717834E+00 
 2008  4746    4  -0.9202750000E+00  0.3047625746E+00 
 2008  4752    4  -0.1038075000E+01  0.2878818627E+00 
 2008  4758    4  -0.1343750000E+01  0.2935450349E+00 
 2008  4764    4  -0.1376250000E+01  0.3138657157E+00 
 2008  4770    4  -0.1118450000E+01  0.2779996448E+00 
 2008  4776    4  -0.8484500000E+00  0.2787423586E+00 
 2008  4782    4  -0.6849500000E+00  0.2185247412E+00 
 2008  4788    4  -0.7359750000E+00  0.2513159602E+00 
 2008  4794    4  -0.2142150000E+00  0.1836021696E+00 
 2008  4800    4  0.5976250000E-01  0.1892913673E+00 
 2008  4806    4  0.2824900000E+00  0.1386632514E+00 
 2008  4812    4  0.5209750000E-01  0.1744277243E+00 
 2008  4818    4  -0.2374600000E+00  0.1438686651E+00 
 2008  4824    4  -0.2413000000E-01  0.5997021386E-01 
 2008  4830    4  -0.3277825000E-01  0.8384575567E-01 
 2008  4836    4  -0.2981000000E+00  0.9333876472E-01 
 2008  4842    4  0.1070150000E+00  0.6040434318E-01 
 2008  4848    4  0.1056760000E+00  0.7089537734E-01 
 2008  4854    4  -0.2715750000E+00  0.5826677334E-01 
 2008  4860    4  -0.5017250000E+00  0.9376079605E-01 
 2008  4866    4  -0.3114000000E+00  0.1109821607E+00 
 2008  4872    4  -0.3498500000E+00  0.2550593068E-01 
 2008  4878    4  -0.3467750000E+00  0.8233487642E-01 
 2008  4884    4  -0.7526000000E+00  0.1637873316E+00 
 2008  4890    4  -0.6697750000E+00  0.2197795415E+00 
 2008  4896    4  -0.3301500000E+00  0.1268745148E+00 
 2008  4902    4  -0.1151450000E+00  0.1141253444E+00 
 2008  4908    4  -0.3212700000E+00  0.2694592995E+00 
 2008  4914    4  -0.3420725000E+00  0.1990090897E+00 
 2008  4920    4  -0.2124000000E+00  0.8449707096E-01 
 2008  4926    4  -0.4413250000E+00  0.4963679960E-01 
 2008  4932    4  -0.7306250000E+00  0.2414847342E+00 
 2008  4938    4  -0.6906500000E+00  0.2362454709E+00 
 2008  4944    4  -0.5627500000E+00  0.1448954882E+00 
 2008  4950    4  -0.4319500000E+00  0.2006821180E+00 
 2008  4956    4  -0.6924000000E+00  0.3120898188E+00 
 2008  4962    4  -0.2399750000E+00  0.3243970821E+00 
 2008  4968    4  -0.4901000000E+00  0.1717431076E+00 
 2008  4974    4  -0.5606000000E+00  0.1974713524E+00 
 2008  4980    4  -0.1039700000E+01  0.2925036154E+00 
 2008  4986    4  -0.6638000000E+00  0.2984477090E+00 
 2008  4992    4  -0.5275000000E+00  0.2501755684E+00 
 2008  4998    4  -0.4440750000E+00  0.1940083938E+00 
 2008  5004    4  -0.2334700000E+00  0.1964656836E+00 
 2008  5010    4  -0.1054750000E-01  0.2734747701E+00 
 2008  5016    4  0.3436000000E+00  0.3540666957E+00 
 2008  5022    4  0.3805975000E+00  0.3467892631E+00 
 2008  5028    4  0.3097425000E+00  0.2473365560E+00 
 2008  5034    4  -0.9338175000E-01  0.2920095793E+00 
 2008  5040    4  0.1204000000E-02  0.2054521577E+00 
 2008  5046    4  -0.2245700000E+00  0.1763927428E+00 
 2008  5052    4  -0.4604000000E+00  0.2974341524E+00 
 2008  5058    4  -0.6616250000E+00  0.4079296654E+00 
 2008  5064    4  -0.5850000000E+00  0.3436716238E+00 
 2008  5070    4  -0.6486250000E+00  0.2372258563E+00 
 2008  5076    4  -0.5888000000E+00  0.2716019698E+00 
 2008  5082    4  -0.4788775000E+00  0.2635676185E+00 
 2008  5088    4  -0.3689750000E+00  0.1517748559E+00 
 2008  5094    4  -0.5929250000E+00  0.1997008685E+00 
 2008  5100    4  -0.6504500000E+00  0.1997757055E+00 
 2008  5106    4  -0.6583500000E+00  0.2523598770E+00 
 2008  5112    4  -0.6785000000E+00  0.2211791016E+00 
 2008  5118    4  -0.5763750000E+00  0.1881750432E+00 
 2008  5124    4  -0.7485750000E+00  0.1746633530E+00 
 2008  5130    4  -0.1982250000E+00  0.2405227575E+00 
 2008  5136    4  -0.1537100000E+00  0.1499678942E+00 
 2008  5142    4  -0.2593750000E+00  0.9361630133E-01 
 2008  5148    4  -0.4087250000E+00  0.1077795754E+00 
 2008  5154    4  -0.2861257500E+00  0.2203962182E+00 
 2008  5160    4  -0.5380500000E+00  0.1321574913E+00 
 2008  5166    4  -0.7025000000E+00  0.1044793520E+00 
 2008  5172    4  -0.7694500000E+00  0.2987568702E+00 
 2008  5178    4  -0.2814750000E+00  0.2693944448E+00 
 2008  5184    4  -0.2551425000E+00  0.1746639342E+00 
 2008  5190    4  -0.4635750000E+00  0.1837461887E+00 
 2008  5196    4  -0.3399225000E+00  0.2384047966E+00 
 2008  5202    4  -0.3139007500E+00  0.2172960181E+00 
 2008  5208    4  -0.2315050000E+00  0.1372795180E+00 
 2008  5214    4  -0.4695750000E+00  0.2252939233E+00 
 2008  5220    4  -0.6534000000E+00  0.3163375729E+00 
 2008  5226    4  -0.4344850000E+00  0.3404386107E+00 
 2008  5232    4  -0.8128750000E+00  0.2783632193E+00 
 2008  5238    4  -0.1046575000E+01  0.2317801585E+00 
 2008  5244    4  -0.8803250000E+00  0.3315456332E+00 
 2008  5250    4  -0.5457000000E+00  0.5461071644E+00 
 2008  5256    4  -0.4695250000E+00  0.5408379118E+00 
 2008  5262    4  -0.8112750000E+00  0.5205412922E+00 
 2008  5268    4  -0.9321250000E+00  0.4255080221E+00 
 2008  5274    4  -0.7995900000E+00  0.5384032284E+00 
 2008  5280    4  -0.8671000000E+00  0.5057990362E+00 
 2008  5286    4  -0.4866000000E+00  0.5045325213E+00 
 2008  5292    4  -0.5749400000E+00  0.3815912758E+00 
 2008  5298    4  -0.4879950000E+00  0.3739559186E+00 
 2008  5304    4  -0.2785800000E+00  0.2627500660E+00 
 2008  5310    4  -0.1668900000E+00  0.2674475487E+00 
 2008  5316    4  -0.3552000000E+00  0.2853289768E+00 
 2008  5322    4  -0.3161500000E+00  0.3827923099E+00 
 2008  5328    4  -0.3816000000E+00  0.1572052639E+00 
 2008  5334    4  -0.3023512500E+00  0.2107999143E+00 
 2008  5340    4  -0.5492750000E+00  0.3072495677E+00 
 2008  5346    4  -0.5400500000E+00  0.2850385632E+00 
 2008  5352    4  -0.5467250000E+00  0.1694656805E+00 
 2008  5358    4  -0.5498500000E+00  0.2702290001E+00 
 2008  5364    4  -0.4982750000E+00  0.2858773284E+00 
 2008  5370    4  -0.9633250000E-01  0.2321804496E+00 
 2008  5376    4  -0.2346765000E+00  0.1761102631E+00 
 2008  5382    4  -0.1121332500E+00  0.1387472645E+00 
 2008  5388    4  -0.5542000000E+00  0.2252870502E+00 
 2008  5394    4  -0.3323500000E+00  0.1370822472E+00 
 2008  5400    4  -0.3707500000E-01  0.1088852985E+00 
 2008  5406    4  0.1001000000E+00  0.1881979601E+00 
 2008  5412    4  -0.2471775000E+00  0.9450251065E-01 
 2008  5418    4  -0.8584000000E-01  0.8716432642E-01 
 2008  5424    4  -0.4367750000E-01  0.8507080297E-01 
 2008  5430    4  0.1803750000E+00  0.6259761876E-01 
 2008  5436    4  -0.1972000000E+00  0.2153307554E+00 
 2008  5442    4  0.5200000000E-01  0.1500107456E+00 
 2008  5448    4  0.2252575000E+00  0.1465436076E+00 
 2008  5454    4  0.1200150000E+00  0.1158338926E+00 
 2008  5460    4  -0.1166050000E+00  0.2302675380E+00 
 2008  5466    4  -0.2070295000E+00  0.2319571704E+00 
 2008  5472    4  -0.1212200000E+00  0.2165037464E+00 
 2008  5478    4  -0.5860000000E-01  0.2034685725E+00 
 2008  5484    4  -0.1990525000E+00  0.2998415966E+00 
 2008  5490    4  -0.1984175000E+00  0.3348606903E+00 
 2008  5496    4  0.5871750000E-01  0.1298032718E+00 
 2008  5502    4  -0.1956082500E+00  0.1314309180E+00 
 2008  5508    4  -0.4744500000E+00  0.2706805543E+00 
 2008  5514    4  -0.3436275000E+00  0.2025413693E+00 
 2008  5520    4  -0.2259425000E+00  0.1561500526E+00 
 2008  5526    4  -0.2488575000E+00  0.1932482495E+00 
 2008  5532    4  -0.4280750000E+00  0.2359457605E+00 
 2008  5538    4  0.2426500000E-01  0.1889234211E+00 
 2008  5544    4  -0.2068025000E+00  0.1897468235E+00 
 2008  5550    4  -0.7563000000E-01  0.7234227222E-01 
 2008  5556    4  0.7280075000E-01  0.1980530438E+00 
 2008  5562    4  -0.1459225000E+00  0.2042796809E+00 
 2008  5568    4  0.1609650000E+00  0.1570128201E+00 
 2008  5574    4  -0.2002975000E+00  0.1160210240E+00 
 2008  5580    4  -0.4982000000E+00  0.2590369375E+00 
 2008  5586    4  -0.7021000000E+00  0.2199997159E+00 
 2008  5592    4  -0.6018750000E+00  0.1348464752E+00 
 2008  5598    4  -0.5348750000E+00  0.2472122001E+00 
 2008  5604    4  -0.6416750000E+00  0.2063526275E+00 
 2008  5610    4  -0.7451250000E+00  0.2072701785E+00 
 2008  5616    4  -0.4471500000E+00  0.2373419527E+00 
 2008  5622    4  -0.1922250000E+00  0.2303342720E+00 
 2008  5628    4  -0.4415500000E+00  0.2480107911E+00 
 2008  5634    4  -0.2425250000E+00  0.2312252406E+00 
 2008  5640    4  -0.1750182500E+00  0.1292341309E+00 
 2008  5646    4  -0.1975525000E+00  0.9995309784E-01 
 2008  5652    4  -0.5099000000E+00  0.1760380215E+00 
 2008  5658    4  -0.2240870000E+00  0.1794333773E+00 
 2008  5664    4  -0.2949000000E+00  0.1707066636E+00 
 2008  5670    4  -0.9736250000E-01  0.1562497095E+00 
 2008  5676    4  -0.2855450000E+00  0.1502391063E+00 
 2008  5682    4  0.1592125000E+00  0.1136600843E+00 
 2008  5688    4  0.5170750000E+00  0.9623113776E-01 
 2008  5694    4  0.7187000000E-01  0.1098230563E+00 
 2008  5700    4  -0.6134425000E-01  0.1209379945E+00 
 2008  5706    4  -0.8583000000E-01  0.1516532812E+00 
 2008  5712    4  -0.3573475000E-01  0.6359709378E-01 
 2008  5718    4  -0.2054500000E+00  0.4636294318E-01 
 2008  5724    4  -0.2993000000E+00  0.1037492410E+00 
 2008  5730    4  -0.8016750000E+00  0.1542730919E+00 
 2008  5736    4  -0.3782000000E+00  0.4566656326E-01 
 2008  5742    4  -0.5337500000E+00  0.9931501649E-01 
 2008  5748    4  -0.7918000000E+00  0.1988017103E+00 
 2008  5754    4  -0.4704000000E+00  0.1041392817E+00 
 2008  5760    4  -0.8187100000E-01  0.5650190017E-01 
 2008  5766    4  -0.2495250000E+00  0.3179885022E-01 
 2008  5772    4  -0.5494750000E+00  0.1693132803E+00 
 2008  5778    4  -0.3856250000E+00  0.1050277910E+00 
 2008  5784    4  -0.3483250000E+00  0.1198299081E+00 
 2008  5790    4  -0.2715750000E+00  0.8262552193E-01 
 2008  5796    4  -0.1839550000E+00  0.1571127033E+00 
 2008  5802    4  -0.2411275000E+00  0.1298098639E+00 
 2008  5808    4  0.1880225000E+00  0.7073513991E-01 
 2008  5814    4  0.7493250000E-01  0.1089502266E-01 
 2008  5820    4  -0.1715425000E+00  0.8996408961E-01 
 2008  5826    4  -0.2645200000E+00  0.1461797599E+00 
 2008  5832    4  0.2353250000E+00  0.7625642186E-01 
 2008  5838    4  -0.1787250000E-01  0.8561424746E-01 
 2008  5844    4  -0.1900000000E-02  0.1018914911E+00 
 2008  5850    4  -0.2752125000E+00  0.1285321865E+00 
 2008  5856    4  0.4958750000E-01  0.2281154464E-01 
 2008  5862    4  -0.4920750000E-01  0.4539466234E-01 
 2008  5868    4  -0.3214250000E+00  0.8516038912E-01 
 2008  5874    4  -0.2693750000E+00  0.8104996530E-01 
 2008  5880    4  -0.4184000000E+00  0.9619131977E-01 
 2008  5886    4  -0.5035250000E+00  0.1007780327E+00 
 2008  5892    4  -0.5485750000E+00  0.7185580613E-01 
 2008  5898    4  -0.7725500000E+00  0.1450523095E+00 
 2008  5904    4  -0.2990750000E+00  0.1059033610E+00 
 2008  5910    4  -0.5725250000E+00  0.4714034233E-01 
 2008  5916    4  -0.5278250000E+00  0.1102630123E+00 
 2008  5922    4  -0.7302250000E+00  0.6611907346E-01 
 2008  5928    4  -0.4222250000E+00  0.1227232736E+00 
 2008  5934    4  -0.9312250000E+00  0.1044619638E+00 
 2008  5940    4  -0.1223000000E+01  0.9363492938E-01 
 2008  5946    4  -0.8839500000E+00  0.8921576374E-01 
 2008  5952    4  -0.9352500000E+00  0.7994299532E-01 
 2008  5958    4  -0.9026500000E+00  0.8816843256E-01 
 2008  5964    4  -0.5786500000E+00  0.3670132831E-01 
 2008  5970    4  -0.5930750000E+00  0.7050437486E-01 
 2008  5976    4  -0.2173250000E+00  0.4539484415E-01 
 2008  5982    4  -0.6288500000E+00  0.5110310656E-01 
 2008  5988    4  -0.8021250000E+00  0.7959721650E-01 
 2008  5994    4  -0.5890250000E+00  0.1088181137E+00 
 2008  6000    4  -0.3206000000E+00  0.4270837154E-01 
 2008  6006    4  -0.5425500000E+00  0.4845206394E-01 
 2008  6012    4  -0.7351250000E+00  0.1526059857E+00 
 2008  6018    4  -0.9418000000E+00  0.1112828154E+00 
 2008  6024    4  -0.8483000000E+00  0.4145949831E-01 
 2008  6030    4  -0.9403750000E+00  0.1341297576E+00 
 2008  6036    4  -0.1311000000E+01  0.1434276821E+00 
 2008  6042    4  -0.9577000000E+00  0.1041114547E+00 
 2008  6048    4  -0.1148275000E+01  0.1847863006E+00 
 2008  6054    4  -0.1020375000E+01  0.1730366200E+00 
 2008  6060    4  -0.7969250000E+00  0.1840531360E+00 
 2008  6066    4  -0.5881250000E+00  0.2479463488E+00 
 2008  6072    4  -0.5881250000E+00  0.1445123762E+00 
 2008  6078    4  -0.7718000000E+00  0.1923477710E+00 
 2008  6084    4  -0.9832750000E+00  0.2061572867E+00 
 2008  6090    4  -0.1078925000E+01  0.2441379874E+00 
 2008  6096    4  -0.1390750000E+01  0.2165922148E+00 
 2008  6102    4  -0.1428000000E+01  0.2283626502E+00 
 2008  6108    4  -0.9804500000E+00  0.4032566583E+00 
 2008  6114    4  -0.8537250000E+00  0.3706999553E+00 
 2008  6120    4  -0.4063750000E+00  0.1819024240E+00 
 2008  6126    4  -0.5381250000E+00  0.2630374439E+00 
 2008  6132    4  -0.5474000000E+00  0.1902714114E+00 
 2008  6138    4  -0.6725500000E+00  0.1850065607E+00 
 2008  6144    4  -0.5301500000E+00  0.2140089075E+00 
 2008  6150    4  -0.7534250000E+00  0.2327199000E+00 
 2008  6156    4  -0.5544000000E+00  0.1345444722E+00 
 2008  6162    4  -0.3959750000E+00  0.1190969432E+00 
 2008  6168    4  -0.1631475000E+00  0.9838986619E-01 
 2008  6174    4  -0.5202750000E+00  0.3711673309E-01 
 2008  6180    4  -0.5488250000E+00  0.6010246979E-01 
 2008  6186    4  -0.5146750000E+00  0.1305719797E+00 
 2008  6192    4  -0.4969250000E+00  0.1117630166E+00 
 2008  6198    4  -0.6069750000E+00  0.1431731709E+00 
 2008  6204    4  -0.8740750000E+00  0.2213681704E+00 
 2008  6210    4  -0.2864500000E+00  0.9409459336E-01 
 2008  6216    4  -0.3210000000E+00  0.1669556528E+00 
 2008  6222    4  -0.1337000000E+00  0.2303920572E-01 
 2008  6228    4  -0.2457500000E-01  0.1793974829E+00 
 2008  6234    4  0.4532500000E+00  0.1475413925E+00 
 2008  6240    4  0.2422000000E+00  0.8309533681E-01 
 2008  6246    4  0.2262250000E+00  0.3062257133E-01 
 2008  6252    4  0.2508750000E+00  0.1221888165E+00 
 2008  6258    4  0.3164500000E+00  0.6305035686E-01 
 2008  6264    4  -0.2035000000E-02  0.9705976857E-01 
 2008  6270    4  -0.2700250000E+00  0.7268962701E-01 
 2008  6276    4  -0.5365500000E+00  0.1049143103E+00 
 2008  6282    4  -0.5779000000E+00  0.1886856778E+00 
 2008  6288    4  -0.5603000000E+00  0.1825006438E+00 
 2008  6294    4  -0.4319250000E+00  0.1624820355E+00 
 2008  6300    4  -0.3010000000E+00  0.5934762000E-01 
 2008  6306    4  -0.3923650000E-01  0.5587446214E-01 
 2008  6312    4  0.3395500000E-01  0.4943220888E-01 
 2008  6318    4  0.1686000000E-01  0.9235414744E-01 
 2008  6324    4  -0.1170225000E+00  0.6663235715E-01 
 2008  6330    4  -0.9256800000E-01  0.9059154631E-01 
 2008  6336    4  -0.2883500000E+00  0.8240620426E-01 
 2008  6342    4  -0.2247750000E+00  0.7578563106E-01 
 2008  6348    4  -0.1424100000E+00  0.1188400019E+00 
 2008  6354    4  -0.1263525000E+00  0.3718500731E-01 
 2008  6360    4  -0.1443250000E-01  0.9406549510E-01 
 2008  6366    4  -0.5229750000E-01  0.7083574676E-01 
 2008  6372    4  -0.1100000000E-02  0.2395912665E+00 
 2008  6378    4  -0.3747250000E+00  0.1848390973E+00 
 2008  6384    4  -0.5725000000E+00  0.9473576410E-01 
 2008  6390    4  -0.1129925000E+01  0.1697143390E+00 
 2008  6396    4  -0.1242575000E+01  0.3474906213E+00 
 2008  6402    4  -0.1108725000E+01  0.4103942944E+00 
 2008  6408    4  -0.1280875000E+01  0.3438848599E+00 
 2008  6414    4  -0.1074250000E+01  0.2485584589E+00 
 2008  6420    4  -0.7543500000E+00  0.3779972255E+00 
 2008  6426    4  -0.8533750000E-01  0.3351181534E+00 
 2008  6432    4  -0.6161750000E-01  0.2755915518E+00 
 2008  6438    4  0.3166750000E+00  0.9452550912E-01 
 2008  6444    4  0.1721400000E+00  0.1817080152E+00 
 2008  6450    4  0.2407000000E+00  0.2270971708E+00 
 2008  6456    4  -0.2884925000E+00  0.2422440065E+00 
 2008  6462    4  -0.3718500000E+00  0.1393461607E+00 
 2008  6468    4  -0.8829500000E+00  0.2749050427E+00 
 2008  6474    4  -0.5694000000E+00  0.2245921303E+00 
 2008  6480    4  -0.3994750000E+00  0.1277294480E+00 
 2008  6486    4  -0.2449675000E+00  0.1258072004E+00 
 2008  6492    4  -0.2932250000E+00  0.2528575229E+00 
 2008  6498    4  -0.1015300000E+00  0.1490081934E+00 
 2008  6504    4  -0.7103250000E+00  0.1346906340E+00 
 2008  6510    4  -0.7869000000E+00  0.1041874993E+00 
 2008  6516    4  -0.1109450000E+01  0.2965361234E+00 
 2008  6522    4  -0.6909500000E+00  0.2179391716E+00 
 2008  6528    4  -0.1094875000E+01  0.1674045904E+00 
 2008  6534    4  -0.9093250000E+00  0.9619483809E-01 
 2008  6540    4  -0.9160250000E+00  0.1659474672E+00 
 2008  6546    4  -0.8614750000E+00  0.2024803370E+00 
 2008  6552    4  -0.9403500000E+00  0.9969279061E-01 
 2008  6558    4  -0.1143350000E+01  0.2265269134E+00 
 2008  6564    4  -0.1202375000E+01  0.2661224753E+00 
 2008  6570    4  -0.1124225000E+01  0.1907553456E+00 
 2008  6576    4  -0.9973500000E+00  0.1084884671E+00 
 2008  6582    4  -0.9637000000E+00  0.1010199733E+00 
 2008  6588    4  -0.9659250000E+00  0.1691370949E+00 
 2008  6594    4  -0.6530750000E+00  0.8784000726E-01 
 2008  6600    4  -0.5983750000E+00  0.1626651372E+00 
 2008  6606    4  -0.7554250000E+00  0.1785681575E+00 
 2008  6612    4  -0.6917750000E+00  0.1385709994E+00 
 2008  6618    4  -0.4460500000E+00  0.1078534770E+00 
 2008  6624    4  -0.5919000000E+00  0.1703020405E+00 
 2008  6630    4  -0.8986250000E+00  0.1639926123E+00 
 2008  6636    4  -0.1032325000E+01  0.1216434005E+00 
 2008  6642    4  -0.6492750000E+00  0.9843290545E-01 
 2008  6648    4  -0.6215250000E+00  0.1266428319E+00 
 2008  6654    4  -0.4089750000E+00  0.1575140212E+00 
 2008  6660    4  -0.5328250000E+00  0.1153213635E+00 
 2008  6666    4  -0.5247750000E+00  0.6766126569E-01 
 2008  6672    4  -0.1015550000E+01  0.1857857166E+00 
 2008  6678    4  -0.7371500000E+00  0.1709234551E+00 
 2008  6684    4  -0.8503000000E+00  0.1096452233E+00 
 2008  6690    4  -0.9235500000E+00  0.6132554525E-01 
 2008  6696    4  -0.7452000000E+00  0.1476149552E+00 
 2008  6702    4  -0.7371500000E+00  0.1352920267E+00 
 2008  6708    4  -0.4249250000E+00  0.5081482928E-01 
 2008  6714    4  -0.1247387500E+00  0.8353253112E-01 
 2008  6720    4  0.2257000000E-01  0.1258237412E+00 
 2008  6726    4  0.2490250000E-01  0.1555558164E+00 
 2008  6732    4  -0.7800200000E-01  0.7269794201E-01 
 2008  6738    4  -0.2349500000E+00  0.9187615305E-01 
 2008  6744    4  -0.3853500000E+00  0.9331051656E-01 
 2008  6750    4  -0.6815000000E-01  0.1716331043E+00 
 2008  6756    4  -0.9548825000E-01  0.9933254607E-01 
 2008  6762    4  -0.2387500000E+00  0.5950821372E-01 
 2008  6768    4  -0.1189675000E+00  0.1499604700E+00 
 2008  6774    4  -0.3692500000E-01  0.1835161761E+00 
 2008  6780    4  -0.5225750000E+00  0.8173124785E-01 
 2008  6786    4  -0.7159750000E+00  0.1199260475E+00 
 2008  6792    4  -0.1847400000E+00  0.1518610246E+00 
 2008  6798    4  -0.2766550000E+00  0.2031956670E+00 
 2008  6804    4  -0.8031250000E+00  0.1075925270E+00 
 2008  6810    4  -0.6614250000E+00  0.7457282933E-01 
 2008  6816    4  -0.3670500000E+00  0.1401641627E+00 
 2008  6822    4  -0.6030250000E+00  0.2071571550E+00 
 2008  6828    4  -0.8648750000E+00  0.8821245306E-01 
 2008  6834    4  -0.6174000000E+00  0.1523329085E+00 
 2008  6840    4  -0.6150250000E+00  0.1483143010E+00 
 2008  6846    4  -0.7472250000E+00  0.1255587188E+00 
 2008  6852    4  -0.8398250000E+00  0.1011174410E+00 
 2008  6858    4  -0.7468500000E+00  0.7905575564E-01 
 2008  6864    4  -0.6100000000E+00  0.9978970388E-01 
 2008  6870    4  -0.7875250000E+00  0.1262854975E+00 
 2008  6876    4  -0.1099500000E+01  0.1167529443E+00 
 2008  6882    4  -0.9484500000E+00  0.1239631901E+00 
 2008  6888    4  -0.7380250000E+00  0.1619899283E+00 
 2008  6894    4  -0.7475500000E+00  0.1846454237E+00 
 2008  6900    4  -0.1111325000E+01  0.1612168319E+00 
 2008  6906    4  -0.1009225000E+01  0.1425853144E+00 
 2008  6912    4  -0.9716750000E+00  0.1583709155E+00 
 2008  6918    4  -0.1089725000E+01  0.1433866691E+00 
 2008  6924    4  -0.1154500000E+01  0.1237527777E+00 
 2008  6930    4  -0.1093350000E+01  0.1605396135E+00 
 2008  6936    4  -0.1186550000E+01  0.1924357230E+00 
 2008  6942    4  -0.7561000000E+00  0.1933191015E+00 
 2008  6948    4  -0.1203250000E+01  0.7218509195E-01 
 2008  6954    4  -0.1366750000E+01  0.7934221764E-01 
 2008  6960    4  -0.1376750000E+01  0.1384853332E+00 
 2008  6966    4  -0.1583000000E+01  0.1317212967E+00 
 2008  6972    4  -0.1548000000E+01  0.1097246554E+00 
 2008  6978    4  -0.1265000000E+01  0.8981091248E-01 
 2008  6984    4  -0.1371500000E+01  0.1257229096E+00 
 2008  6990    4  -0.1050650000E+01  0.1840023166E+00 
 2008  6996    4  -0.1150250000E+01  0.1503701683E+00 
 2008  7002    4  -0.9308750000E+00  0.1784381598E+00 
 2008  7008    4  -0.9249000000E+00  0.1747744976E+00 
 2008  7014    4  -0.6402000000E+00  0.1872161718E+00 
 2008  7020    4  -0.6847250000E+00  0.1299613861E+00 
 2008  7026    4  -0.6226000000E+00  0.1254166058E+00 
 2008  7032    4  -0.7750000000E+00  0.1962346937E+00 
 2008  7038    4  -0.8407000000E+00  0.2095422750E+00 
 2008  7044    4  -0.1004050000E+01  0.1254478876E+00 
 2008  7050    4  -0.1313750000E+01  0.1219618280E+00 
 2008  7056    4  -0.1332250000E+01  0.1637610683E+00 
 2008  7062    4  -0.1401500000E+01  0.2271447776E+00 
 2008  7068    4  -0.1717250000E+01  0.1016498278E+00 
 2008  7074    4  -0.1385500000E+01  0.1003431612E+00 
 2008  7080    4  -0.1152450000E+01  0.1802157249E+00 
 2008  7086    4  -0.1051875000E+01  0.1561346754E+00 
 2008  7092    4  -0.9798750000E+00  0.1625101439E+00 
 2008  7098    4  -0.8433750000E+00  0.1177673209E+00 
 2008  7104    4  -0.4487750000E+00  0.2231512197E+00 
 2008  7110    4  -0.7381250000E+00  0.1947564296E+00 
 2008  7116    4  -0.1166500000E+01  0.1039050047E+00 
 2008  7122    4  -0.3939750000E+00  0.2403059755E+00 
 2008  7128    4  -0.6406750000E+00  0.2788981120E+00 
 2008  7134    4  -0.4007750000E+00  0.2536213455E+00 
 2008  7140    4  -0.5331500000E+00  0.1706629207E+00 
 2008  7146    4  -0.3313800000E+00  0.2576563995E+00 
 2008  7152    4  -0.3168187500E+00  0.2590294815E+00 
 2008  7158    4  0.6645000000E-01  0.3401425032E+00 
 2008  7164    4  -0.9506250000E-01  0.1129511696E+00 
 2008  7170    4  0.1754775000E+00  0.8824514162E-01 
 2008  7176    4  0.1004825000E+00  0.1474842979E+00 
 2008  7182    4  -0.3770000000E-02  0.1891824718E+00 
 2008  7188    4  -0.1462645000E+00  0.1114089753E+00 
 2008  7194    4  0.2871250000E+00  0.1158599019E+00 
 2008  7200    4  -0.7856750000E-02  0.1486624106E+00 
 2008  7206    4  0.1262025000E+00  0.2655528968E+00 
 2008  7212    4  -0.1389125000E+00  0.1479254463E+00 
 2008  7218    4  0.2892900000E+00  0.1670964970E+00 
 2008  7224    4  -0.2313225000E+00  0.2016806035E+00 
 2008  7230    4  -0.3688000000E+00  0.2261668632E+00 
 2008  7236    4  -0.6661500000E+00  0.8920505871E-01 
 2008  7242    4  -0.3923250000E+00  0.3611968819E-01 
 2008  7248    4  -0.6595250000E+00  0.1352190353E-01 
 2008  7254    4  -0.7336000000E+00  0.7713786359E-01 
 2008  7260    4  -0.1009850000E+01  0.4020407318E-01 
 2008  7266    4  -0.1188000000E+01  0.5685507893E-01 
 2008  7272    4  -0.1284000000E+01  0.9105492848E-01 
 2008  7278    4  -0.1131275000E+01  0.8465504636E-01 
 2008  7284    4  -0.1320750000E+01  0.1419883358E+00 
 2008  7290    4  -0.7928000000E+00  0.1372629411E+00 
 2008  7296    4  -0.6096000000E+00  0.6809541101E-01 
 2008  7302    4  -0.3630250000E+00  0.5785980362E-01 
 2008  7308    4  -0.4533000000E+00  0.1451582757E+00 
 2008  7314    4  -0.2527575000E+00  0.9179115382E-01 
 2008  7320    4  -0.2491000000E+00  0.1136682234E+00 
 2008  7326    4  -0.5821000000E+00  0.1541527327E+00 
 2008  7332    4  -0.7983750000E+00  0.1525685973E+00 
 2008  7338    4  -0.7560750000E+00  0.1964799401E+00 
 2008  7344    4  -0.5574750000E+00  0.1851512135E+00 
 2008  7350    4  -0.4769750000E+00  0.1367609114E+00 
 2008  7356    4  -0.2994500000E+00  0.1178974448E+00 
 2008  7362    4  -0.4359500000E-01  0.1194869789E+00 
 2008  7368    4  0.3071250000E+00  0.1011848649E+00 
 2008  7374    4  0.2246250000E+00  0.6297231038E-01 
 2008  7380    4  -0.4669000000E-01  0.7496178460E-01 
 2008  7386    4  -0.1022525000E+00  0.8512070999E-01 
 2008  7392    4  -0.2593825000E+00  0.1159477745E+00 
 2008  7398    4  -0.2238975000E+00  0.1346420997E+00 
 2008  7404    4  -0.3319250000E+00  0.7048455061E-01 
 2008  7410    4  -0.5462500000E-01  0.1255582627E+00 
 2008  7416    4  -0.2292950000E+00  0.1229701146E+00 
 2008  7422    4  -0.6929250000E-01  0.1292056213E+00 
 2008  7428    4  -0.1421250000E+00  0.3026477945E-01 
 2008  7434    4  -0.1536600000E+00  0.3435912979E-01 
 2008  7440    4  -0.2536900000E+00  0.1435322587E+00 
 2008  7446    4  -0.3420500000E+00  0.1843282737E+00 
 2008  7452    4  -0.7991250000E+00  0.8507018793E-01 
 2008  7458    4  -0.6829750000E+00  0.1051972522E+00 
 2008  7464    4  -0.8085250000E+00  0.1541657448E+00 
 2008  7470    4  -0.9090750000E+00  0.1293221051E+00 
 2008  7476    4  -0.1040150000E+01  0.1196426032E+00 
 2008  7482    4  -0.5689750000E+00  0.3010958112E-01 
 2008  7488    4  -0.7609750000E+00  0.6474076672E-01 
 2008  7494    4  -0.1113025000E+01  0.1522133433E+00 
 2008  7500    4  -0.1099425000E+01  0.8211237346E-01 
 2008  7506    4  -0.1092375000E+01  0.1115646533E+00 
 2008  7512    4  -0.9387250000E+00  0.1356541443E+00 
 2008  7518    4  -0.1094925000E+01  0.2032254090E+00 
 2008  7524    4  -0.9729000000E+00  0.1432391881E+00 
 2008  7530    4  -0.6332250000E+00  0.1413104627E+00 
 2008  7536    4  -0.6820750000E+00  0.2832512257E+00 
 2008  7542    4  -0.6062500000E+00  0.3900025673E+00 
 2008  7548    4  -0.6935750000E+00  0.3973800849E+00 
 2008  7554    4  -0.8160000000E+00  0.3284852584E+00 
 2008  7560    4  -0.1196100000E+01  0.4793457155E+00 
 2008  7566    4  -0.1248800000E+01  0.5891330792E+00 
 2008  7572    4  -0.1368425000E+01  0.4648769642E+00 
 2008  7578    4  -0.1372975000E+01  0.5246839066E+00 
 2008  7584    4  -0.1485500000E+01  0.5069755911E+00 
 2008  7590    4  -0.1627175000E+01  0.6505868442E+00 
 2008  7596    4  -0.1642500000E+01  0.5947934515E+00 
 2008  7602    4  -0.2042250000E+01  0.6601762549E+00 
 2008  7608    4  -0.2302000000E+01  0.6342846364E+00 
 2008  7614    4  -0.2410500000E+01  0.6917754332E+00 
 2008  7620    4  -0.2345250000E+01  0.6012604989E+00 
 2008  7626    4  -0.1961000000E+01  0.5299353734E+00 
 2008  7632    4  -0.1724500000E+01  0.5150060679E+00 
 2008  7638    4  -0.1480575000E+01  0.5947955463E+00 
 2008  7644    4  -0.9945750000E+00  0.4560063397E+00 
 2008  7650    4  -0.9411500000E+00  0.3944602230E+00 
 2008  7656    4  -0.1031225000E+01  0.3629730870E+00 
 2008  7662    4  -0.1347500000E+01  0.3896552964E+00 
 2008  7668    4  -0.1481750000E+01  0.2519646553E+00 
 2008  7674    4  -0.1641250000E+01  0.3344767369E+00 
 2008  7680    4  -0.1772000000E+01  0.3850681758E+00 
 2008  7686    4  -0.1822250000E+01  0.4322212252E+00 
 2008  7692    4  -0.1747500000E+01  0.2621664548E+00 
 2008  7698    4  -0.1523500000E+01  0.1909574560E+00 
 2008  7704    4  -0.1470000000E+01  0.2501669443E+00 
 2008  7710    4  -0.1512750000E+01  0.2937655315E+00 
 2008  7716    4  -0.1680000000E+01  0.2307173596E+00 
 2008  7722    4  -0.1531750000E+01  0.1837299309E+00 
 2008  7728    4  -0.1814500000E+01  0.2536675975E+00 
 2008  7734    4  -0.1643750000E+01  0.2412533679E+00 
 2008  7740    4  -0.1693250000E+01  0.2518286868E+00 
 2008  7746    4  -0.1272000000E+01  0.2661418795E+00 
 2008  7752    4  -0.1365500000E+01  0.3193857386E+00 
 2008  7758    4  -0.1117550000E+01  0.4347465095E+00 
 2008  7764    4  -0.1090275000E+01  0.4125388792E+00 
 2008  7770    4  -0.8421250000E+00  0.3647315614E+00 
 2008  7776    4  -0.6012000000E+00  0.5148561789E+00 
 2008  7782    4  -0.8481000000E+00  0.5545660195E+00 
 2008  7788    4  -0.1171325000E+01  0.5254001874E+00 
 2008  7794    4  -0.1089225000E+01  0.5312938188E+00 
 2008  7800    4  -0.1064450000E+01  0.5193552469E+00 
 2008  7806    4  -0.1082350000E+01  0.5823337123E+00 
 2008  7812    4  -0.8305750000E+00  0.4892645623E+00 
 2008  7818    4  -0.5341000000E+00  0.3864913647E+00 
 2008  7824    4  -0.4430000000E+00  0.4659865395E+00 
 2008  7830    4  -0.5368750000E+00  0.5630699574E+00 
 2008  7836    4  -0.7213750000E+00  0.4402347918E+00 
 2008  7842    4  -0.8003500000E+00  0.3730170539E+00 
 2008  7848    4  -0.1278850000E+01  0.4954793109E+00 
 2008  7854    4  -0.1586000000E+01  0.4801801745E+00 
 2008  7860    4  -0.1708000000E+01  0.3686129406E+00 
 2008  7866    4  -0.1758500000E+01  0.3122887286E+00 
 2008  7872    4  -0.1904750000E+01  0.3837820833E+00 
 2008  7878    4  -0.1698750000E+01  0.4217910472E+00 
 2008  7884    4  -0.1629250000E+01  0.2524018374E+00 
 2008  7890    4  -0.1309250000E+01  0.3108040983E+00 
 2008  7896    4  -0.1459500000E+01  0.4039743185E+00 
 2008  7902    4  -0.1361225000E+01  0.4490541748E+00 
 2008  7908    4  -0.1453250000E+01  0.3622991685E+00 
 2008  7914    4  -0.1417500000E+01  0.3380639732E+00 
 2008  7920    4  -0.1697500000E+01  0.4526800747E+00 
 2008  7926    4  -0.1649750000E+01  0.4975682742E+00 
 2008  7932    4  -0.1525250000E+01  0.3251940767E+00 
 2008  7938    4  -0.1062225000E+01  0.4018901863E+00 
 2008  7944    4  -0.4304300000E+00  0.4259238461E+00 
 2008  7950    4  -0.4208000000E+00  0.4935202731E+00 
 2008  7956    4  -0.5281000000E+00  0.4914767288E+00 
 2008  7962    4  -0.5292600000E+00  0.5147196740E+00 
 2008  7968    4  -0.3988225000E+00  0.7476414599E+00 
 2008  7974    4  -0.7745000000E+00  0.8647197263E+00 
 2008  7980    4  -0.1677500000E+01  0.7017583273E+00 
 2008  7986    4  -0.1934000000E+01  0.6654622454E+00 
 2008  7992    4  -0.2149250000E+01  0.6904384024E+00 
 2008  7998    4  -0.2115500000E+01  0.7790807083E+00 
 2008  8004    4  -0.1980250000E+01  0.5674065452E+00 
 2008  8010    4  -0.1369800000E+01  0.5984499018E+00 
 2008  8016    4  -0.7345750000E+00  0.5411766319E+00 
 2008  8022    4  -0.2275250000E+00  0.8400810091E+00 
 2008  8028    4  -0.7052500000E-01  0.7387312548E+00 
 2008  8034    4  -0.5423250000E+00  0.7285350004E+00 
 2008  8040    4  -0.1137025000E+01  0.7685129354E+00 
 2008  8046    4  -0.1429800000E+01  0.8875361514E+00 
 2008  8052    4  -0.1827000000E+01  0.7553214547E+00 
 2008  8058    4  -0.2060500000E+01  0.6920290818E+00 
 2008  8064    4  -0.1788000000E+01  0.6825639164E+00 
 2008  8070    4  -0.1089950000E+01  0.7129746507E+00 
 2008  8076    4  -0.9340250000E+00  0.5317618093E+00 
 2008  8082    4  -0.7925000000E+00  0.5600761109E+00 
 2008  8088    4  -0.8820000000E+00  0.5956956773E+00 
 2008  8094    4  -0.9889500000E+00  0.5474211793E+00 
 2008  8100    4  -0.1258350000E+01  0.4142224855E+00 
 2008  8106    4  -0.1503750000E+01  0.4013766155E+00 
 2008  8112    4  -0.1938750000E+01  0.3798179663E+00 
 2008  8118    4  -0.1605500000E+01  0.3943859151E+00 
 2008  8124    4  -0.1516750000E+01  0.3178485292E+00 
 2008  8130    4  -0.1372250000E+01  0.3187525490E+00 
 2008  8136    4  -0.1338225000E+01  0.3949083462E+00 
 2008  8142    4  -0.9142250000E+00  0.5489715401E+00 
 2008  8148    4  -0.1251425000E+01  0.4570515746E+00 
 2008  8154    4  -0.1575000000E+01  0.4311096148E+00 
 2008  8160    4  -0.1578250000E+01  0.5644029478E+00 
 2008  8166    4  -0.1719250000E+01  0.6441410463E+00 
 2008  8172    4  -0.1865250000E+01  0.5588185640E+00 
 2008  8178    4  -0.1685500000E+01  0.5291930177E+00 
 2008  8184    4  -0.1326150000E+01  0.5915693260E+00 
 2008  8190    4  -0.1021025000E+01  0.6004814750E+00 
 2008  8196    4  -0.1253600000E+01  0.5122957544E+00 
 2008  8202    4  -0.1304175000E+01  0.5337522289E+00 
 2008  8208    4  -0.1019550000E+01  0.6788754838E+00 
 2008  8214    4  -0.6520500000E+00  0.6816754598E+00 
 2008  8220    4  -0.7601000000E+00  0.5561565517E+00 
 2008  8226    4  -0.9281500000E+00  0.4245786765E+00 
 2008  8232    4  -0.6435775000E+00  0.6550482715E+00 
 2008  8238    4  -0.3751250000E+00  0.7435277781E+00 
 2008  8244    4  -0.4922500000E+00  0.6067372269E+00 
 2008  8250    4  -0.4166125000E+00  0.5664082189E+00 
 2008  8256    4  -0.7304750000E+00  0.5751365811E+00 
 2008  8262    4  -0.1098375000E+01  0.5893713107E+00 
 2008  8268    4  -0.1249675000E+01  0.5050617159E+00 
 2008  8274    4  -0.1128325000E+01  0.5148218691E+00 
 2008  8280    4  -0.1325700000E+01  0.5804783975E+00 
 2008  8286    4  -0.9888250000E+00  0.5637099714E+00 
 2008  8292    4  -0.8031750000E+00  0.4503646876E+00 
 2008  8298    4  -0.8562500000E+00  0.4672006876E+00 
 2008  8304    4  -0.8967500000E+00  0.4780717755E+00 
 2008  8310    4  -0.8316500000E+00  0.4965725451E+00 
 2008  8316    4  -0.1089475000E+01  0.3908561396E+00 
 2008  8322    4  -0.9139750000E+00  0.3781883550E+00 
 2008  8328    4  -0.7840500000E+00  0.3639442986E+00 
 2008  8334    4  -0.6142750000E+00  0.3994565394E+00 
 2008  8340    4  -0.6967500000E+00  0.3392875513E+00 
 2008  8346    4  -0.5426000000E+00  0.3217032406E+00 
 2008  8352    4  -0.3650150000E+00  0.3659579316E+00 
 2008  8358    4  -0.2455055000E+00  0.3960389909E+00 
 2008  8364    4  -0.5051250000E+00  0.3816605388E+00 
 2008  8370    4  -0.6895000000E+00  0.4165468941E+00 
 2008  8376    4  -0.8193000000E+00  0.4461969128E+00 
 2008  8382    4  -0.7951250000E+00  0.5236093886E+00 
 2008  8388    4  -0.1135975000E+01  0.4389228086E+00 
 2008  8394    4  -0.1267200000E+01  0.4222469893E+00 
 2008  8400    4  -0.1313450000E+01  0.5308017591E+00 
 2008  8406    4  -0.1017175000E+01  0.5644481481E+00 
 2008  8412    4  -0.7276250000E+00  0.4478951796E+00 
 2008  8418    4  -0.5883500000E+00  0.4217270118E+00 
 2008  8424    4  -0.5488900000E+00  0.5118972292E+00 
 2008  8430    4  -0.8612500000E-01  0.5086631468E+00 
 2008  8436    4  0.3383000000E-01  0.3869247352E+00 
 2008  8442    4  0.8406250000E-01  0.4130684801E+00 
 2008  8448    4  -0.2203255000E+00  0.4462245717E+00 
 2008  8454    4  -0.6177500000E-01  0.5382027656E+00 
 2008  8460    4  -0.6393000000E+00  0.4350674545E+00 
 2008  8466    4  -0.1133050000E+01  0.4645353027E+00 
 2008  8472    4  -0.1243600000E+01  0.4421433930E+00 
 2008  8478    4  -0.9030000000E+00  0.5166035859E+00 
 2008  8484    4  -0.1018225000E+01  0.4169781911E+00 
 2008  8490    4  -0.1091800000E+01  0.4488993428E+00 
 2008  8496    4  -0.9809000000E+00  0.4899372766E+00 
 2008  8502    4  -0.6864500000E+00  0.5181709974E+00 
 2008  8508    4  -0.6154000000E+00  0.3798105580E+00 
 2008  8514    4  -0.1004200000E+01  0.3971988482E+00 
 2008  8520    4  -0.9674000000E+00  0.3971520364E+00 
 2008  8526    4  -0.7228250000E+00  0.4509719303E+00 
 2008  8532    4  -0.8528250000E+00  0.2810470723E+00 
 2008  8538    4  -0.9493000000E+00  0.3380611853E+00 
 2008  8544    4  -0.1058325000E+01  0.4079465858E+00 
 2008  8550    4  -0.7783250000E+00  0.4669800926E+00 
 2008  8556    4  -0.1070100000E+01  0.4032521730E+00 
 2008  8562    4  -0.7791500000E+00  0.4550603998E+00 
 2008  8568    4  -0.3797825000E+00  0.4419080322E+00 
 2008  8574    4  -0.6334000000E+00  0.5596433552E+00 
 2008  8580    4  -0.1312450000E+01  0.4805838142E+00 
 2008  8586    4  -0.1737750000E+01  0.4802537741E+00 
 2008  8592    4  -0.1617975000E+01  0.5782700510E+00 
 2008  8598    4  -0.1475000000E+01  0.5959341407E+00 
 2008  8604    4  -0.1443750000E+01  0.4881144205E+00 
 2008  8610    4  -0.1104550000E+01  0.3015975920E+00 
 2008  8616    4  -0.8098500000E+00  0.4118516389E+00 
 2008  8622    4  -0.6633750000E+00  0.4767805490E+00 
 2008  8628    4  -0.8872750000E+00  0.4455903240E+00 
 2008  8634    4  -0.4981000000E+00  0.4084777289E+00 
 2008  8640    4  -0.5648750000E+00  0.4715580154E+00 
 2008  8646    4  -0.9848500000E+00  0.4046593660E+00 
 2008  8652    4  -0.1031750000E+01  0.3920022545E+00 
 2008  8658    4  -0.8515750000E+00  0.3723393236E+00 
 2008  8664    4  -0.4474950000E+00  0.4642888703E+00 
 2008  8670    4  -0.4149165000E+00  0.3729618006E+00 
 2008  8676    4  -0.5308775000E+00  0.3847447550E+00 
 2008  8682    4  -0.8050250000E+00  0.4004973681E+00 
 2008  8688    4  -0.6430250000E+00  0.3336065000E+00 
 2008  8694    4  -0.8209000000E+00  0.3617566516E+00 
 2008  8700    4  -0.8695000000E+00  0.2901583275E+00 
 2008  8706    4  -0.1108975000E+01  0.2930761367E+00 
 2008  8712    4  -0.9814000000E+00  0.3727269577E+00 
 2008  8718    4  -0.1321100000E+01  0.3428193839E+00 
 2008  8724    4  -0.9346750000E+00  0.2288660020E+00 
 2008  8730    4  -0.7795500000E+00  0.1730256412E+00 
 2008  8736    4  -0.4190000000E+00  0.2330673401E+00 
 2008  8742    4  -0.4724750000E+00  0.2605426297E+00 
 2008  8748    4  -0.2823950000E+00  0.2431166923E+00 
 2008  8754    4  -0.8661000000E+00  0.3300090984E+00 
 2008  8760    4  -0.6983000000E+00  0.3098772741E+00 
 2008  8766    4  -0.1062700000E+01  0.3024863799E+00 
 2008  8772    4  -0.1227750000E+01  0.2826175640E+00 
 2008  8778    4  -0.1087525000E+01  0.2934322526E+00 
 2008  8784    4  -0.7799250000E+00  0.4207515144E+00 
