 2008  0006    8  0.6155000000E+01  0.1108859662E+01 
 2008  0012    8  0.6013750000E+01  0.1045935795E+01 
 2008  0018    8  0.6126625000E+01  0.1070110618E+01 
 2008  0024    8  0.6000250000E+01  0.9948289740E+00 
 2008  0030    8  0.5528250000E+01  0.7546435831E+00 
 2008  0036    8  0.4570250000E+01  0.6052044593E+00 
 2008  0042    8  0.3973750000E+01  0.4105547314E+00 
 2008  0048    8  0.3584500000E+01  0.4155595625E+00 
 2008  0054    8  0.3200375000E+01  0.3253801383E+00 
 2008  0060    8  0.2966500000E+01  0.3705978278E+00 
 2008  0066    8  0.3335250000E+01  0.4157498497E+00 
 2008  0072    8  0.3525875000E+01  0.4361279736E+00 
 2008  0078    8  0.3352750000E+01  0.4048255025E+00 
 2008  0084    8  0.2585750000E+01  0.3640469578E+00 
 2008  0090    8  0.2693500000E+01  0.2997649079E+00 
 2008  0096    8  0.2350875000E+01  0.2700742664E+00 
 2008  0102    8  0.2149875000E+01  0.2335494795E+00 
 2008  0108    8  0.1534525000E+01  0.3577376544E+00 
 2008  0114    8  0.1387000000E+01  0.4026505929E+00 
 2008  0120    8  0.1525287500E+01  0.3979190289E+00 
 2008  0126    8  0.1051325000E+01  0.3055722981E+00 
 2008  0132    8  0.3563112500E+00  0.2011874732E+00 
 2008  0138    8  0.1010062500E+01  0.1628307322E+00 
 2008  0144    8  0.1477750000E+01  0.2075661039E+00 
 2008  0150    8  0.1968375000E+01  0.1992679964E+00 
 2008  0156    8  0.1798750000E+01  0.2081830625E+00 
 2008  0162    8  0.2066500000E+01  0.2294062990E+00 
 2008  0168    8  0.1842000000E+01  0.2138580136E+00 
 2008  0174    8  0.1309500000E+01  0.1709378542E+00 
 2008  0180    8  0.4845925000E+00  0.2496148661E+00 
 2008  0186    8  0.3975700000E-01  0.2452974043E+00 
 2008  0192    8  -0.2412987500E+00  0.2506525831E+00 
 2008  0198    8  0.4285200000E+00  0.2780743348E+00 
 2008  0204    8  0.9042375000E+00  0.4192022899E+00 
 2008  0210    8  0.1203262500E+01  0.5231387219E+00 
 2008  0216    8  0.1567325000E+01  0.6245162943E+00 
 2008  0222    8  0.1260637500E+01  0.5306146906E+00 
 2008  0228    8  0.9032137500E+00  0.5545878912E+00 
 2008  0234    8  0.7969050000E+00  0.5703047355E+00 
 2008  0240    8  0.4889900000E+00  0.7636913507E+00 
 2008  0246    8  0.4518000000E+00  0.7099510230E+00 
 2008  0252    8  0.6826875000E+00  0.6413284502E+00 
 2008  0258    8  0.1794625000E+01  0.6603396735E+00 
 2008  0264    8  0.3339500000E+01  0.7383979279E+00 
 2008  0270    8  0.4401375000E+01  0.7691582960E+00 
 2008  0276    8  0.5272875000E+01  0.8003957517E+00 
 2008  0282    8  0.6357000000E+01  0.9574685373E+00 
 2008  0288    8  0.6736500000E+01  0.8740872382E+00 
 2008  0294    8  0.6791875000E+01  0.8170026679E+00 
 2008  0300    8  0.6669500000E+01  0.8394986599E+00 
 2008  0306    8  0.6458125000E+01  0.7628386850E+00 
 2008  0312    8  0.6314250000E+01  0.6584103489E+00 
 2008  0318    8  0.6415250000E+01  0.5499251654E+00 
 2008  0324    8  0.6026250000E+01  0.5300789446E+00 
 2008  0330    8  0.5976500000E+01  0.4655894114E+00 
 2008  0336    8  0.5738625000E+01  0.6276840243E+00 
 2008  0342    8  0.5530625000E+01  0.5886558709E+00 
 2008  0348    8  0.6204000000E+01  0.6050041322E+00 
 2008  0354    8  0.6570125000E+01  0.6808701120E+00 
 2008  0360    8  0.7065750000E+01  0.7500691218E+00 
 2008  0366    8  0.7160000000E+01  0.8358800751E+00 
 2008  0372    8  0.7270000000E+01  0.8483018331E+00 
 2008  0378    8  0.7301625000E+01  0.9169424651E+00 
 2008  0384    8  0.6878500000E+01  0.9089152876E+00 
 2008  0390    8  0.6299625000E+01  0.9005076259E+00 
 2008  0396    8  0.5376000000E+01  0.6740680604E+00 
 2008  0402    8  0.5500250000E+01  0.5447781085E+00 
 2008  0408    8  0.5630125000E+01  0.4756509848E+00 
 2008  0414    8  0.5531500000E+01  0.5063627652E+00 
 2008  0420    8  0.5287500000E+01  0.5731895411E+00 
 2008  0426    8  0.5409000000E+01  0.6656992564E+00 
 2008  0432    8  0.5242125000E+01  0.7593295460E+00 
 2008  0438    8  0.4390875000E+01  0.7046977078E+00 
 2008  0444    8  0.3994125000E+01  0.6830451005E+00 
 2008  0450    8  0.3633375000E+01  0.7088183719E+00 
 2008  0456    8  0.3481375000E+01  0.7842150435E+00 
 2008  0462    8  0.3590500000E+01  0.6246855209E+00 
 2008  0468    8  0.3571000000E+01  0.5552326089E+00 
 2008  0474    8  0.4116750000E+01  0.6638766358E+00 
 2008  0480    8  0.4444125000E+01  0.6189550544E+00 
 2008  0486    8  0.4496125000E+01  0.5798300263E+00 
 2008  0492    8  0.4167875000E+01  0.3935001390E+00 
 2008  0498    8  0.4358875000E+01  0.5202771947E+00 
 2008  0504    8  0.4168875000E+01  0.5567911272E+00 
 2008  0510    8  0.4004875000E+01  0.5833291175E+00 
 2008  0516    8  0.3967250000E+01  0.5721081082E+00 
 2008  0522    8  0.4359375000E+01  0.5580474750E+00 
 2008  0528    8  0.4635875000E+01  0.6897900836E+00 
 2008  0534    8  0.5157000000E+01  0.7218147269E+00 
 2008  0540    8  0.6029500000E+01  0.8806029185E+00 
 2008  0546    8  0.6729375000E+01  0.7609761720E+00 
 2008  0552    8  0.7276000000E+01  0.9479998681E+00 
 2008  0558    8  0.7329625000E+01  0.9722191031E+00 
 2008  0564    8  0.7334000000E+01  0.9138420268E+00 
 2008  0570    8  0.6851625000E+01  0.7219058002E+00 
 2008  0576    8  0.6777875000E+01  0.5530656465E+00 
 2008  0582    8  0.6241500000E+01  0.4983053783E+00 
 2008  0588    8  0.5621875000E+01  0.5636544681E+00 
 2008  0594    8  0.5516000000E+01  0.5201583893E+00 
 2008  0600    8  0.5823500000E+01  0.6064886644E+00 
 2008  0606    8  0.6019000000E+01  0.5285267259E+00 
 2008  0612    8  0.6150125000E+01  0.5512346228E+00 
 2008  0618    8  0.6015625000E+01  0.5226810542E+00 
 2008  0624    8  0.6552750000E+01  0.6589878129E+00 
 2008  0630    8  0.6017000000E+01  0.6538011930E+00 
 2008  0636    8  0.5281750000E+01  0.5933230044E+00 
 2008  0642    8  0.4707250000E+01  0.4069375720E+00 
 2008  0648    8  0.3881625000E+01  0.3745567172E+00 
 2008  0654    8  0.3088000000E+01  0.3219580718E+00 
 2008  0660    8  0.2532125000E+01  0.2836839956E+00 
 2008  0666    8  0.2561750000E+01  0.3726887944E+00 
 2008  0672    8  0.2346375000E+01  0.3566366980E+00 
 2008  0678    8  0.2334500000E+01  0.3924385302E+00 
 2008  0684    8  0.2568375000E+01  0.3703039081E+00 
 2008  0690    8  0.3379375000E+01  0.3856247974E+00 
 2008  0696    8  0.4410000000E+01  0.5844946535E+00 
 2008  0702    8  0.4852250000E+01  0.6347926335E+00 
 2008  0708    8  0.5149625000E+01  0.5498836098E+00 
 2008  0714    8  0.5323125000E+01  0.6326591573E+00 
 2008  0720    8  0.5455625000E+01  0.6102253554E+00 
 2008  0726    8  0.5584750000E+01  0.6171883323E+00 
 2008  0732    8  0.5553375000E+01  0.3711758133E+00 
 2008  0738    8  0.5686125000E+01  0.5332678589E+00 
 2008  0744    8  0.5630750000E+01  0.4737852230E+00 
 2008  0750    8  0.5208500000E+01  0.3576496190E+00 
 2008  0756    8  0.4676750000E+01  0.3437774534E+00 
 2008  0762    8  0.4240750000E+01  0.3629992252E+00 
 2008  0768    8  0.3768500000E+01  0.3552569493E+00 
 2008  0774    8  0.3272625000E+01  0.2195534886E+00 
 2008  0780    8  0.2649875000E+01  0.2521122952E+00 
 2008  0786    8  0.2696375000E+01  0.2328770800E+00 
 2008  0792    8  0.3054250000E+01  0.3949394732E+00 
 2008  0798    8  0.3175250000E+01  0.3055105358E+00 
 2008  0804    8  0.3184375000E+01  0.3820981345E+00 
 2008  0810    8  0.3043125000E+01  0.3783617441E+00 
 2008  0816    8  0.3448250000E+01  0.5152168839E+00 
 2008  0822    8  0.3427000000E+01  0.5230712189E+00 
 2008  0828    8  0.3198500000E+01  0.4394945961E+00 
 2008  0834    8  0.3191875000E+01  0.4386990533E+00 
 2008  0840    8  0.3191875000E+01  0.4343358256E+00 
 2008  0846    8  0.3155750000E+01  0.3749775827E+00 
 2008  0852    8  0.3384750000E+01  0.4620705439E+00 
 2008  0858    8  0.4322250000E+01  0.4406009391E+00 
 2008  0864    8  0.4905500000E+01  0.4910272396E+00 
 2008  0870    8  0.4863375000E+01  0.4341969419E+00 
 2008  0876    8  0.4374750000E+01  0.5070603391E+00 
 2008  0882    8  0.4043000000E+01  0.6032613447E+00 
 2008  0888    8  0.4139250000E+01  0.5604158612E+00 
 2008  0894    8  0.3872500000E+01  0.5323556142E+00 
 2008  0900    8  0.3288250000E+01  0.3669004463E+00 
 2008  0906    8  0.3363250000E+01  0.3606368499E+00 
 2008  0912    8  0.3224000000E+01  0.3879974227E+00 
 2008  0918    8  0.3421750000E+01  0.3966543678E+00 
 2008  0924    8  0.3635875000E+01  0.6314161539E+00 
 2008  0930    8  0.4444125000E+01  0.4287736692E+00 
 2008  0936    8  0.5166875000E+01  0.5247500447E+00 
 2008  0942    8  0.5288250000E+01  0.4940996231E+00 
 2008  0948    8  0.5041750000E+01  0.6091875224E+00 
 2008  0954    8  0.4556375000E+01  0.6664463477E+00 
 2008  0960    8  0.4234250000E+01  0.6014669047E+00 
 2008  0966    8  0.3927500000E+01  0.5182294376E+00 
 2008  0972    8  0.3389875000E+01  0.3560057715E+00 
 2008  0978    8  0.3332625000E+01  0.2845100778E+00 
 2008  0984    8  0.3375000000E+01  0.2136445646E+00 
 2008  0990    8  0.3717000000E+01  0.3974455938E+00 
 2008  0996    8  0.3899625000E+01  0.4782572366E+00 
 2008  1002    8  0.4685875000E+01  0.6692795450E+00 
 2008  1008    8  0.5705875000E+01  0.8736332808E+00 
 2008  1014    8  0.6454125000E+01  0.1018986805E+01 
 2008  1020    8  0.6571250000E+01  0.9925756583E+00 
 2008  1026    8  0.6285125000E+01  0.9999855546E+00 
 2008  1032    8  0.6302500000E+01  0.9114130513E+00 
 2008  1038    8  0.6219875000E+01  0.7993286930E+00 
 2008  1044    8  0.5380125000E+01  0.6702006113E+00 
 2008  1050    8  0.4947625000E+01  0.5824701575E+00 
 2008  1056    8  0.4694500000E+01  0.5845025663E+00 
 2008  1062    8  0.4261375000E+01  0.4969549621E+00 
 2008  1068    8  0.3608625000E+01  0.4069499163E+00 
 2008  1074    8  0.3672750000E+01  0.4700228053E+00 
 2008  1080    8  0.4279000000E+01  0.4941022161E+00 
 2008  1086    8  0.4695250000E+01  0.4638695264E+00 
 2008  1092    8  0.4183750000E+01  0.5085102629E+00 
 2008  1098    8  0.3978750000E+01  0.6034570718E+00 
 2008  1104    8  0.4171500000E+01  0.5995763087E+00 
 2008  1110    8  0.4419875000E+01  0.5521318768E+00 
 2008  1116    8  0.4053250000E+01  0.5701290972E+00 
 2008  1122    8  0.4345875000E+01  0.5124408350E+00 
 2008  1128    8  0.5268250000E+01  0.5598760465E+00 
 2008  1134    8  0.5917000000E+01  0.7215417521E+00 
 2008  1140    8  0.5908000000E+01  0.6566726734E+00 
 2008  1146    8  0.6077000000E+01  0.7784189104E+00 
 2008  1152    8  0.6526000000E+01  0.8435995792E+00 
 2008  1158    8  0.6809250000E+01  0.6474292915E+00 
 2008  1164    8  0.6262625000E+01  0.5528996151E+00 
 2008  1170    8  0.6270125000E+01  0.5279072924E+00 
 2008  1176    8  0.5814250000E+01  0.4705740510E+00 
 2008  1182    8  0.5455750000E+01  0.5190664095E+00 
 2008  1188    8  0.4552375000E+01  0.6351731924E+00 
 2008  1194    8  0.4343375000E+01  0.6154425110E+00 
 2008  1200    8  0.4162500000E+01  0.5754124608E+00 
 2008  1206    8  0.4102000000E+01  0.5348798931E+00 
 2008  1212    8  0.3301500000E+01  0.4306233853E+00 
 2008  1218    8  0.2606875000E+01  0.3496660684E+00 
 2008  1224    8  0.2072750000E+01  0.3244848802E+00 
 2008  1230    8  0.1495837500E+01  0.3712471345E+00 
 2008  1236    8  0.5440025000E+00  0.4854420697E+00 
 2008  1242    8  0.7842375000E-01  0.4278782110E+00 
 2008  1248    8  -0.5892125000E+00  0.4623076125E+00 
 2008  1254    8  -0.1102075000E+01  0.4725731894E+00 
 2008  1260    8  0.1517500000E-01  0.6934038303E+00 
 2008  1266    8  0.2016000000E+01  0.3669662791E+00 
 2008  1272    8  0.3005125000E+01  0.3364763875E+00 
 2008  1278    8  0.4304875000E+01  0.5561558769E+00 
 2008  1284    8  0.5195625000E+01  0.8935027892E+00 
 2008  1290    8  0.5654625000E+01  0.1273055275E+01 
 2008  1296    8  0.6313000000E+01  0.1339349282E+01 
 2008  1302    8  0.6239125000E+01  0.1108017536E+01 
 2008  1308    8  0.5386375000E+01  0.7266340099E+00 
 2008  1314    8  0.4549500000E+01  0.4585196288E+00 
 2008  1320    8  0.3979375000E+01  0.3868410324E+00 
 2008  1326    8  0.3406250000E+01  0.3391042428E+00 
 2008  1332    8  0.3092375000E+01  0.3785055936E+00 
 2008  1338    8  0.3064875000E+01  0.2763057353E+00 
 2008  1344    8  0.3873875000E+01  0.5114052790E+00 
 2008  1350    8  0.4727875000E+01  0.4591106723E+00 
 2008  1356    8  0.5381875000E+01  0.7268024899E+00 
 2008  1362    8  0.5459250000E+01  0.7696904816E+00 
 2008  1368    8  0.5191000000E+01  0.9008736038E+00 
 2008  1374    8  0.5441125000E+01  0.9522558004E+00 
 2008  1380    8  0.4802625000E+01  0.7876360101E+00 
 2008  1386    8  0.4282625000E+01  0.5888070434E+00 
 2008  1392    8  0.3154375000E+01  0.3133268810E+00 
 2008  1398    8  0.1964625000E+01  0.3339576835E+00 
 2008  1404    8  0.5958750000E+00  0.4229228527E+00 
 2008  1410    8  -0.2842937500E+00  0.3943241199E+00 
 2008  1416    8  -0.8107125000E+00  0.4039580190E+00 
 2008  1422    8  -0.3329125000E+00  0.4498210913E+00 
 2008  1428    8  0.4071175000E+00  0.3867694515E+00 
 2008  1434    8  0.9918875000E+00  0.2115897767E+00 
 2008  1440    8  0.1244625000E+01  0.4077789528E+00 
 2008  1446    8  0.6954675000E+00  0.5755076063E+00 
 2008  1452    8  -0.5031750000E+00  0.4135710875E+00 
 2008  1458    8  -0.3631000000E+00  0.3564818298E+00 
 2008  1464    8  -0.2018412500E+00  0.6386160747E+00 
 2008  1470    8  -0.1494500000E+00  0.7219649663E+00 
 2008  1476    8  0.3345625000E+00  0.6909651727E+00 
 2008  1482    8  0.1644875000E+01  0.3424048910E+00 
 2008  1488    8  0.2191875000E+01  0.4387312496E+00 
 2008  1494    8  0.2837750000E+01  0.5951925634E+00 
 2008  1500    8  0.2880875000E+01  0.6813520451E+00 
 2008  1506    8  0.2820250000E+01  0.5371500605E+00 
 2008  1512    8  0.3191250000E+01  0.5139381651E+00 
 2008  1518    8  0.3113875000E+01  0.4424495557E+00 
 2008  1524    8  0.2596000000E+01  0.3647036468E+00 
 2008  1530    8  0.2566000000E+01  0.3469582107E+00 
 2008  1536    8  0.2740500000E+01  0.4179688984E+00 
 2008  1542    8  0.2722000000E+01  0.3597009174E+00 
 2008  1548    8  0.1824250000E+01  0.3477232197E+00 
 2008  1554    8  0.1394000000E+01  0.3638612373E+00 
 2008  1560    8  0.1973500000E+01  0.2578182499E+00 
 2008  1566    8  0.2523250000E+01  0.3601887526E+00 
 2008  1572    8  0.3223875000E+01  0.4888520833E+00 
 2008  1578    8  0.4057625000E+01  0.5552965283E+00 
 2008  1584    8  0.5072375000E+01  0.7339517930E+00 
 2008  1590    8  0.5288375000E+01  0.7055786522E+00 
 2008  1596    8  0.4708375000E+01  0.6504083213E+00 
 2008  1602    8  0.4392500000E+01  0.5999410388E+00 
 2008  1608    8  0.4063250000E+01  0.5611195840E+00 
 2008  1614    8  0.3269625000E+01  0.4673331086E+00 
 2008  1620    8  0.2570625000E+01  0.3590104238E+00 
 2008  1626    8  0.2350250000E+01  0.4124277967E+00 
 2008  1632    8  0.2301625000E+01  0.4331494943E+00 
 2008  1638    8  0.2255750000E+01  0.4301150282E+00 
 2008  1644    8  0.1430612500E+01  0.4145560590E+00 
 2008  1650    8  0.1261112500E+01  0.3758999782E+00 
 2008  1656    8  0.1075862500E+01  0.4270476084E+00 
 2008  1662    8  0.5447875000E+00  0.4287445843E+00 
 2008  1668    8  -0.4065912500E+00  0.4026612758E+00 
 2008  1674    8  -0.6484875000E+00  0.4184093463E+00 
 2008  1680    8  -0.2961237500E+00  0.4786313268E+00 
 2008  1686    8  -0.5066575000E+00  0.4624024401E+00 
 2008  1692    8  -0.9114875000E+00  0.3883005615E+00 
 2008  1698    8  -0.8130250000E+00  0.2785022161E+00 
 2008  1704    8  -0.2741487500E+00  0.1507684240E+00 
 2008  1710    8  -0.4534825000E+00  0.2190033565E+00 
 2008  1716    8  -0.8594875000E+00  0.2149759431E+00 
 2008  1722    8  -0.5086550000E+00  0.3331914452E+00 
 2008  1728    8  0.4220500000E-01  0.1924679467E+00 
 2008  1734    8  0.9052750000E+00  0.5587729162E+00 
 2008  1740    8  0.1515387500E+01  0.4443921704E+00 
 2008  1746    8  0.2271375000E+01  0.3235656570E+00 
 2008  1752    8  0.2893125000E+01  0.4008264704E+00 
 2008  1758    8  0.2649000000E+01  0.4971091429E+00 
 2008  1764    8  0.1410950000E+01  0.6056075297E+00 
 2008  1770    8  0.4511162500E+00  0.5461306057E+00 
 2008  1776    8  0.1639500000E-01  0.5319409598E+00 
 2008  1782    8  0.1538000000E+00  0.3313004648E+00 
 2008  1788    8  0.3632885000E+00  0.3122802410E+00 
 2008  1794    8  0.9937250000E+00  0.4011659032E+00 
 2008  1800    8  0.2007875000E+01  0.3089407053E+00 
 2008  1806    8  0.2318000000E+01  0.2724087003E+00 
 2008  1812    8  0.1734875000E+01  0.3083177896E+00 
 2008  1818    8  0.1093912500E+01  0.3193192972E+00 
 2008  1824    8  0.7487125000E+00  0.3500333928E+00 
 2008  1830    8  0.1534212500E+00  0.4302421317E+00 
 2008  1836    8  -0.6619468750E+00  0.3867487359E+00 
 2008  1842    8  -0.1181812500E+01  0.3882457805E+00 
 2008  1848    8  -0.1546575000E+01  0.3010837332E+00 
 2008  1854    8  -0.1796250000E+01  0.2266278613E+00 
 2008  1860    8  -0.1773000000E+01  0.2204603139E+00 
 2008  1866    8  -0.1095012500E+00  0.2848293402E+00 
 2008  1872    8  0.1523400000E+01  0.6053619723E+00 
 2008  1878    8  0.2785000000E+01  0.4594382439E+00 
 2008  1884    8  0.2684000000E+01  0.4391830484E+00 
 2008  1890    8  0.2341125000E+01  0.5256437571E+00 
 2008  1896    8  0.1941750000E+01  0.3154543350E+00 
 2008  1902    8  0.1770250000E+01  0.3432567370E+00 
 2008  1908    8  0.8344625000E+00  0.4007865359E+00 
 2008  1914    8  0.6388250000E-01  0.3981107511E+00 
 2008  1920    8  0.2647375000E-01  0.3789874765E+00 
 2008  1926    8  -0.2029200000E+00  0.3022178804E+00 
 2008  1932    8  -0.2760375000E+00  0.1791240250E+00 
 2008  1938    8  -0.2262332500E+00  0.1906727765E+00 
 2008  1944    8  -0.4061375000E+00  0.1955780339E+00 
 2008  1950    8  -0.7361125000E+00  0.1764872335E+00 
 2008  1956    8  -0.1218050000E+01  0.2708377836E+00 
 2008  1962    8  -0.1340450000E+01  0.2666072345E+00 
 2008  1968    8  -0.9266650000E+00  0.4452176716E+00 
 2008  1974    8  -0.9748750000E-01  0.6426861529E+00 
 2008  1980    8  0.3454783750E+00  0.3615097661E+00 
 2008  1986    8  0.2129025000E+00  0.2625210740E+00 
 2008  1992    8  -0.2360000000E-01  0.4397938295E+00 
 2008  1998    8  -0.4628125000E+00  0.3345360273E+00 
 2008  2004    8  -0.7397250000E+00  0.4301682194E+00 
 2008  2010    8  -0.3493000000E+00  0.5086065645E+00 
 2008  2016    8  0.6678875000E+00  0.1645051324E+00 
 2008  2022    8  0.7596000000E+00  0.2869792066E+00 
 2008  2028    8  0.1095187500E+00  0.2972129812E+00 
 2008  2034    8  -0.3212412500E+00  0.1972896864E+00 
 2008  2040    8  -0.9790250000E+00  0.4124352032E+00 
 2008  2046    8  -0.2092750000E+01  0.4267618628E+00 
 2008  2052    8  -0.3170250000E+01  0.2365907595E+00 
 2008  2058    8  -0.2889500000E+01  0.2144766887E+00 
 2008  2064    8  -0.1906375000E+01  0.2790528344E+00 
 2008  2070    8  -0.1610212500E+01  0.3582157047E+00 
 2008  2076    8  -0.1007075000E+01  0.2980775602E+00 
 2008  2082    8  -0.6684250000E+00  0.1655002625E+00 
 2008  2088    8  -0.1584187500E+00  0.4035576351E+00 
 2008  2094    8  -0.2683875000E+00  0.5894421525E+00 
 2008  2100    8  -0.1021225000E+01  0.5643723012E+00 
 2008  2106    8  -0.2857362500E+00  0.6384862986E+00 
 2008  2112    8  0.6583265000E+00  0.5477281852E+00 
 2008  2118    8  0.9399500000E+00  0.3819014271E+00 
 2008  2124    8  0.1178037500E+01  0.3997929587E+00 
 2008  2130    8  0.1471875000E+01  0.1877301504E+00 
 2008  2136    8  0.1509875000E+01  0.1765116409E+00 
 2008  2142    8  0.1811750000E+01  0.2249003946E+00 
 2008  2148    8  0.1474637500E+01  0.2088939799E+00 
 2008  2154    8  0.1647500000E+01  0.1898644253E+00 
 2008  2160    8  0.2327750000E+01  0.2738228214E+00 
 2008  2166    8  0.2544125000E+01  0.3577189670E+00 
 2008  2172    8  0.2590000000E+01  0.3331238508E+00 
 2008  2178    8  0.2257000000E+01  0.5297699973E+00 
 2008  2184    8  0.2214125000E+01  0.5219950760E+00 
 2008  2190    8  0.1450387500E+01  0.3509551269E+00 
 2008  2196    8  0.8550000000E+00  0.3293314098E+00 
 2008  2202    8  0.1495100000E+00  0.4210871106E+00 
 2008  2208    8  -0.8857500000E-01  0.3441278859E+00 
 2008  2214    8  0.1298875000E+00  0.2816773040E+00 
 2008  2220    8  0.2074375000E+00  0.3156355214E+00 
 2008  2226    8  0.6899750000E+00  0.7217779697E-01 
 2008  2232    8  0.1123675000E+01  0.2378392143E+00 
 2008  2238    8  0.9789125000E+00  0.1977902262E+00 
 2008  2244    8  0.3790250000E+00  0.1771735643E+00 
 2008  2250    8  -0.1000000000E-02  0.2061324089E+00 
 2008  2256    8  0.2102091250E+00  0.2409901394E+00 
 2008  2262    8  0.3208925000E+00  0.1915621554E+00 
 2008  2268    8  -0.6693250000E-02  0.9987931795E-01 
 2008  2274    8  -0.1789250000E+00  0.2195787601E+00 
 2008  2280    8  0.2198662500E+00  0.1814854717E+00 
 2008  2286    8  0.1990412500E+00  0.2267231669E+00 
 2008  2292    8  -0.3752687500E+00  0.2933390689E+00 
 2008  2298    8  -0.6123875000E+00  0.3969416659E+00 
 2008  2304    8  -0.7388250000E+00  0.3929948211E+00 
 2008  2310    8  -0.1165087500E+01  0.3836354957E+00 
 2008  2316    8  -0.2021625000E+01  0.4313953922E+00 
 2008  2322    8  -0.2215875000E+01  0.2459590604E+00 
 2008  2328    8  -0.1569875000E+01  0.1920549645E+00 
 2008  2334    8  -0.1819375000E+01  0.2530676478E+00 
 2008  2340    8  -0.1971000000E+01  0.3025706529E+00 
 2008  2346    8  -0.2543125000E+01  0.5449354176E+00 
 2008  2352    8  -0.2400500000E+01  0.6857067522E+00 
 2008  2358    8  -0.3298375000E+01  0.6755270049E+00 
 2008  2364    8  -0.4066125000E+01  0.6355217222E+00 
 2008  2370    8  -0.4421750000E+01  0.6558006080E+00 
 2008  2376    8  -0.4956000000E+01  0.7971547842E+00 
 2008  2382    8  -0.4298125000E+01  0.9494878142E+00 
 2008  2388    8  -0.2128937500E+01  0.7474419057E+00 
 2008  2394    8  -0.5495250000E+00  0.4494582204E+00 
 2008  2400    8  0.1128987500E+00  0.4957934295E+00 
 2008  2406    8  0.7408000000E-01  0.1771443796E+00 
 2008  2412    8  -0.3824000000E+00  0.2815294700E+00 
 2008  2418    8  -0.2949837500E+00  0.2726193658E+00 
 2008  2424    8  -0.6286500000E+00  0.1249240069E+00 
 2008  2430    8  -0.2558300000E+00  0.3588052818E+00 
 2008  2436    8  -0.1124712500E+00  0.3986355921E+00 
 2008  2442    8  0.4751600000E+00  0.4405066398E+00 
 2008  2448    8  0.1116350000E+01  0.4915769879E+00 
 2008  2454    8  0.1456125000E+01  0.2563510472E+00 
 2008  2460    8  0.1513512500E+01  0.3513636842E+00 
 2008  2466    8  0.1354125000E+01  0.1778056787E+00 
 2008  2472    8  0.1189400000E+01  0.1408730634E+00 
 2008  2478    8  0.1009050000E+01  0.9015152522E-01 
 2008  2484    8  0.6471750000E+00  0.1919602482E+00 
 2008  2490    8  0.4704250000E+00  0.2148844384E+00 
 2008  2496    8  0.6140250000E+00  0.7550315805E-01 
 2008  2502    8  0.5466250000E+00  0.1449523521E+00 
 2008  2508    8  0.2561550000E+00  0.7265076170E-01 
 2008  2514    8  -0.1967175000E+00  0.1655266423E+00 
 2008  2520    8  -0.3954500000E+00  0.9566017980E-01 
 2008  2526    8  -0.7629125000E+00  0.1481979541E+00 
 2008  2532    8  -0.7917500000E+00  0.1363563713E+00 
 2008  2538    8  -0.7326125000E+00  0.1520962642E+00 
 2008  2544    8  -0.5625500000E+00  0.1008754058E+00 
 2008  2550    8  -0.5520875000E+00  0.6306390484E-01 
 2008  2556    8  -0.5532125000E+00  0.7625428574E-01 
 2008  2562    8  -0.6067375000E+00  0.1395051069E+00 
 2008  2568    8  -0.1304275000E+00  0.1216235815E+00 
 2008  2574    8  0.2284825000E+00  0.1070417612E+00 
 2008  2580    8  0.3366625000E+00  0.1230719397E+00 
 2008  2586    8  0.2523962500E+00  0.1969153783E+00 
 2008  2592    8  0.4736000000E+00  0.2036250292E+00 
 2008  2598    8  0.3210575000E+00  0.3591373709E+00 
 2008  2604    8  -0.2376162500E+00  0.3609140489E+00 
 2008  2610    8  -0.4604625000E+00  0.5173610198E+00 
 2008  2616    8  -0.4391350000E+00  0.4494252269E+00 
 2008  2622    8  -0.1018867500E+01  0.5090226575E+00 
 2008  2628    8  -0.1127475000E+01  0.5108118214E+00 
 2008  2634    8  -0.1815212500E+01  0.6850822513E+00 
 2008  2640    8  -0.2419375000E+01  0.6386704818E+00 
 2008  2646    8  -0.2938125000E+01  0.6371144790E+00 
 2008  2652    8  -0.2896375000E+01  0.4582460959E+00 
 2008  2658    8  -0.2670500000E+01  0.3744455902E+00 
 2008  2664    8  -0.2565875000E+01  0.4560086177E+00 
 2008  2670    8  -0.2308125000E+01  0.5719937582E+00 
 2008  2676    8  -0.1779225000E+01  0.4253642020E+00 
 2008  2682    8  -0.9884250000E+00  0.3924486869E+00 
 2008  2688    8  -0.5392962500E+00  0.3716766395E+00 
 2008  2694    8  -0.4637250000E+00  0.2209638644E+00 
 2008  2700    8  -0.1755375000E-01  0.1538840430E+00 
 2008  2706    8  0.7460375000E+00  0.1205348802E+00 
 2008  2712    8  0.1723500000E+01  0.3511726783E+00 
 2008  2718    8  0.2166375000E+01  0.3692522639E+00 
 2008  2724    8  0.2059500000E+01  0.2774481934E+00 
 2008  2730    8  0.1767500000E+01  0.4140111713E+00 
 2008  2736    8  0.1610287500E+01  0.5721221492E+00 
 2008  2742    8  0.8760912500E+00  0.6533240374E+00 
 2008  2748    8  -0.2273875000E+00  0.5535357970E+00 
 2008  2754    8  -0.1125736250E+01  0.6554259979E+00 
 2008  2760    8  -0.2117875000E+01  0.9035288370E+00 
 2008  2766    8  -0.3563375000E+01  0.6083325442E+00 
 2008  2772    8  -0.3168000000E+01  0.2848152910E+00 
 2008  2778    8  -0.1819675000E+01  0.5279425531E+00 
 2008  2784    8  -0.5222428750E+00  0.4068577764E+00 
 2008  2790    8  0.4820750000E+00  0.1237707937E+00 
 2008  2796    8  -0.9688000000E-01  0.2978511857E+00 
 2008  2802    8  -0.1408887500E+01  0.5625701010E+00 
 2008  2808    8  -0.2239125000E+01  0.5854114872E+00 
 2008  2814    8  -0.1376337500E+01  0.2900424061E+00 
 2008  2820    8  -0.2955012500E+00  0.3772336133E+00 
 2008  2826    8  0.3442375000E+00  0.3243133012E+00 
 2008  2832    8  0.6722625000E+00  0.1864552221E+00 
 2008  2838    8  0.7219875000E+00  0.2361933077E+00 
 2008  2844    8  -0.1226050000E+00  0.4011366702E+00 
 2008  2850    8  -0.9420000000E+00  0.4429345747E+00 
 2008  2856    8  -0.8737500000E+00  0.4295074068E+00 
 2008  2862    8  -0.9304250000E+00  0.5161626942E+00 
 2008  2868    8  -0.1390287500E+01  0.5224667009E+00 
 2008  2874    8  -0.2100500000E+01  0.4140223424E+00 
 2008  2880    8  -0.2526750000E+01  0.4719212726E+00 
 2008  2886    8  -0.2986625000E+01  0.5278174252E+00 
 2008  2892    8  -0.3615250000E+01  0.6218761432E+00 
 2008  2898    8  -0.3721875000E+01  0.5450886252E+00 
 2008  2904    8  -0.3344125000E+01  0.5275685826E+00 
 2008  2910    8  -0.3002250000E+01  0.5198701160E+00 
 2008  2916    8  -0.3143375000E+01  0.5713906145E+00 
 2008  2922    8  -0.3296000000E+01  0.6052216536E+00 
 2008  2928    8  -0.2951500000E+01  0.4346895444E+00 
 2008  2934    8  -0.3004875000E+01  0.5281870969E+00 
 2008  2940    8  -0.3401625000E+01  0.5672816623E+00 
 2008  2946    8  -0.3613000000E+01  0.4526809031E+00 
 2008  2952    8  -0.3474625000E+01  0.4653364206E+00 
 2008  2958    8  -0.3770875000E+01  0.4097500572E+00 
 2008  2964    8  -0.4315250000E+01  0.3052682222E+00 
 2008  2970    8  -0.4299750000E+01  0.2789936155E+00 
 2008  2976    8  -0.4150500000E+01  0.8133975043E+00 
 2008  2982    8  -0.2399375000E+01  0.6334175040E+00 
 2008  2988    8  -0.1856250000E+01  0.3322648605E+00 
 2008  2994    8  -0.1823000000E+01  0.3683232276E+00 
 2008  3000    8  -0.1248112500E+01  0.2913659959E+00 
 2008  3006    8  -0.9240125000E+00  0.3317264741E+00 
 2008  3012    8  -0.1674375000E+01  0.5085262868E+00 
 2008  3018    8  -0.2209125000E+01  0.6541063441E+00 
 2008  3024    8  -0.2288000000E+01  0.5710969708E+00 
 2008  3030    8  -0.2967875000E+01  0.6235834823E+00 
 2008  3036    8  -0.3575875000E+01  0.6190251282E+00 
 2008  3042    8  -0.4166500000E+01  0.5491843953E+00 
 2008  3048    8  -0.3642625000E+01  0.4736087355E+00 
 2008  3054    8  -0.3412750000E+01  0.3750175829E+00 
 2008  3060    8  -0.3916250000E+01  0.2022119865E+00 
 2008  3066    8  -0.3816000000E+01  0.3083403152E+00 
 2008  3072    8  -0.3617625000E+01  0.4321457906E+00 
 2008  3078    8  -0.2721250000E+01  0.4722067212E+00 
 2008  3084    8  -0.2245875000E+01  0.5426772608E+00 
 2008  3090    8  -0.1719500000E+01  0.3603425454E+00 
 2008  3096    8  -0.1575750000E+01  0.3635312057E+00 
 2008  3102    8  -0.1601375000E+01  0.3679748420E+00 
 2008  3108    8  -0.1480625000E+01  0.1432174374E+00 
 2008  3114    8  -0.1445887500E+01  0.2908882321E+00 
 2008  3120    8  -0.1167387500E+01  0.3184324004E+00 
 2008  3126    8  -0.5850500000E+00  0.5062458617E+00 
 2008  3132    8  -0.6609250000E+00  0.4728511361E+00 
 2008  3138    8  -0.1113637500E+01  0.3736754940E+00 
 2008  3144    8  -0.1544837500E+01  0.3424076297E+00 
 2008  3150    8  -0.2244750000E+01  0.3114212380E+00 
 2008  3156    8  -0.2390500000E+01  0.2709875458E+00 
 2008  3162    8  -0.1927500000E+01  0.3962167967E+00 
 2008  3168    8  -0.1610500000E+01  0.3639440204E+00 
 2008  3174    8  -0.9644500000E+00  0.3793757702E+00 
 2008  3180    8  -0.5963625000E+00  0.5149052266E+00 
 2008  3186    8  -0.3242912500E+00  0.3552077837E+00 
 2008  3192    8  0.1277250000E+00  0.4605140979E+00 
 2008  3198    8  0.6234937500E+00  0.3818992132E+00 
 2008  3204    8  0.5949750000E+00  0.1529093911E+00 
 2008  3210    8  0.4127000000E+00  0.8629479996E-01 
 2008  3216    8  0.3757000000E+00  0.1371702136E+00 
 2008  3222    8  0.8134375000E-01  0.2668950489E+00 
 2008  3228    8  -0.1054325000E+01  0.5391321562E+00 
 2008  3234    8  -0.1517837500E+01  0.5735343101E+00 
 2008  3240    8  -0.1494862500E+01  0.3784507000E+00 
 2008  3246    8  -0.1409212500E+01  0.2172017290E+00 
 2008  3252    8  -0.1773500000E+01  0.2210395892E+00 
 2008  3258    8  -0.2264375000E+01  0.2531096292E+00 
 2008  3264    8  -0.2722125000E+01  0.3466880577E+00 
 2008  3270    8  -0.2589125000E+01  0.3809768489E+00 
 2008  3276    8  -0.3384500000E+01  0.2876143251E+00 
 2008  3282    8  -0.3474500000E+01  0.3477765087E+00 
 2008  3288    8  -0.3269500000E+01  0.2246274694E+00 
 2008  3294    8  -0.3307000000E+01  0.3006389030E+00 
 2008  3300    8  -0.3758625000E+01  0.3172825781E+00 
 2008  3306    8  -0.4097750000E+01  0.3701779133E+00 
 2008  3312    8  -0.3818875000E+01  0.2661641587E+00 
 2008  3318    8  -0.3736250000E+01  0.3871639672E+00 
 2008  3324    8  -0.3157000000E+01  0.3574304128E+00 
 2008  3330    8  -0.2317750000E+01  0.4127331917E+00 
 2008  3336    8  -0.1675250000E+01  0.2666194620E+00 
 2008  3342    8  -0.1487462500E+01  0.2788372686E+00 
 2008  3348    8  -0.1899750000E+01  0.2676708567E+00 
 2008  3354    8  -0.2095625000E+01  0.2562191140E+00 
 2008  3360    8  -0.2103500000E+01  0.2911318430E+00 
 2008  3366    8  -0.2581375000E+01  0.5000489820E+00 
 2008  3372    8  -0.3597375000E+01  0.6185497024E+00 
 2008  3378    8  -0.4039000000E+01  0.6279930334E+00 
 2008  3384    8  -0.3724250000E+01  0.4206113854E+00 
 2008  3390    8  -0.3453000000E+01  0.3651225822E+00 
 2008  3396    8  -0.3493500000E+01  0.3141540227E+00 
 2008  3402    8  -0.3550875000E+01  0.3397754543E+00 
 2008  3408    8  -0.3485625000E+01  0.2531244444E+00 
 2008  3414    8  -0.3291875000E+01  0.3066017113E+00 
 2008  3420    8  -0.3431875000E+01  0.3124953750E+00 
 2008  3426    8  -0.3368750000E+01  0.2795414772E+00 
 2008  3432    8  -0.3351750000E+01  0.3892909420E+00 
 2008  3438    8  -0.3286000000E+01  0.2974243601E+00 
 2008  3444    8  -0.3451250000E+01  0.4381366083E+00 
 2008  3450    8  -0.3418250000E+01  0.4002745152E+00 
 2008  3456    8  -0.3493625000E+01  0.3187024229E+00 
 2008  3462    8  -0.3596750000E+01  0.3361278589E+00 
 2008  3468    8  -0.3626000000E+01  0.3574416036E+00 
 2008  3474    8  -0.3480250000E+01  0.3561434929E+00 
 2008  3480    8  -0.3039625000E+01  0.2757648171E+00 
 2008  3486    8  -0.2715500000E+01  0.3087013120E+00 
 2008  3492    8  -0.2751500000E+01  0.2227369525E+00 
 2008  3498    8  -0.2977500000E+01  0.3078307165E+00 
 2008  3504    8  -0.3029125000E+01  0.2527040945E+00 
 2008  3510    8  -0.3087375000E+01  0.3851518978E+00 
 2008  3516    8  -0.3485125000E+01  0.3556513171E+00 
 2008  3522    8  -0.4348500000E+01  0.4899788261E+00 
 2008  3528    8  -0.4733000000E+01  0.4606080221E+00 
 2008  3534    8  -0.5139875000E+01  0.5209530779E+00 
 2008  3540    8  -0.5566250000E+01  0.4218692777E+00 
 2008  3546    8  -0.5137500000E+01  0.4108661583E+00 
 2008  3552    8  -0.4838000000E+01  0.4045750857E+00 
 2008  3558    8  -0.4220375000E+01  0.5052810944E+00 
 2008  3564    8  -0.3969250000E+01  0.4894915091E+00 
 2008  3570    8  -0.4088000000E+01  0.4312725356E+00 
 2008  3576    8  -0.4055750000E+01  0.4709232289E+00 
 2008  3582    8  -0.4533375000E+01  0.4180059621E+00 
 2008  3588    8  -0.4041250000E+01  0.3126902421E+00 
 2008  3594    8  -0.3188000000E+01  0.5021882117E+00 
 2008  3600    8  -0.2295750000E+01  0.4676432267E+00 
 2008  3606    8  -0.1524125000E+01  0.5536114245E+00 
 2008  3612    8  -0.1815500000E+01  0.4665444781E+00 
 2008  3618    8  -0.2095500000E+01  0.3648842282E+00 
 2008  3624    8  -0.1903500000E+01  0.3304292663E+00 
 2008  3630    8  -0.2218625000E+01  0.4286700181E+00 
 2008  3636    8  -0.3005375000E+01  0.5673973338E+00 
 2008  3642    8  -0.3881375000E+01  0.5819974093E+00 
 2008  3648    8  -0.4469500000E+01  0.6958128340E+00 
 2008  3654    8  -0.5043000000E+01  0.4898754944E+00 
 2008  3660    8  -0.5210500000E+01  0.3828260049E+00 
 2008  3666    8  -0.4381125000E+01  0.3972214236E+00 
 2008  3672    8  -0.3340750000E+01  0.4374527832E+00 
 2008  3678    8  -0.2589000000E+01  0.3914901020E+00 
 2008  3684    8  -0.2697000000E+01  0.2673761395E+00 
 2008  3690    8  -0.2826750000E+01  0.2399660132E+00 
 2008  3696    8  -0.2614500000E+01  0.2241684634E+00 
 2008  3702    8  -0.2960875000E+01  0.3402831312E+00 
 2008  3708    8  -0.3208125000E+01  0.2836037894E+00 
 2008  3714    8  -0.3232625000E+01  0.3680230759E+00 
 2008  3720    8  -0.3018375000E+01  0.4897287355E+00 
 2008  3726    8  -0.2949125000E+01  0.6668799437E+00 
 2008  3732    8  -0.2371125000E+01  0.4827153503E+00 
 2008  3738    8  -0.2559250000E+01  0.3979873585E+00 
 2008  3744    8  -0.2090750000E+01  0.3794659899E+00 
 2008  3750    8  -0.1903125000E+01  0.3236311317E+00 
 2008  3756    8  -0.2020750000E+01  0.2494883514E+00 
 2008  3762    8  -0.2369750000E+01  0.2749107810E+00 
 2008  3768    8  -0.2044125000E+01  0.3880120609E+00 
 2008  3774    8  -0.2041000000E+01  0.2601951191E+00 
 2008  3780    8  -0.2626000000E+01  0.3823921417E+00 
 2008  3786    8  -0.2367500000E+01  0.4040587829E+00 
 2008  3792    8  -0.2174750000E+01  0.2811106321E+00 
 2008  3798    8  -0.2327250000E+01  0.2665327138E+00 
 2008  3804    8  -0.2946750000E+01  0.4573540068E+00 
 2008  3810    8  -0.3298250000E+01  0.4355226027E+00 
 2008  3816    8  -0.3211000000E+01  0.4472138750E+00 
 2008  3822    8  -0.3121000000E+01  0.4459985987E+00 
 2008  3828    8  -0.3326625000E+01  0.3722347839E+00 
 2008  3834    8  -0.3290125000E+01  0.3480411030E+00 
 2008  3840    8  -0.2839375000E+01  0.2386058138E+00 
 2008  3846    8  -0.2762375000E+01  0.2425509933E+00 
 2008  3852    8  -0.3116125000E+01  0.3633247299E+00 
 2008  3858    8  -0.3349875000E+01  0.3690560383E+00 
 2008  3864    8  -0.2981625000E+01  0.2971968781E+00 
 2008  3870    8  -0.3053500000E+01  0.2513279730E+00 
 2008  3876    8  -0.2901875000E+01  0.3071361414E+00 
 2008  3882    8  -0.2716250000E+01  0.2071899792E+00 
 2008  3888    8  -0.2585625000E+01  0.2237034519E+00 
 2008  3894    8  -0.2570125000E+01  0.2327672859E+00 
 2008  3900    8  -0.2538500000E+01  0.2829443408E+00 
 2008  3906    8  -0.2885000000E+01  0.3935076238E+00 
 2008  3912    8  -0.2703375000E+01  0.3465796941E+00 
 2008  3918    8  -0.2809750000E+01  0.4091808127E+00 
 2008  3924    8  -0.3225375000E+01  0.4880427588E+00 
 2008  3930    8  -0.3222750000E+01  0.4746674494E+00 
 2008  3936    8  -0.3109500000E+01  0.3493247057E+00 
 2008  3942    8  -0.3074375000E+01  0.3167988074E+00 
 2008  3948    8  -0.3399750000E+01  0.4135144345E+00 
 2008  3954    8  -0.3313625000E+01  0.3372528493E+00 
 2008  3960    8  -0.3160250000E+01  0.3291446301E+00 
 2008  3966    8  -0.3026375000E+01  0.4069514521E+00 
 2008  3972    8  -0.3101125000E+01  0.4094314465E+00 
 2008  3978    8  -0.2463750000E+01  0.2946038654E+00 
 2008  3984    8  -0.1965625000E+01  0.3637897530E+00 
 2008  3990    8  -0.1767600000E+01  0.5493801234E+00 
 2008  3996    8  -0.1758125000E+01  0.5206004796E+00 
 2008  4002    8  -0.2060250000E+01  0.4644980490E+00 
 2008  4008    8  -0.2141500000E+01  0.4548051781E+00 
 2008  4014    8  -0.2145750000E+01  0.4203521589E+00 
 2008  4020    8  -0.2148000000E+01  0.4276230817E+00 
 2008  4026    8  -0.2103125000E+01  0.4059899745E+00 
 2008  4032    8  -0.2034875000E+01  0.2350002327E+00 
 2008  4038    8  -0.2180875000E+01  0.3263757181E+00 
 2008  4044    8  -0.2385125000E+01  0.2940422748E+00 
 2008  4050    8  -0.2933000000E+01  0.3072645440E+00 
 2008  4056    8  -0.3315250000E+01  0.4378183842E+00 
 2008  4062    8  -0.3036875000E+01  0.5909019457E+00 
 2008  4068    8  -0.2890500000E+01  0.6130112152E+00 
 2008  4074    8  -0.2803125000E+01  0.6887964934E+00 
 2008  4080    8  -0.2625875000E+01  0.3972447097E+00 
 2008  4086    8  -0.2938000000E+01  0.3880386579E+00 
 2008  4092    8  -0.3266000000E+01  0.3314079812E+00 
 2008  4098    8  -0.3482875000E+01  0.3541494873E+00 
 2008  4104    8  -0.3651500000E+01  0.3804080046E+00 
 2008  4110    8  -0.4275875000E+01  0.4661272459E+00 
 2008  4116    8  -0.4795500000E+01  0.5171392462E+00 
 2008  4122    8  -0.5344500000E+01  0.4346081568E+00 
 2008  4128    8  -0.5566125000E+01  0.4285791752E+00 
 2008  4134    8  -0.5229250000E+01  0.4336302428E+00 
 2008  4140    8  -0.5150750000E+01  0.5165456780E+00 
 2008  4146    8  -0.4821000000E+01  0.5530741361E+00 
 2008  4152    8  -0.4702500000E+01  0.4312342751E+00 
 2008  4158    8  -0.4623875000E+01  0.4777367051E+00 
 2008  4164    8  -0.4843500000E+01  0.5142876141E+00 
 2008  4170    8  -0.4853750000E+01  0.5142637334E+00 
 2008  4176    8  -0.4965625000E+01  0.4800270663E+00 
 2008  4182    8  -0.5291875000E+01  0.5875956172E+00 
 2008  4188    8  -0.5234500000E+01  0.6412955637E+00 
 2008  4194    8  -0.5058875000E+01  0.6987697113E+00 
 2008  4200    8  -0.4617125000E+01  0.5530837273E+00 
 2008  4206    8  -0.3981375000E+01  0.6513123171E+00 
 2008  4212    8  -0.3616375000E+01  0.5593480440E+00 
 2008  4218    8  -0.3335000000E+01  0.4771771160E+00 
 2008  4224    8  -0.3093000000E+01  0.3789495349E+00 
 2008  4230    8  -0.3083875000E+01  0.4165889573E+00 
 2008  4236    8  -0.3616000000E+01  0.5026989656E+00 
 2008  4242    8  -0.3500875000E+01  0.4917729246E+00 
 2008  4248    8  -0.3267125000E+01  0.4896351799E+00 
 2008  4254    8  -0.3247375000E+01  0.4166884140E+00 
 2008  4260    8  -0.3699625000E+01  0.5126111922E+00 
 2008  4266    8  -0.3579500000E+01  0.4145346789E+00 
 2008  4272    8  -0.3230250000E+01  0.4340172088E+00 
 2008  4278    8  -0.3460500000E+01  0.3333721644E+00 
 2008  4284    8  -0.3638500000E+01  0.4714130355E+00 
 2008  4290    8  -0.3723750000E+01  0.4566871878E+00 
 2008  4296    8  -0.3316875000E+01  0.3288489157E+00 
 2008  4302    8  -0.3682125000E+01  0.4208899611E+00 
 2008  4308    8  -0.3784875000E+01  0.5180454704E+00 
 2008  4314    8  -0.3680750000E+01  0.4182606095E+00 
 2008  4320    8  -0.3567250000E+01  0.4328064666E+00 
 2008  4326    8  -0.3548875000E+01  0.3614026278E+00 
 2008  4332    8  -0.3610750000E+01  0.4494306815E+00 
 2008  4338    8  -0.3886625000E+01  0.4774981512E+00 
 2008  4344    8  -0.3677750000E+01  0.4259925909E+00 
 2008  4350    8  -0.3788000000E+01  0.4812203238E+00 
 2008  4356    8  -0.3960000000E+01  0.5284966887E+00 
 2008  4362    8  -0.3924750000E+01  0.5693792124E+00 
 2008  4368    8  -0.4171125000E+01  0.5099579486E+00 
 2008  4374    8  -0.4256875000E+01  0.5615824600E+00 
 2008  4380    8  -0.4509625000E+01  0.5516497842E+00 
 2008  4386    8  -0.4550000000E+01  0.5526481702E+00 
 2008  4392    8  -0.4486000000E+01  0.5032258439E+00 
 2008  4398    8  -0.4635500000E+01  0.5332478317E+00 
 2008  4404    8  -0.4567750000E+01  0.5620804547E+00 
 2008  4410    8  -0.4349000000E+01  0.5646704791E+00 
 2008  4416    8  -0.4107250000E+01  0.5318079423E+00 
 2008  4422    8  -0.4185250000E+01  0.5443139604E+00 
 2008  4428    8  -0.4357250000E+01  0.5862255858E+00 
 2008  4434    8  -0.4231375000E+01  0.5285695171E+00 
 2008  4440    8  -0.4077875000E+01  0.5232385779E+00 
 2008  4446    8  -0.4463625000E+01  0.5549671021E+00 
 2008  4452    8  -0.4548250000E+01  0.6047953683E+00 
 2008  4458    8  -0.5017250000E+01  0.6575887298E+00 
 2008  4464    8  -0.5487750000E+01  0.6477985316E+00 
 2008  4470    8  -0.6116000000E+01  0.8116011952E+00 
 2008  4476    8  -0.5834250000E+01  0.6664438742E+00 
 2008  4482    8  -0.5006125000E+01  0.6629105214E+00 
 2008  4488    8  -0.4650500000E+01  0.5639213154E+00 
 2008  4494    8  -0.4323875000E+01  0.5764610649E+00 
 2008  4500    8  -0.3878750000E+01  0.5720504239E+00 
 2008  4506    8  -0.3298250000E+01  0.4024371845E+00 
 2008  4512    8  -0.3006875000E+01  0.3290742460E+00 
 2008  4518    8  -0.2665875000E+01  0.2962804573E+00 
 2008  4524    8  -0.2473875000E+01  0.2473380468E+00 
 2008  4530    8  -0.2426500000E+01  0.2500949820E+00 
 2008  4536    8  -0.2472125000E+01  0.3035883057E+00 
 2008  4542    8  -0.2632250000E+01  0.2518817927E+00 
 2008  4548    8  -0.2420875000E+01  0.2830514253E+00 
 2008  4554    8  -0.2562875000E+01  0.2707648599E+00 
 2008  4560    8  -0.2785125000E+01  0.2403666145E+00 
 2008  4566    8  -0.2833625000E+01  0.2804937332E+00 
 2008  4572    8  -0.3083000000E+01  0.2636849446E+00 
 2008  4578    8  -0.3423000000E+01  0.2610761383E+00 
 2008  4584    8  -0.3855125000E+01  0.2723483236E+00 
 2008  4590    8  -0.4194375000E+01  0.3482129153E+00 
 2008  4596    8  -0.4464875000E+01  0.3888429752E+00 
 2008  4602    8  -0.4536125000E+01  0.3733491789E+00 
 2008  4608    8  -0.4566000000E+01  0.4476871117E+00 
 2008  4614    8  -0.4641250000E+01  0.3967271575E+00 
 2008  4620    8  -0.4822875000E+01  0.4722828701E+00 
 2008  4626    8  -0.4765750000E+01  0.4722739539E+00 
 2008  4632    8  -0.4525750000E+01  0.4752012074E+00 
 2008  4638    8  -0.4259875000E+01  0.5168112415E+00 
 2008  4644    8  -0.4157625000E+01  0.5616419984E+00 
 2008  4650    8  -0.3836375000E+01  0.5399124784E+00 
 2008  4656    8  -0.3750750000E+01  0.4455030163E+00 
 2008  4662    8  -0.3411875000E+01  0.4467044430E+00 
 2008  4668    8  -0.3524125000E+01  0.3694043982E+00 
 2008  4674    8  -0.3391500000E+01  0.3814882043E+00 
 2008  4680    8  -0.3387375000E+01  0.3451546528E+00 
 2008  4686    8  -0.3348875000E+01  0.3580410024E+00 
 2008  4692    8  -0.3567375000E+01  0.3566836615E+00 
 2008  4698    8  -0.3941375000E+01  0.4207204944E+00 
 2008  4704    8  -0.4402125000E+01  0.4401330587E+00 
 2008  4710    8  -0.4468500000E+01  0.4458390965E+00 
 2008  4716    8  -0.4399750000E+01  0.4043024085E+00 
 2008  4722    8  -0.4340500000E+01  0.5259555590E+00 
 2008  4728    8  -0.4135750000E+01  0.5454534238E+00 
 2008  4734    8  -0.4088500000E+01  0.4925291870E+00 
 2008  4740    8  -0.4280125000E+01  0.5068832305E+00 
 2008  4746    8  -0.4357125000E+01  0.5195309032E+00 
 2008  4752    8  -0.4205750000E+01  0.3768158536E+00 
 2008  4758    8  -0.4260625000E+01  0.4477557754E+00 
 2008  4764    8  -0.4319750000E+01  0.3553908939E+00 
 2008  4770    8  -0.4325125000E+01  0.3773246074E+00 
 2008  4776    8  -0.4833250000E+01  0.4501135273E+00 
 2008  4782    8  -0.4825375000E+01  0.5569876429E+00 
 2008  4788    8  -0.4735250000E+01  0.5210428845E+00 
 2008  4794    8  -0.4527875000E+01  0.5882379275E+00 
 2008  4800    8  -0.4548500000E+01  0.5880735498E+00 
 2008  4806    8  -0.4599375000E+01  0.6706045663E+00 
 2008  4812    8  -0.4510625000E+01  0.5858077623E+00 
 2008  4818    8  -0.4652875000E+01  0.5822854621E+00 
 2008  4824    8  -0.4664000000E+01  0.6371634406E+00 
 2008  4830    8  -0.4457875000E+01  0.6917010621E+00 
 2008  4836    8  -0.4023875000E+01  0.5884244721E+00 
 2008  4842    8  -0.3799625000E+01  0.5693239275E+00 
 2008  4848    8  -0.3839250000E+01  0.4915945357E+00 
 2008  4854    8  -0.3694000000E+01  0.4455687377E+00 
 2008  4860    8  -0.3922875000E+01  0.2766506992E+00 
 2008  4866    8  -0.3973000000E+01  0.3160383679E+00 
 2008  4872    8  -0.4130875000E+01  0.2961563934E+00 
 2008  4878    8  -0.4051500000E+01  0.3878047189E+00 
 2008  4884    8  -0.4145750000E+01  0.4446213979E+00 
 2008  4890    8  -0.4340625000E+01  0.4563364815E+00 
 2008  4896    8  -0.4959625000E+01  0.4703907784E+00 
 2008  4902    8  -0.5360750000E+01  0.5518726642E+00 
 2008  4908    8  -0.5301750000E+01  0.4922788209E+00 
 2008  4914    8  -0.5137250000E+01  0.4970062248E+00 
 2008  4920    8  -0.5153625000E+01  0.6086113163E+00 
 2008  4926    8  -0.4567250000E+01  0.6703112617E+00 
 2008  4932    8  -0.4229500000E+01  0.6325660045E+00 
 2008  4938    8  -0.3942250000E+01  0.5368840075E+00 
 2008  4944    8  -0.3612375000E+01  0.5252775308E+00 
 2008  4950    8  -0.3251750000E+01  0.4321526785E+00 
 2008  4956    8  -0.3314625000E+01  0.4622712779E+00 
 2008  4962    8  -0.3565375000E+01  0.4153480280E+00 
 2008  4968    8  -0.3571750000E+01  0.3947251417E+00 
 2008  4974    8  -0.3362250000E+01  0.4265301132E+00 
 2008  4980    8  -0.3440125000E+01  0.4398179844E+00 
 2008  4986    8  -0.3393125000E+01  0.4898054301E+00 
 2008  4992    8  -0.3407375000E+01  0.4371953046E+00 
 2008  4998    8  -0.3097875000E+01  0.4681624818E+00 
 2008  5004    8  -0.3031125000E+01  0.4526103284E+00 
 2008  5010    8  -0.2971750000E+01  0.3833457154E+00 
 2008  5016    8  -0.2879375000E+01  0.3714276301E+00 
 2008  5022    8  -0.2757625000E+01  0.3605686264E+00 
 2008  5028    8  -0.3088000000E+01  0.4016357180E+00 
 2008  5034    8  -0.3389375000E+01  0.3822786737E+00 
 2008  5040    8  -0.3417250000E+01  0.3855025130E+00 
 2008  5046    8  -0.3535250000E+01  0.4283908116E+00 
 2008  5052    8  -0.3807500000E+01  0.4288927605E+00 
 2008  5058    8  -0.3750250000E+01  0.5362060588E+00 
 2008  5064    8  -0.4255125000E+01  0.5586970193E+00 
 2008  5070    8  -0.4790375000E+01  0.8261078830E+00 
 2008  5076    8  -0.5133000000E+01  0.8076793918E+00 
 2008  5082    8  -0.5453125000E+01  0.8017994508E+00 
 2008  5088    8  -0.5465750000E+01  0.4663107199E+00 
 2008  5094    8  -0.5688625000E+01  0.4664528212E+00 
 2008  5100    8  -0.5336625000E+01  0.4686208322E+00 
 2008  5106    8  -0.4897500000E+01  0.4746140537E+00 
 2008  5112    8  -0.4890125000E+01  0.4958448441E+00 
 2008  5118    8  -0.4759125000E+01  0.4577041723E+00 
 2008  5124    8  -0.4548625000E+01  0.5574100684E+00 
 2008  5130    8  -0.4146000000E+01  0.4765047219E+00 
 2008  5136    8  -0.3929000000E+01  0.3892084917E+00 
 2008  5142    8  -0.3791125000E+01  0.4847789284E+00 
 2008  5148    8  -0.3534500000E+01  0.3577369844E+00 
 2008  5154    8  -0.3182000000E+01  0.2659656933E+00 
 2008  5160    8  -0.2844125000E+01  0.2456600484E+00 
 2008  5166    8  -0.2460625000E+01  0.2080035682E+00 
 2008  5172    8  -0.2435875000E+01  0.2384949882E+00 
 2008  5178    8  -0.2444250000E+01  0.2022150773E+00 
 2008  5184    8  -0.2326000000E+01  0.2481284949E+00 
 2008  5190    8  -0.2369125000E+01  0.2953410899E+00 
 2008  5196    8  -0.2555250000E+01  0.2954609746E+00 
 2008  5202    8  -0.2557750000E+01  0.3374299001E+00 
 2008  5208    8  -0.2395375000E+01  0.3500742555E+00 
 2008  5214    8  -0.2127125000E+01  0.3422727120E+00 
 2008  5220    8  -0.2239750000E+01  0.2795370056E+00 
 2008  5226    8  -0.2485000000E+01  0.3172896941E+00 
 2008  5232    8  -0.2514000000E+01  0.2598648687E+00 
 2008  5238    8  -0.2392125000E+01  0.3209538275E+00 
 2008  5244    8  -0.2252875000E+01  0.2915533560E+00 
 2008  5250    8  -0.2371125000E+01  0.3186681022E+00 
 2008  5256    8  -0.2235750000E+01  0.2915303372E+00 
 2008  5262    8  -0.2259625000E+01  0.3164166310E+00 
 2008  5268    8  -0.2423875000E+01  0.3518690941E+00 
 2008  5274    8  -0.2826500000E+01  0.3459841037E+00 
 2008  5280    8  -0.2538125000E+01  0.4061774358E+00 
 2008  5286    8  -0.2571750000E+01  0.3834151634E+00 
 2008  5292    8  -0.2836500000E+01  0.4215699823E+00 
 2008  5298    8  -0.3384375000E+01  0.4652308399E+00 
 2008  5304    8  -0.3340375000E+01  0.3831455133E+00 
 2008  5310    8  -0.3375500000E+01  0.4008069984E+00 
 2008  5316    8  -0.3575000000E+01  0.4103565523E+00 
 2008  5322    8  -0.3844750000E+01  0.4311078026E+00 
 2008  5328    8  -0.3610125000E+01  0.4441766083E+00 
 2008  5334    8  -0.3906125000E+01  0.4491788167E+00 
 2008  5340    8  -0.4198750000E+01  0.5306730985E+00 
 2008  5346    8  -0.4259625000E+01  0.4678872561E+00 
 2008  5352    8  -0.4039250000E+01  0.4649633722E+00 
 2008  5358    8  -0.3973125000E+01  0.4378214355E+00 
 2008  5364    8  -0.3839625000E+01  0.4725200889E+00 
 2008  5370    8  -0.3621000000E+01  0.4662448391E+00 
 2008  5376    8  -0.3581125000E+01  0.4131529491E+00 
 2008  5382    8  -0.3516875000E+01  0.3965253578E+00 
 2008  5388    8  -0.3471625000E+01  0.3572421929E+00 
 2008  5394    8  -0.3330750000E+01  0.3136179005E+00 
 2008  5400    8  -0.3334125000E+01  0.3317519546E+00 
 2008  5406    8  -0.3406750000E+01  0.3472120210E+00 
 2008  5412    8  -0.3502000000E+01  0.3753281897E+00 
 2008  5418    8  -0.3659625000E+01  0.3419027411E+00 
 2008  5424    8  -0.3903375000E+01  0.3578774013E+00 
 2008  5430    8  -0.4100000000E+01  0.3901723978E+00 
 2008  5436    8  -0.4256500000E+01  0.4169376452E+00 
 2008  5442    8  -0.4288000000E+01  0.5051838774E+00 
 2008  5448    8  -0.4389125000E+01  0.5094522641E+00 
 2008  5454    8  -0.4506500000E+01  0.6413004366E+00 
 2008  5460    8  -0.4263250000E+01  0.5746826842E+00 
 2008  5466    8  -0.4069500000E+01  0.5095036801E+00 
 2008  5472    8  -0.3897250000E+01  0.5462311210E+00 
 2008  5478    8  -0.3638000000E+01  0.5912884237E+00 
 2008  5484    8  -0.3893375000E+01  0.5939075975E+00 
 2008  5490    8  -0.3802250000E+01  0.5142955741E+00 
 2008  5496    8  -0.4532125000E+01  0.5988583801E+00 
 2008  5502    8  -0.5184625000E+01  0.7387705898E+00 
 2008  5508    8  -0.5043000000E+01  0.8214913268E+00 
 2008  5514    8  -0.4458500000E+01  0.8758801288E+00 
 2008  5520    8  -0.3762875000E+01  0.7709913160E+00 
 2008  5526    8  -0.3167875000E+01  0.7361517231E+00 
 2008  5532    8  -0.3377875000E+01  0.9385618570E+00 
 2008  5538    8  -0.3241375000E+01  0.6724628126E+00 
 2008  5544    8  -0.2794750000E+01  0.3146985661E+00 
 2008  5550    8  -0.2372875000E+01  0.2458080743E+00 
 2008  5556    8  -0.2524750000E+01  0.1945724479E+00 
 2008  5562    8  -0.2577250000E+01  0.1872890480E+00 
 2008  5568    8  -0.2789250000E+01  0.3249691331E+00 
 2008  5574    8  -0.2817125000E+01  0.3918894734E+00 
 2008  5580    8  -0.3262500000E+01  0.4449075747E+00 
 2008  5586    8  -0.3477750000E+01  0.4846487775E+00 
 2008  5592    8  -0.3893250000E+01  0.4701033796E+00 
 2008  5598    8  -0.4709625000E+01  0.5509119570E+00 
 2008  5604    8  -0.5343625000E+01  0.6554885463E+00 
 2008  5610    8  -0.5719000000E+01  0.7944066968E+00 
 2008  5616    8  -0.5400000000E+01  0.7902411024E+00 
 2008  5622    8  -0.4964500000E+01  0.8736222010E+00 
 2008  5628    8  -0.4605500000E+01  0.1122505122E+01 
 2008  5634    8  -0.4451250000E+01  0.1231695858E+01 
 2008  5640    8  -0.3957625000E+01  0.8271346531E+00 
 2008  5646    8  -0.3394625000E+01  0.4788363336E+00 
 2008  5652    8  -0.3025750000E+01  0.3487168443E+00 
 2008  5658    8  -0.2802000000E+01  0.2811263061E+00 
 2008  5664    8  -0.2527375000E+01  0.3670868213E+00 
 2008  5670    8  -0.2445250000E+01  0.4842478059E+00 
 2008  5676    8  -0.2511625000E+01  0.5482173240E+00 
 2008  5682    8  -0.2933375000E+01  0.6483037362E+00 
 2008  5688    8  -0.2728875000E+01  0.5413015420E+00 
 2008  5694    8  -0.2765125000E+01  0.5037711379E+00 
 2008  5700    8  -0.2855250000E+01  0.4443834915E+00 
 2008  5706    8  -0.2554000000E+01  0.4059436537E+00 
 2008  5712    8  -0.2495625000E+01  0.3595921083E+00 
 2008  5718    8  -0.2506500000E+01  0.4694592634E+00 
 2008  5724    8  -0.2407000000E+01  0.3983399930E+00 
 2008  5730    8  -0.2622000000E+01  0.4776960331E+00 
 2008  5736    8  -0.2404875000E+01  0.4189443392E+00 
 2008  5742    8  -0.2251875000E+01  0.4267459541E+00 
 2008  5748    8  -0.2373625000E+01  0.3412755256E+00 
 2008  5754    8  -0.2201250000E+01  0.3406228670E+00 
 2008  5760    8  -0.2200125000E+01  0.2903366311E+00 
 2008  5766    8  -0.2104250000E+01  0.3329507283E+00 
 2008  5772    8  -0.2286625000E+01  0.3216643971E+00 
 2008  5778    8  -0.2170000000E+01  0.3060763794E+00 
 2008  5784    8  -0.2362000000E+01  0.3367376575E+00 
 2008  5790    8  -0.2348125000E+01  0.4254087556E+00 
 2008  5796    8  -0.2309000000E+01  0.3610969399E+00 
 2008  5802    8  -0.2200375000E+01  0.3587059860E+00 
 2008  5808    8  -0.2411875000E+01  0.3676620179E+00 
 2008  5814    8  -0.2759375000E+01  0.5326961933E+00 
 2008  5820    8  -0.3094250000E+01  0.5814947872E+00 
 2008  5826    8  -0.3404125000E+01  0.7000425768E+00 
 2008  5832    8  -0.3548625000E+01  0.7037542074E+00 
 2008  5838    8  -0.3155375000E+01  0.6596902564E+00 
 2008  5844    8  -0.2804375000E+01  0.5269824327E+00 
 2008  5850    8  -0.2333250000E+01  0.4257598355E+00 
 2008  5856    8  -0.2392250000E+01  0.6292812865E+00 
 2008  5862    8  -0.2183225000E+01  0.6938977982E+00 
 2008  5868    8  -0.2260000000E+01  0.6797451728E+00 
 2008  5874    8  -0.2094875000E+01  0.5088556862E+00 
 2008  5880    8  -0.1775750000E+01  0.2942999108E+00 
 2008  5886    8  -0.1781875000E+01  0.3160567344E+00 
 2008  5892    8  -0.1737500000E+01  0.2046979482E+00 
 2008  5898    8  -0.1775750000E+01  0.2914647277E+00 
 2008  5904    8  -0.1656375000E+01  0.2429649859E+00 
 2008  5910    8  -0.1905375000E+01  0.4096705803E+00 
 2008  5916    8  -0.1960625000E+01  0.4681823730E+00 
 2008  5922    8  -0.2357125000E+01  0.4988911298E+00 
 2008  5928    8  -0.2324125000E+01  0.4968265385E+00 
 2008  5934    8  -0.2682125000E+01  0.5275963034E+00 
 2008  5940    8  -0.2741500000E+01  0.4542061757E+00 
 2008  5946    8  -0.2893625000E+01  0.4629108817E+00 
 2008  5952    8  -0.2535125000E+01  0.3675810922E+00 
 2008  5958    8  -0.2443125000E+01  0.3670185409E+00 
 2008  5964    8  -0.2128375000E+01  0.4057572974E+00 
 2008  5970    8  -0.1647700000E+01  0.3336312785E+00 
 2008  5976    8  -0.9557375000E+00  0.2495824410E+00 
 2008  5982    8  -0.5187062500E+00  0.2250916736E+00 
 2008  5988    8  -0.6181687500E+00  0.2336061789E+00 
 2008  5994    8  -0.3343125000E+00  0.2396620404E+00 
 2008  6000    8  0.5310625000E-01  0.2186973448E+00 
 2008  6006    8  0.1156325000E-01  0.2705764258E+00 
 2008  6012    8  -0.3886875000E+00  0.2408045340E+00 
 2008  6018    8  -0.3800500000E+00  0.2674065257E+00 
 2008  6024    8  -0.2610412500E+00  0.2085882952E+00 
 2008  6030    8  -0.4166250000E-01  0.2567403862E+00 
 2008  6036    8  -0.3328087500E+00  0.2526645470E+00 
 2008  6042    8  -0.5503412500E+00  0.2342595412E+00 
 2008  6048    8  -0.5933862500E+00  0.2779220724E+00 
 2008  6054    8  -0.9618750000E+00  0.2723065311E+00 
 2008  6060    8  -0.1374350000E+01  0.3437134817E+00 
 2008  6066    8  -0.1638225000E+01  0.4346620577E+00 
 2008  6072    8  -0.1545112500E+01  0.3532870131E+00 
 2008  6078    8  -0.1506262500E+01  0.4526089177E+00 
 2008  6084    8  -0.1059416250E+01  0.5753306518E+00 
 2008  6090    8  -0.7810912500E+00  0.3699587217E+00 
 2008  6096    8  -0.9815125000E+00  0.3043231401E+00 
 2008  6102    8  -0.1156125000E+01  0.2955208442E+00 
 2008  6108    8  -0.1452000000E+01  0.1999537447E+00 
 2008  6114    8  -0.1576375000E+01  0.2492799318E+00 
 2008  6120    8  -0.1792750000E+01  0.1905720008E+00 
 2008  6126    8  -0.1818875000E+01  0.3216882954E+00 
 2008  6132    8  -0.1945625000E+01  0.2396982152E+00 
 2008  6138    8  -0.1925875000E+01  0.3668962515E+00 
 2008  6144    8  -0.1707000000E+01  0.2430987454E+00 
 2008  6150    8  -0.1265575000E+01  0.3117067763E+00 
 2008  6156    8  -0.1229037500E+01  0.3269756946E+00 
 2008  6162    8  -0.1069337500E+01  0.2632304833E+00 
 2008  6168    8  -0.8819875000E+00  0.2670239195E+00 
 2008  6174    8  -0.7634000000E+00  0.3329803448E+00 
 2008  6180    8  -0.8690625000E+00  0.3214611910E+00 
 2008  6186    8  -0.1334225000E+01  0.2663329765E+00 
 2008  6192    8  -0.1267762500E+01  0.2798533899E+00 
 2008  6198    8  -0.1855375000E+01  0.3291177363E+00 
 2008  6204    8  -0.2184750000E+01  0.3583293701E+00 
 2008  6210    8  -0.2297375000E+01  0.3399981388E+00 
 2008  6216    8  -0.2208500000E+01  0.2809728635E+00 
 2008  6222    8  -0.2149500000E+01  0.3485857140E+00 
 2008  6228    8  -0.2195875000E+01  0.3456922177E+00 
 2008  6234    8  -0.2233250000E+01  0.3154979200E+00 
 2008  6240    8  -0.2033750000E+01  0.2475407795E+00 
 2008  6246    8  -0.1838125000E+01  0.2670250164E+00 
 2008  6252    8  -0.1905875000E+01  0.2624992560E+00 
 2008  6258    8  -0.2125875000E+01  0.3171673208E+00 
 2008  6264    8  -0.2083125000E+01  0.2785648208E+00 
 2008  6270    8  -0.1981250000E+01  0.3261858174E+00 
 2008  6276    8  -0.1942375000E+01  0.3334253805E+00 
 2008  6282    8  -0.2018750000E+01  0.3235269502E+00 
 2008  6288    8  -0.2039500000E+01  0.2674046559E+00 
 2008  6294    8  -0.2153500000E+01  0.3307181580E+00 
 2008  6300    8  -0.2366875000E+01  0.2808115193E+00 
 2008  6306    8  -0.2436625000E+01  0.3887881613E+00 
 2008  6312    8  -0.2568125000E+01  0.4032289788E+00 
 2008  6318    8  -0.2566125000E+01  0.5261032307E+00 
 2008  6324    8  -0.2736500000E+01  0.4578460440E+00 
 2008  6330    8  -0.2720625000E+01  0.4529445158E+00 
 2008  6336    8  -0.2550250000E+01  0.3549583602E+00 
 2008  6342    8  -0.2478500000E+01  0.4005705306E+00 
 2008  6348    8  -0.2900250000E+01  0.3107767486E+00 
 2008  6354    8  -0.3189625000E+01  0.3574817959E+00 
 2008  6360    8  -0.3552875000E+01  0.3869006454E+00 
 2008  6366    8  -0.3570500000E+01  0.4069514713E+00 
 2008  6372    8  -0.3747875000E+01  0.4329880014E+00 
 2008  6378    8  -0.3168500000E+01  0.6636341236E+00 
 2008  6384    8  -0.2601000000E+01  0.6905886981E+00 
 2008  6390    8  -0.1539137500E+01  0.6360913907E+00 
 2008  6396    8  -0.4507900000E+00  0.6492688292E+00 
 2008  6402    8  0.1200062500E+00  0.4345291061E+00 
 2008  6408    8  0.3119737500E+00  0.3839053593E+00 
 2008  6414    8  0.2773375000E+00  0.3234086383E+00 
 2008  6420    8  -0.5794875000E-01  0.2131507639E+00 
 2008  6426    8  -0.4453175000E+00  0.2962371713E+00 
 2008  6432    8  -0.8855125000E+00  0.3138263550E+00 
 2008  6438    8  -0.9184750000E+00  0.3302452829E+00 
 2008  6444    8  -0.6746112500E+00  0.3795350924E+00 
 2008  6450    8  0.1508025000E+00  0.3370775275E+00 
 2008  6456    8  0.1081387500E+01  0.5000881758E+00 
 2008  6462    8  0.2046625000E+01  0.5626910648E+00 
 2008  6468    8  0.2539125000E+01  0.5445427985E+00 
 2008  6474    8  0.2494125000E+01  0.6075297189E+00 
 2008  6480    8  0.2695375000E+01  0.4938215613E+00 
 2008  6486    8  0.2270000000E+01  0.3515551166E+00 
 2008  6492    8  0.1899875000E+01  0.3439271135E+00 
 2008  6498    8  0.1751875000E+01  0.4204772400E+00 
 2008  6504    8  0.1435437500E+01  0.4848008249E+00 
 2008  6510    8  0.1206237500E+01  0.4403679823E+00 
 2008  6516    8  0.1390150000E+01  0.4137112006E+00 
 2008  6522    8  0.1315025000E+01  0.3140826593E+00 
 2008  6528    8  0.1083562500E+01  0.2993041344E+00 
 2008  6534    8  0.8298500000E+00  0.3868388973E+00 
 2008  6540    8  0.2590450000E+00  0.2875799040E+00 
 2008  6546    8  0.2876550000E+00  0.1831028118E+00 
 2008  6552    8  0.1590750000E+00  0.1584911413E+00 
 2008  6558    8  0.1936912500E+00  0.1520130399E+00 
 2008  6564    8  0.4033000000E-01  0.1388156026E+00 
 2008  6570    8  0.2973437500E+00  0.1504822029E+00 
 2008  6576    8  0.2022000000E+00  0.8800339482E-01 
 2008  6582    8  0.5682500000E-01  0.2075452191E+00 
 2008  6588    8  -0.2731625000E+00  0.9939727030E-01 
 2008  6594    8  -0.6719000000E+00  0.2219490876E+00 
 2008  6600    8  -0.7719875000E+00  0.2575721716E+00 
 2008  6606    8  -0.8950250000E+00  0.3913550586E+00 
 2008  6612    8  -0.1216062500E+01  0.3604236984E+00 
 2008  6618    8  -0.1374412500E+01  0.3681790883E+00 
 2008  6624    8  -0.1365350000E+01  0.3061907208E+00 
 2008  6630    8  -0.1290150000E+01  0.2497628675E+00 
 2008  6636    8  -0.1236137500E+01  0.3004468295E+00 
 2008  6642    8  -0.8754125000E+00  0.2467415826E+00 
 2008  6648    8  -0.7794500000E+00  0.2335496521E+00 
 2008  6654    8  -0.9155375000E+00  0.4412953629E+00 
 2008  6660    8  -0.1069687500E+01  0.2260647332E+00 
 2008  6666    8  -0.1337375000E+01  0.2542212853E+00 
 2008  6672    8  -0.1715125000E+01  0.2200723958E+00 
 2008  6678    8  -0.2013875000E+01  0.3352601369E+00 
 2008  6684    8  -0.2012500000E+01  0.4903503849E+00 
 2008  6690    8  -0.1001600000E+01  0.6793922799E+00 
 2008  6696    8  -0.6595750000E+00  0.7054570163E+00 
 2008  6702    8  0.5601250000E-01  0.6795639456E+00 
 2008  6708    8  0.4572087500E+00  0.4291542174E+00 
 2008  6714    8  0.8009250000E+00  0.2711676223E+00 
 2008  6720    8  0.9348500000E+00  0.2404156297E+00 
 2008  6726    8  0.1323875000E+01  0.1384290771E+00 
 2008  6732    8  0.8759375000E+00  0.1953029374E+00 
 2008  6738    8  0.6764250000E+00  0.2131944696E+00 
 2008  6744    8  0.4012625000E+00  0.2322249876E+00 
 2008  6750    8  0.3045762500E+00  0.2633094614E+00 
 2008  6756    8  0.8996375000E-01  0.2392677004E+00 
 2008  6762    8  0.2542762500E+00  0.2901924043E+00 
 2008  6768    8  0.5589500000E+00  0.3607092250E+00 
 2008  6774    8  0.6966500000E+00  0.3842433213E+00 
 2008  6780    8  0.1269445000E+00  0.2373191353E+00 
 2008  6786    8  0.2058963750E+00  0.1130010279E+00 
 2008  6792    8  0.3833762500E+00  0.2502405786E+00 
 2008  6798    8  0.1245962500E+01  0.4417351694E+00 
 2008  6804    8  0.1752500000E+01  0.4050095678E+00 
 2008  6810    8  0.2266750000E+01  0.4049326333E+00 
 2008  6816    8  0.2925000000E+01  0.4785386609E+00 
 2008  6822    8  0.3218375000E+01  0.5173883787E+00 
 2008  6828    8  0.2715250000E+01  0.4585781695E+00 
 2008  6834    8  0.2538125000E+01  0.3059074360E+00 
 2008  6840    8  0.2304000000E+01  0.1833023459E+00 
 2008  6846    8  0.2026625000E+01  0.1707146285E+00 
 2008  6852    8  0.1348875000E+01  0.1626640998E+00 
 2008  6858    8  0.1059662500E+01  0.1594592028E+00 
 2008  6864    8  0.6259250000E+00  0.1843107685E+00 
 2008  6870    8  0.3019250000E+00  0.3105229651E+00 
 2008  6876    8  -0.4734575000E+00  0.3029879670E+00 
 2008  6882    8  -0.4524575000E+00  0.3671004912E+00 
 2008  6888    8  -0.1960625000E+00  0.2882882544E+00 
 2008  6894    8  -0.6859500000E-01  0.2306784874E+00 
 2008  6900    8  -0.2500712500E+00  0.2515663888E+00 
 2008  6906    8  -0.7546375000E-01  0.1793736470E+00 
 2008  6912    8  0.5698375000E+00  0.1526170202E+00 
 2008  6918    8  0.8485500000E+00  0.1679075564E+00 
 2008  6924    8  0.5502875000E+00  0.1955703098E+00 
 2008  6930    8  0.5125125000E+00  0.2420672140E+00 
 2008  6936    8  0.7007375000E+00  0.2188176520E+00 
 2008  6942    8  0.6535750000E+00  0.2708853574E+00 
 2008  6948    8  0.5428575000E+00  0.2591498122E+00 
 2008  6954    8  0.6561375000E+00  0.2550051271E+00 
 2008  6960    8  0.1016762500E+01  0.2822276118E+00 
 2008  6966    8  0.1024337500E+01  0.3126367818E+00 
 2008  6972    8  0.8154625000E+00  0.2461916324E+00 
 2008  6978    8  0.8144250000E+00  0.2865031141E+00 
 2008  6984    8  0.7507000000E+00  0.2434387603E+00 
 2008  6990    8  0.5557125000E+00  0.2042233302E+00 
 2008  6996    8  0.6090500000E-01  0.1874139751E+00 
 2008  7002    8  0.3527812500E+00  0.2279814425E+00 
 2008  7008    8  0.4349375000E+00  0.1980699115E+00 
 2008  7014    8  0.6131125000E+00  0.2687823722E+00 
 2008  7020    8  0.4991250000E+00  0.2228068825E+00 
 2008  7026    8  0.4613937500E+00  0.2193612181E+00 
 2008  7032    8  0.4644625000E+00  0.2148631596E+00 
 2008  7038    8  0.5091750000E+00  0.2988022747E+00 
 2008  7044    8  0.1790875000E-01  0.2515268475E+00 
 2008  7050    8  -0.2586075000E+00  0.2991671345E+00 
 2008  7056    8  -0.7652625000E+00  0.3293359832E+00 
 2008  7062    8  -0.1583712500E+01  0.4887522415E+00 
 2008  7068    8  -0.2369750000E+01  0.4096982884E+00 
 2008  7074    8  -0.2456375000E+01  0.4003082992E+00 
 2008  7080    8  -0.2288125000E+01  0.4522058263E+00 
 2008  7086    8  -0.1776625000E+01  0.3099810226E+00 
 2008  7092    8  -0.2177000000E+01  0.4033503440E+00 
 2008  7098    8  -0.1697387500E+01  0.4936379251E+00 
 2008  7104    8  -0.1647750000E+01  0.5061785135E+00 
 2008  7110    8  -0.3475262500E+00  0.5477712744E+00 
 2008  7116    8  0.4775337500E+00  0.5052600805E+00 
 2008  7122    8  0.1333375000E+01  0.2296061506E+00 
 2008  7128    8  0.2303000000E+01  0.3265153136E+00 
 2008  7134    8  0.2846375000E+01  0.4755212765E+00 
 2008  7140    8  0.2475750000E+01  0.7134750784E+00 
 2008  7146    8  0.2048125000E+01  0.5744472207E+00 
 2008  7152    8  0.1819612500E+01  0.6243559891E+00 
 2008  7158    8  0.1388750000E+01  0.5182481910E+00 
 2008  7164    8  0.4699500000E+00  0.3912784910E+00 
 2008  7170    8  0.5220500000E+00  0.2876821858E+00 
 2008  7176    8  0.7864375000E+00  0.1587597945E+00 
 2008  7182    8  0.1219750000E+01  0.1411902529E+00 
 2008  7188    8  0.1397750000E+01  0.4258238339E+00 
 2008  7194    8  0.1717000000E+01  0.4931452626E+00 
 2008  7200    8  0.2470125000E+01  0.5775273668E+00 
 2008  7206    8  0.3138250000E+01  0.5459486583E+00 
 2008  7212    8  0.2844875000E+01  0.4597815888E+00 
 2008  7218    8  0.2168750000E+01  0.3093605300E+00 
 2008  7224    8  0.1536887500E+01  0.4843609332E+00 
 2008  7230    8  0.1198537500E+01  0.4080893221E+00 
 2008  7236    8  0.7310250000E+00  0.2717231300E+00 
 2008  7242    8  0.4000925000E+00  0.2586219788E+00 
 2008  7248    8  0.3768987500E+00  0.3168012843E+00 
 2008  7254    8  0.5656125000E+00  0.3318850420E+00 
 2008  7260    8  0.7289000000E+00  0.2702140818E+00 
 2008  7266    8  0.1009500000E+01  0.2056313388E+00 
 2008  7272    8  0.1255600000E+01  0.2155396019E+00 
 2008  7278    8  0.1801000000E+01  0.1395035842E+00 
 2008  7284    8  0.1563250000E+01  0.2332325824E+00 
 2008  7290    8  0.1313412500E+01  0.2005007883E+00 
 2008  7296    8  0.1089750000E+01  0.5964006623E-01 
 2008  7302    8  0.1622500000E+01  0.2300885699E+00 
 2008  7308    8  0.1843000000E+01  0.2662109126E+00 
 2008  7314    8  0.2019625000E+01  0.1716507628E+00 
 2008  7320    8  0.1734500000E+01  0.2096997854E+00 
 2008  7326    8  0.1275762500E+01  0.1917453255E+00 
 2008  7332    8  0.3783975000E+00  0.3514707008E+00 
 2008  7338    8  0.3274625000E+00  0.2524634723E+00 
 2008  7344    8  0.1968081250E+00  0.1848713392E+00 
 2008  7350    8  0.2668687500E+00  0.2577802663E+00 
 2008  7356    8  -0.1218225000E+00  0.2414905824E+00 
 2008  7362    8  -0.1858850000E+00  0.2271174213E+00 
 2008  7368    8  0.2572375000E+00  0.1637324032E+00 
 2008  7374    8  0.9710125000E+00  0.1918398254E+00 
 2008  7380    8  0.1518875000E+01  0.2745926244E+00 
 2008  7386    8  0.1594250000E+01  0.2017992505E+00 
 2008  7392    8  0.1765000000E+01  0.3402947252E+00 
 2008  7398    8  0.1498750000E+01  0.3723478716E+00 
 2008  7404    8  0.9553750000E+00  0.2931863944E+00 
 2008  7410    8  0.7941875000E+00  0.3364423741E+00 
 2008  7416    8  0.6678500000E+00  0.2124658325E+00 
 2008  7422    8  0.6510125000E+00  0.2172140502E+00 
 2008  7428    8  0.2946487500E+00  0.1340393473E+00 
 2008  7434    8  0.6302681250E-01  0.3441689792E-01 
 2008  7440    8  -0.1418937500E+00  0.8151563423E-01 
 2008  7446    8  -0.3418625000E+00  0.5637275356E-01 
 2008  7452    8  -0.2656512500E+00  0.1294402918E+00 
 2008  7458    8  -0.4851750000E-01  0.2158874597E+00 
 2008  7464    8  0.2466787500E+00  0.3960244828E+00 
 2008  7470    8  0.8354375000E+00  0.4431315520E+00 
 2008  7476    8  0.1611625000E+01  0.3859611177E+00 
 2008  7482    8  0.2381125000E+01  0.3450621094E+00 
 2008  7488    8  0.2525250000E+01  0.3943829833E+00 
 2008  7494    8  0.3068250000E+01  0.2577594567E+00 
 2008  7500    8  0.2958000000E+01  0.2945589924E+00 
 2008  7506    8  0.3123375000E+01  0.3061657792E+00 
 2008  7512    8  0.3530625000E+01  0.4206096580E+00 
 2008  7518    8  0.4084750000E+01  0.4346198770E+00 
 2008  7524    8  0.3947000000E+01  0.4538612123E+00 
 2008  7530    8  0.4029750000E+01  0.3972344239E+00 
 2008  7536    8  0.3967500000E+01  0.3951743286E+00 
 2008  7542    8  0.4018500000E+01  0.3095617870E+00 
 2008  7548    8  0.3737500000E+01  0.4180376777E+00 
 2008  7554    8  0.3345250000E+01  0.3660245040E+00 
 2008  7560    8  0.3233750000E+01  0.4061892262E+00 
 2008  7566    8  0.2992125000E+01  0.3523848881E+00 
 2008  7572    8  0.2516875000E+01  0.3144556557E+00 
 2008  7578    8  0.2137125000E+01  0.3585928881E+00 
 2008  7584    8  0.2111125000E+01  0.2578107045E+00 
 2008  7590    8  0.1979375000E+01  0.2263492531E+00 
 2008  7596    8  0.1264900000E+01  0.2091566877E+00 
 2008  7602    8  0.9758625000E+00  0.2105966936E+00 
 2008  7608    8  0.1131475000E+01  0.1815192466E+00 
 2008  7614    8  0.1083237500E+01  0.1549985640E+00 
 2008  7620    8  0.1011000000E+01  0.2184212616E+00 
 2008  7626    8  0.1112687500E+01  0.2875972420E+00 
 2008  7632    8  0.1449250000E+01  0.3053386440E+00 
 2008  7638    8  0.1282125000E+01  0.3091928999E+00 
 2008  7644    8  0.1026075000E+01  0.3328955795E+00 
 2008  7650    8  0.9709125000E+00  0.3058264599E+00 
 2008  7656    8  0.8229250000E+00  0.2863914138E+00 
 2008  7662    8  0.7075750000E+00  0.2370627224E+00 
 2008  7668    8  0.6617000000E+00  0.2382329585E+00 
 2008  7674    8  0.9279125000E+00  0.2560618794E+00 
 2008  7680    8  0.1000350000E+01  0.3417201926E+00 
 2008  7686    8  0.1159275000E+01  0.1930390618E+00 
 2008  7692    8  0.7957750000E+00  0.1273134886E+00 
 2008  7698    8  0.9378250000E+00  0.1001568863E+00 
 2008  7704    8  0.1275400000E+01  0.3026317399E+00 
 2008  7710    8  0.1929875000E+01  0.4910179318E+00 
 2008  7716    8  0.2279250000E+01  0.5156332878E+00 
 2008  7722    8  0.3095125000E+01  0.3126837210E+00 
 2008  7728    8  0.3234875000E+01  0.4329423857E+00 
 2008  7734    8  0.3625875000E+01  0.6337405695E+00 
 2008  7740    8  0.3660875000E+01  0.7145431123E+00 
 2008  7746    8  0.4149125000E+01  0.6142305018E+00 
 2008  7752    8  0.4929875000E+01  0.5502370938E+00 
 2008  7758    8  0.5548125000E+01  0.9132965616E+00 
 2008  7764    8  0.5211750000E+01  0.6886451826E+00 
 2008  7770    8  0.4925250000E+01  0.6870225160E+00 
 2008  7776    8  0.4824375000E+01  0.6784003128E+00 
 2008  7782    8  0.4218375000E+01  0.5842439425E+00 
 2008  7788    8  0.3128375000E+01  0.6044365015E+00 
 2008  7794    8  0.2735500000E+01  0.2899443912E+00 
 2008  7800    8  0.3350250000E+01  0.2771609415E+00 
 2008  7806    8  0.4129875000E+01  0.5660544226E+00 
 2008  7812    8  0.4212375000E+01  0.6174607148E+00 
 2008  7818    8  0.3927750000E+01  0.6581610270E+00 
 2008  7824    8  0.3802750000E+01  0.7142817634E+00 
 2008  7830    8  0.3443250000E+01  0.5425036290E+00 
 2008  7836    8  0.2692500000E+01  0.3976100477E+00 
 2008  7842    8  0.2348125000E+01  0.2666019681E+00 
 2008  7848    8  0.2057000000E+01  0.3652204814E+00 
 2008  7854    8  0.2064625000E+01  0.2877576834E+00 
 2008  7860    8  0.2034625000E+01  0.3686098674E+00 
 2008  7866    8  0.1988625000E+01  0.3127858443E+00 
 2008  7872    8  0.1986000000E+01  0.2990438931E+00 
 2008  7878    8  0.2311000000E+01  0.2352530552E+00 
 2008  7884    8  0.2210750000E+01  0.4772624409E+00 
 2008  7890    8  0.2251500000E+01  0.2719549595E+00 
 2008  7896    8  0.2857125000E+01  0.4338497544E+00 
 2008  7902    8  0.3432500000E+01  0.2671469633E+00 
 2008  7908    8  0.3354000000E+01  0.3886958966E+00 
 2008  7914    8  0.3045500000E+01  0.2851582894E+00 
 2008  7920    8  0.2246375000E+01  0.2653162912E+00 
 2008  7926    8  0.1678250000E+01  0.2807479964E+00 
 2008  7932    8  0.1508625000E+01  0.3180263108E+00 
 2008  7938    8  0.2486250000E+01  0.4067526122E+00 
 2008  7944    8  0.2974250000E+01  0.7494262389E+00 
 2008  7950    8  0.3861875000E+01  0.5377265656E+00 
 2008  7956    8  0.4082000000E+01  0.5911380972E+00 
 2008  7962    8  0.4227625000E+01  0.4072953282E+00 
 2008  7968    8  0.3735125000E+01  0.7426884336E+00 
 2008  7974    8  0.2860000000E+01  0.7829613656E+00 
 2008  7980    8  0.1708925000E+01  0.7996588503E+00 
 2008  7986    8  0.1539550000E+01  0.5289638622E+00 
 2008  7992    8  0.2466750000E+01  0.5019648270E+00 
 2008  7998    8  0.3030500000E+01  0.5637421840E+00 
 2008  8004    8  0.3069625000E+01  0.3926333969E+00 
 2008  8010    8  0.3569750000E+01  0.5459294254E+00 
 2008  8016    8  0.3538500000E+01  0.9142987750E+00 
 2008  8022    8  0.3396625000E+01  0.8635105583E+00 
 2008  8028    8  0.2554750000E+01  0.7418348452E+00 
 2008  8034    8  0.1712637500E+01  0.6624952602E+00 
 2008  8040    8  0.8624375000E+00  0.7331545760E+00 
 2008  8046    8  0.2075175000E+00  0.3881989157E+00 
 2008  8052    8  0.2256212500E+00  0.3243787137E+00 
 2008  8058    8  0.8917500000E+00  0.2052133280E+00 
 2008  8064    8  0.1227962500E+01  0.1674373311E+00 
 2008  8070    8  0.1165325000E+01  0.1542555975E+00 
 2008  8076    8  0.5971462500E+00  0.3413618113E+00 
 2008  8082    8  -0.4768700000E-01  0.5077731435E+00 
 2008  8088    8  -0.5511812500E+00  0.5101794746E+00 
 2008  8094    8  -0.1353750000E+01  0.4468214828E+00 
 2008  8100    8  -0.1851375000E+01  0.2087144805E+00 
 2008  8106    8  -0.6883875000E+00  0.4991550271E+00 
 2008  8112    8  0.8549520000E+00  0.7579131161E+00 
 2008  8118    8  0.2652750000E+01  0.7971097399E+00 
 2008  8124    8  0.3613625000E+01  0.7846414687E+00 
 2008  8130    8  0.5450500000E+01  0.8873830909E+00 
 2008  8136    8  0.6826250000E+01  0.1223060889E+01 
 2008  8142    8  0.7341750000E+01  0.1276171790E+01 
 2008  8148    8  0.6754250000E+01  0.1532411967E+01 
 2008  8154    8  0.6371625000E+01  0.1459873791E+01 
 2008  8160    8  0.6546500000E+01  0.1183941299E+01 
 2008  8166    8  0.6457500000E+01  0.1190556068E+01 
 2008  8172    8  0.5392625000E+01  0.9206697206E+00 
 2008  8178    8  0.4369875000E+01  0.5129421111E+00 
 2008  8184    8  0.3410750000E+01  0.5935241676E+00 
 2008  8190    8  0.2538500000E+01  0.2734990859E+00 
 2008  8196    8  0.1933625000E+01  0.3844219484E+00 
 2008  8202    8  0.1841500000E+01  0.4244322679E+00 
 2008  8208    8  0.1515050000E+01  0.3112167532E+00 
 2008  8214    8  0.1614250000E+01  0.3604749471E+00 
 2008  8220    8  0.5819150000E+00  0.4571705908E+00 
 2008  8226    8  -0.2824125000E+00  0.4653969122E+00 
 2008  8232    8  -0.1008862500E+01  0.4296598071E+00 
 2008  8238    8  -0.1029487500E+01  0.3449607965E+00 
 2008  8244    8  -0.8706875000E+00  0.3635250453E+00 
 2008  8250    8  -0.3091556250E+00  0.3823060370E+00 
 2008  8256    8  -0.2087312500E+00  0.3854888529E+00 
 2008  8262    8  -0.2261437500E+00  0.3951862083E+00 
 2008  8268    8  0.2620500000E+00  0.6366377168E+00 
 2008  8274    8  0.1741062500E+01  0.6879929341E+00 
 2008  8280    8  0.2985125000E+01  0.5008561264E+00 
 2008  8286    8  0.2951500000E+01  0.2757947606E+00 
 2008  8292    8  0.2154375000E+01  0.5050873532E+00 
 2008  8298    8  0.1061362500E+01  0.4748780974E+00 
 2008  8304    8  0.8754125000E+00  0.4263961111E+00 
 2008  8310    8  0.5757521250E+00  0.3738890614E+00 
 2008  8316    8  0.7439450000E+00  0.3737744148E+00 
 2008  8322    8  0.1611875000E+01  0.4790422026E+00 
 2008  8328    8  0.2960500000E+01  0.7127276829E+00 
 2008  8334    8  0.3972125000E+01  0.8297054353E+00 
 2008  8340    8  0.4937375000E+01  0.5629813357E+00 
 2008  8346    8  0.5464375000E+01  0.6787819859E+00 
 2008  8352    8  0.5339375000E+01  0.6832680546E+00 
 2008  8358    8  0.4635000000E+01  0.6463882347E+00 
 2008  8364    8  0.3655250000E+01  0.6512702492E+00 
 2008  8370    8  0.3594000000E+01  0.5164893513E+00 
 2008  8376    8  0.3362250000E+01  0.4163147097E+00 
 2008  8382    8  0.3097125000E+01  0.3670835864E+00 
 2008  8388    8  0.2327875000E+01  0.3036512957E+00 
 2008  8394    8  0.2130625000E+01  0.4277595521E+00 
 2008  8400    8  0.1660250000E+01  0.3545517416E+00 
 2008  8406    8  0.1057100000E+01  0.3566127487E+00 
 2008  8412    8  0.1088112500E+00  0.4092908711E+00 
 2008  8418    8  0.3926987500E+00  0.4109777516E+00 
 2008  8424    8  0.7615625000E+00  0.2350178235E+00 
 2008  8430    8  0.1468250000E+01  0.3539653055E+00 
 2008  8436    8  0.2473625000E+01  0.4699736529E+00 
 2008  8442    8  0.3594250000E+01  0.4707870405E+00 
 2008  8448    8  0.4262500000E+01  0.5747662568E+00 
 2008  8454    8  0.4364500000E+01  0.7441029835E+00 
 2008  8460    8  0.3541375000E+01  0.8540279471E+00 
 2008  8466    8  0.2823500000E+01  0.6892205743E+00 
 2008  8472    8  0.1511837500E+01  0.6272494678E+00 
 2008  8478    8  -0.3492125000E+00  0.6136590206E+00 
 2008  8484    8  -0.1073562500E+01  0.2464056003E+00 
 2008  8490    8  -0.2321375000E+00  0.3446299644E+00 
 2008  8496    8  0.7050612500E+00  0.4732080460E+00 
 2008  8502    8  0.1633750000E+01  0.4406766814E+00 
 2008  8508    8  0.1792625000E+01  0.4710387292E+00 
 2008  8514    8  0.1894750000E+01  0.4555301170E+00 
 2008  8520    8  0.2296125000E+01  0.4652597225E+00 
 2008  8526    8  0.4289125000E+01  0.1092085212E+01 
 2008  8532    8  0.7064625000E+01  0.1273683726E+01 
 2008  8538    8  0.8833625000E+01  0.9758441138E+00 
 2008  8544    8  0.9269750000E+01  0.9098184915E+00 
 2008  8550    8  0.8926375000E+01  0.1231084373E+01 
 2008  8556    8  0.7717625000E+01  0.1479072762E+01 
 2008  8562    8  0.6811000000E+01  0.1187152791E+01 
 2008  8568    8  0.6275125000E+01  0.1006789134E+01 
 2008  8574    8  0.5505375000E+01  0.8181061877E+00 
 2008  8580    8  0.4016000000E+01  0.6134400949E+00 
 2008  8586    8  0.2760625000E+01  0.2552733523E+00 
 2008  8592    8  0.1867375000E+01  0.3374155218E+00 
 2008  8598    8  0.1424312500E+01  0.5067292606E+00 
 2008  8604    8  0.1270287500E+01  0.4557296661E+00 
 2008  8610    8  0.2169750000E+01  0.3998548956E+00 
 2008  8616    8  0.3499625000E+01  0.4506869583E+00 
 2008  8622    8  0.5179500000E+01  0.7163548353E+00 
 2008  8628    8  0.5665750000E+01  0.1020216858E+01 
 2008  8634    8  0.5676125000E+01  0.1043548805E+01 
 2008  8640    8  0.5999000000E+01  0.1301398863E+01 
 2008  8646    8  0.5726875000E+01  0.1127619665E+01 
 2008  8652    8  0.4608500000E+01  0.7027519121E+00 
 2008  8658    8  0.3535500000E+01  0.4399877839E+00 
 2008  8664    8  0.2839125000E+01  0.3320159776E+00 
 2008  8670    8  0.2437625000E+01  0.3579189634E+00 
 2008  8676    8  0.2079000000E+01  0.3515956484E+00 
 2008  8682    8  0.2135000000E+01  0.3976069039E+00 
 2008  8688    8  0.2157250000E+01  0.4808642610E+00 
 2008  8694    8  0.2121625000E+01  0.4714930905E+00 
 2008  8700    8  0.2349500000E+01  0.3717751336E+00 
 2008  8706    8  0.2730250000E+01  0.2782663966E+00 
 2008  8712    8  0.3131250000E+01  0.3410640519E+00 
 2008  8718    8  0.3847250000E+01  0.3524179869E+00 
 2008  8724    8  0.3726000000E+01  0.4249335242E+00 
 2008  8730    8  0.4436625000E+01  0.4986338681E+00 
 2008  8736    8  0.4825375000E+01  0.6273641163E+00 
 2008  8742    8  0.4987125000E+01  0.8542766586E+00 
 2008  8748    8  0.4898625000E+01  0.7946090135E+00 
 2008  8754    8  0.5261000000E+01  0.8094998456E+00 
 2008  8760    8  0.5436500000E+01  0.6689099341E+00 
 2008  8766    8  0.5598750000E+01  0.5509191751E+00 
 2008  8772    8  0.5560000000E+01  0.6791273813E+00 
 2008  8778    8  0.5797375000E+01  0.6177210004E+00 
 2008  8784    8  0.6451375000E+01  0.7205792700E+00 
