 2008  0006    14  0.1383642857E+01  0.1626739101E+00 
 2008  0012    14  0.1935928571E+01  0.2240910097E+00 
 2008  0018    14  0.2678500000E+01  0.4299982973E+00 
 2008  0024    14  0.3369500000E+01  0.7367923481E+00 
 2008  0030    14  0.5307214286E+01  0.9181139191E+00 
 2008  0036    14  0.7956928571E+01  0.8927718845E+00 
 2008  0042    14  0.9080642857E+01  0.5256328984E+00 
 2008  0048    14  0.7224285714E+01  0.6047145051E+00 
 2008  0054    14  0.3770500000E+01  0.7917943230E+00 
 2008  0060    14  0.2528214286E+01  0.4808806176E+00 
 2008  0066    14  0.2802928571E+01  0.4420808692E+00 
 2008  0072    14  0.3270571429E+01  0.4539008253E+00 
 2008  0078    14  0.3899928571E+01  0.4924468738E+00 
 2008  0084    14  0.4187428571E+01  0.5420705956E+00 
 2008  0090    14  0.3919785714E+01  0.7294918171E+00 
 2008  0096    14  0.3266214286E+01  0.8564208060E+00 
 2008  0102    14  0.2971857143E+01  0.8811058682E+00 
 2008  0108    14  0.3145142857E+01  0.7811191474E+00 
 2008  0114    14  0.3631428571E+01  0.8503819910E+00 
 2008  0120    14  0.4118000000E+01  0.7043831141E+00 
 2008  0126    14  0.4879642857E+01  0.6238001749E+00 
 2008  0132    14  0.5405142857E+01  0.6411179808E+00 
 2008  0138    14  0.5628642857E+01  0.6313553004E+00 
 2008  0144    14  0.5510357143E+01  0.5328870970E+00 
 2008  0150    14  0.5099500000E+01  0.4267924805E+00 
 2008  0156    14  0.4641000000E+01  0.4083092316E+00 
 2008  0162    14  0.4310214286E+01  0.3691749834E+00 
 2008  0168    14  0.3848428571E+01  0.3430744847E+00 
 2008  0174    14  0.3357714286E+01  0.3900487934E+00 
 2008  0180    14  0.3502285714E+01  0.3326560705E+00 
 2008  0186    14  0.3846285714E+01  0.2645012635E+00 
 2008  0192    14  0.3925428571E+01  0.1407864210E+00 
 2008  0198    14  0.3711928571E+01  0.1258209977E+00 
 2008  0204    14  0.3839785714E+01  0.9147066553E-01 
 2008  0210    14  0.3924142857E+01  0.8565450296E-01 
 2008  0216    14  0.3928500000E+01  0.1450289380E+00 
 2008  0222    14  0.4229357143E+01  0.1786303474E+00 
 2008  0228    14  0.4407785714E+01  0.2281578960E+00 
 2008  0234    14  0.4843000000E+01  0.1976353063E+00 
 2008  0240    14  0.4929785714E+01  0.2361846065E+00 
 2008  0246    14  0.5282428571E+01  0.2499824892E+00 
 2008  0252    14  0.5798285714E+01  0.2732668577E+00 
 2008  0258    14  0.6093285714E+01  0.2751906946E+00 
 2008  0264    14  0.6307642857E+01  0.2897714881E+00 
 2008  0270    14  0.6275000000E+01  0.3433078585E+00 
 2008  0276    14  0.6220714286E+01  0.3779379066E+00 
 2008  0282    14  0.5911142857E+01  0.4395109063E+00 
 2008  0288    14  0.5207214286E+01  0.5158351313E+00 
 2008  0294    14  0.4298357143E+01  0.5767918177E+00 
 2008  0300    14  0.3172785714E+01  0.5855651944E+00 
 2008  0306    14  0.2325142857E+01  0.5748436877E+00 
 2008  0312    14  0.1851285714E+01  0.4929126884E+00 
 2008  0318    14  0.1942857143E+01  0.4493331340E+00 
 2008  0324    14  0.2151214286E+01  0.4776406567E+00 
 2008  0330    14  0.2127000000E+01  0.5184354210E+00 
 2008  0336    14  0.1848485714E+01  0.5941419826E+00 
 2008  0342    14  0.2057857143E+01  0.6637650033E+00 
 2008  0348    14  0.2916428571E+01  0.6481558140E+00 
 2008  0354    14  0.3752857143E+01  0.5930194958E+00 
 2008  0360    14  0.4816071429E+01  0.4728177638E+00 
 2008  0366    14  0.5286428571E+01  0.4356500421E+00 
 2008  0372    14  0.5662214286E+01  0.4013433120E+00 
 2008  0378    14  0.5718785714E+01  0.4638258877E+00 
 2008  0384    14  0.5410714286E+01  0.4177720548E+00 
 2008  0390    14  0.4326928571E+01  0.5139262682E+00 
 2008  0396    14  0.3593142857E+01  0.4604210584E+00 
 2008  0402    14  0.3011285714E+01  0.2549625823E+00 
 2008  0408    14  0.2810071429E+01  0.1768540416E+00 
 2008  0414    14  0.2557785714E+01  0.1576842136E+00 
 2008  0420    14  0.2828142857E+01  0.1339503411E+00 
 2008  0426    14  0.2967214286E+01  0.1461247894E+00 
 2008  0432    14  0.2814142857E+01  0.2272603470E+00 
 2008  0438    14  0.2676428571E+01  0.2362153117E+00 
 2008  0444    14  0.2683142857E+01  0.2354445210E+00 
 2008  0450    14  0.2516857143E+01  0.2360565481E+00 
 2008  0456    14  0.2226357143E+01  0.2674230482E+00 
 2008  0462    14  0.2072857143E+01  0.2748581081E+00 
 2008  0468    14  0.1895785714E+01  0.3506359892E+00 
 2008  0474    14  0.1782642857E+01  0.4281204115E+00 
 2008  0480    14  0.1683714286E+01  0.4705492882E+00 
 2008  0486    14  0.1953357143E+01  0.4747786864E+00 
 2008  0492    14  0.2389857143E+01  0.4693933558E+00 
 2008  0498    14  0.2781928571E+01  0.5390358409E+00 
 2008  0504    14  0.2628285714E+01  0.5512882871E+00 
 2008  0510    14  0.2263214286E+01  0.5506824569E+00 
 2008  0516    14  0.2547642857E+01  0.5681537276E+00 
 2008  0522    14  0.3159571429E+01  0.5079905390E+00 
 2008  0528    14  0.3702857143E+01  0.4586137275E+00 
 2008  0534    14  0.3976214286E+01  0.5639365692E+00 
 2008  0540    14  0.3900000000E+01  0.6293648726E+00 
 2008  0546    14  0.2635578571E+01  0.9292299471E+00 
 2008  0552    14  0.9368978571E+00  0.7576889078E+00 
 2008  0558    14  0.9022571429E-01  0.6198312524E+00 
 2008  0564    14  -0.2541950000E+00  0.4321522822E+00 
 2008  0570    14  -0.4013071429E-01  0.3026456501E+00 
 2008  0576    14  0.7684642857E+00  0.2722070893E+00 
 2008  0582    14  0.1696142857E+01  0.2064803198E+00 
 2008  0588    14  0.2192357143E+01  0.1534761997E+00 
 2008  0594    14  0.1394314286E+01  0.4171412674E+00 
 2008  0600    14  0.1087357143E+00  0.4821025567E+00 
 2008  0606    14  -0.1222028571E+00  0.5017103668E+00 
 2008  0612    14  0.6771985714E+00  0.4849637377E+00 
 2008  0618    14  0.6695135714E+00  0.5527108205E+00 
 2008  0624    14  -0.5961807143E-01  0.5869336186E+00 
 2008  0630    14  -0.5893641429E+00  0.6778975221E+00 
 2008  0636    14  -0.3612928571E+00  0.5601830791E+00 
 2008  0642    14  0.3096907143E+00  0.4478016741E+00 
 2008  0648    14  0.3949326429E+00  0.5028104010E+00 
 2008  0654    14  0.1410614286E+00  0.5022175942E+00 
 2008  0660    14  0.5170685714E+00  0.4713947618E+00 
 2008  0666    14  0.9268285714E+00  0.3857177085E+00 
 2008  0672    14  0.1025978571E+01  0.3327573337E+00 
 2008  0678    14  0.1093921429E+01  0.2787291188E+00 
 2008  0684    14  0.1561285714E+01  0.2640696414E+00 
 2008  0690    14  0.2187285714E+01  0.1916691452E+00 
 2008  0696    14  0.2418928571E+01  0.2071664149E+00 
 2008  0702    14  0.2561928571E+01  0.2015665308E+00 
 2008  0708    14  0.2334642857E+01  0.1843918991E+00 
 2008  0714    14  0.1690278571E+01  0.3105930185E+00 
 2008  0720    14  0.5495292857E+00  0.4755354340E+00 
 2008  0726    14  -0.5734450000E+00  0.5575582394E+00 
 2008  0732    14  -0.1317257143E+01  0.5461097544E+00 
 2008  0738    14  -0.9720428571E+00  0.4399084543E+00 
 2008  0744    14  0.5042614286E+00  0.4190766935E+00 
 2008  0750    14  0.1458200000E+01  0.2993743285E+00 
 2008  0756    14  0.7013571429E+00  0.5449312181E+00 
 2008  0762    14  -0.1686478571E+00  0.5515619458E+00 
 2008  0768    14  -0.2905342857E+00  0.6504782139E+00 
 2008  0774    14  0.7191071429E+00  0.6535999950E+00 
 2008  0780    14  0.2731857143E+01  0.5634391661E+00 
 2008  0786    14  0.4713000000E+01  0.2610692300E+00 
 2008  0792    14  0.5510571429E+01  0.1758858048E+00 
 2008  0798    14  0.5262357143E+01  0.4664955377E+00 
 2008  0804    14  0.4369714286E+01  0.5781915684E+00 
 2008  0810    14  0.2961857143E+01  0.6447479970E+00 
 2008  0816    14  0.1843914286E+01  0.5899263960E+00 
 2008  0822    14  0.3970664286E+00  0.6429977372E+00 
 2008  0828    14  -0.1124658571E+01  0.5855540829E+00 
 2008  0834    14  -0.2019357143E+01  0.5466625503E+00 
 2008  0840    14  -0.2833214286E+01  0.6191352470E+00 
 2008  0846    14  -0.3063571429E+01  0.8413763142E+00 
 2008  0852    14  -0.3079428571E+01  0.6905514064E+00 
 2008  0858    14  -0.2842285714E+01  0.5628793868E+00 
 2008  0864    14  -0.2273214286E+01  0.5329390448E+00 
 2008  0870    14  -0.9516714286E+00  0.5735527046E+00 
 2008  0876    14  0.1044200000E+01  0.6576824722E+00 
 2008  0882    14  0.2790642857E+01  0.6958389189E+00 
 2008  0888    14  0.4625642857E+01  0.6664991273E+00 
 2008  0894    14  0.5911071429E+01  0.5946444873E+00 
 2008  0900    14  0.7255071429E+01  0.3876899469E+00 
 2008  0906    14  0.7671571429E+01  0.4219806553E+00 
 2008  0912    14  0.7725428571E+01  0.4445033688E+00 
 2008  0918    14  0.7731857143E+01  0.5167929756E+00 
 2008  0924    14  0.7613142857E+01  0.4153996109E+00 
 2008  0930    14  0.7247857143E+01  0.3870654904E+00 
 2008  0936    14  0.6380500000E+01  0.3682318272E+00 
 2008  0942    14  0.4878285714E+01  0.4254717430E+00 
 2008  0948    14  0.3006928571E+01  0.3885710937E+00 
 2008  0954    14  0.1423842857E+01  0.3557834769E+00 
 2008  0960    14  0.1999692857E+00  0.2669760554E+00 
 2008  0966    14  -0.5984507143E+00  0.2613750237E+00 
 2008  0972    14  -0.1159657143E+01  0.1991904427E+00 
 2008  0978    14  -0.1037314286E+01  0.1520306259E+00 
 2008  0984    14  -0.7439142857E+00  0.1185004934E+00 
 2008  0990    14  0.1454464286E+00  0.1990530142E+00 
 2008  0996    14  0.6156071429E+00  0.3060373097E+00 
 2008  1002    14  0.9950785714E+00  0.2453307394E+00 
 2008  1008    14  0.1589714286E+01  0.1818929939E+00 
 2008  1014    14  0.1773285714E+01  0.3245540740E+00 
 2008  1020    14  0.2006785714E+01  0.2870766892E+00 
 2008  1026    14  0.1443285714E+01  0.2276383186E+00 
 2008  1032    14  0.3097785714E+00  0.4455066445E+00 
 2008  1038    14  -0.1675957143E+01  0.5590560625E+00 
 2008  1044    14  -0.3289785714E+01  0.6330148022E+00 
 2008  1050    14  -0.4099285714E+01  0.5445774809E+00 
 2008  1056    14  -0.4643857143E+01  0.6019221422E+00 
 2008  1062    14  -0.5376785714E+01  0.6117934033E+00 
 2008  1068    14  -0.5285857143E+01  0.7488436664E+00 
 2008  1074    14  -0.4915285714E+01  0.6264448931E+00 
 2008  1080    14  -0.4499571429E+01  0.5428312964E+00 
 2008  1086    14  -0.4253357143E+01  0.4894928289E+00 
 2008  1092    14  -0.3524357143E+01  0.4815461122E+00 
 2008  1098    14  -0.2426000000E+01  0.4156767288E+00 
 2008  1104    14  -0.1268357143E+01  0.2338627092E+00 
 2008  1110    14  0.2854057143E+00  0.5919140443E+00 
 2008  1116    14  0.1741700000E+01  0.6601926472E+00 
 2008  1122    14  0.2793214286E+01  0.5278846165E+00 
 2008  1128    14  0.2896714286E+01  0.4954167695E+00 
 2008  1134    14  0.2430500000E+01  0.4853521181E+00 
 2008  1140    14  0.1683057143E+01  0.5468080490E+00 
 2008  1146    14  0.6459570714E+00  0.5521518832E+00 
 2008  1152    14  -0.4426585714E+00  0.4675041752E+00 
 2008  1158    14  -0.1406485714E+01  0.5113933541E+00 
 2008  1164    14  -0.1875435714E+01  0.5896384214E+00 
 2008  1170    14  -0.1109314286E+01  0.4962790788E+00 
 2008  1176    14  -0.3645042857E+00  0.3420680614E+00 
 2008  1182    14  -0.4850714286E-02  0.3167852860E+00 
 2008  1188    14  -0.4464387786E+00  0.4374713843E+00 
 2008  1194    14  -0.7055357143E+00  0.3588674320E+00 
 2008  1200    14  -0.8556142857E+00  0.2544268990E+00 
 2008  1206    14  -0.6371714286E+00  0.2371509388E+00 
 2008  1212    14  -0.2946414286E+00  0.1781552398E+00 
 2008  1218    14  0.5688114286E-01  0.2094238557E+00 
 2008  1224    14  -0.3954471429E+00  0.3697841273E+00 
 2008  1230    14  -0.1535107143E+01  0.8359208006E+00 
 2008  1236    14  -0.3671785714E+01  0.1109866992E+01 
 2008  1242    14  -0.5765142857E+01  0.1001710741E+01 
 2008  1248    14  -0.6650857143E+01  0.7236550932E+00 
 2008  1254    14  -0.7658642857E+01  0.7289424440E+00 
 2008  1260    14  -0.7817928571E+01  0.5529349567E+00 
 2008  1266    14  -0.6798857143E+01  0.4866328709E+00 
 2008  1272    14  -0.5885857143E+01  0.4363345468E+00 
 2008  1278    14  -0.5088142857E+01  0.3449583530E+00 
 2008  1284    14  -0.5473857143E+01  0.5480927785E+00 
 2008  1290    14  -0.6997142857E+01  0.6981333128E+00 
 2008  1296    14  -0.7881642857E+01  0.5111127367E+00 
 2008  1302    14  -0.7862214286E+01  0.5771145193E+00 
 2008  1308    14  -0.9337214286E+01  0.6131546273E+00 
 2008  1314    14  -0.1072142857E+02  0.1761840411E+00 
 2008  1320    14  -0.9351428571E+01  0.2569740716E+00 
 2008  1326    14  -0.7344571429E+01  0.3068014049E+00 
 2008  1332    14  -0.7810000000E+01  0.4871938599E+00 
 2008  1338    14  -0.7728428571E+01  0.7426804460E+00 
 2008  1344    14  -0.5767785714E+01  0.8434023932E+00 
 2008  1350    14  -0.4256857143E+01  0.4989677712E+00 
 2008  1356    14  -0.3024714286E+01  0.1901298160E+00 
 2008  1362    14  -0.3066928571E+01  0.2837331403E+00 
 2008  1368    14  -0.4320214286E+01  0.6774471174E+00 
 2008  1374    14  -0.6351928571E+01  0.9600395427E+00 
 2008  1380    14  -0.9736428571E+01  0.1411664100E+01 
 2008  1386    14  -0.1043485714E+02  0.1298323857E+01 
 2008  1392    14  -0.8013785714E+01  0.1309404127E+01 
 2008  1398    14  -0.5130857143E+01  0.1015082112E+01 
 2008  1404    14  -0.3027785714E+01  0.5872891936E+00 
 2008  1410    14  -0.1713214286E+01  0.2173480351E+00 
 2008  1416    14  -0.2047571429E+01  0.3169564446E+00 
 2008  1422    14  -0.3161857143E+01  0.4824018564E+00 
 2008  1428    14  -0.4353142857E+01  0.4524802848E+00 
 2008  1434    14  -0.5293357143E+01  0.3915448537E+00 
 2008  1440    14  -0.6148714286E+01  0.2413220813E+00 
 2008  1446    14  -0.6388142857E+01  0.1535856472E+00 
 2008  1452    14  -0.6357928571E+01  0.2617756576E+00 
 2008  1458    14  -0.6291642857E+01  0.2558650892E+00 
 2008  1464    14  -0.5535000000E+01  0.4848142501E+00 
 2008  1470    14  -0.3306571429E+01  0.5354320971E+00 
 2008  1476    14  -0.1237800000E+01  0.3190011979E+00 
 2008  1482    14  -0.2023671429E+00  0.1822113198E+00 
 2008  1488    14  -0.5036500000E+00  0.2241008917E+00 
 2008  1494    14  -0.6447571429E+00  0.3114299043E+00 
 2008  1500    14  -0.2178571429E+01  0.3773701696E+00 
 2008  1506    14  -0.2632571429E+01  0.5408271066E+00 
 2008  1512    14  -0.2193678571E+01  0.6074339355E+00 
 2008  1518    14  -0.2415214286E+01  0.7469796496E+00 
 2008  1524    14  -0.1890678571E+01  0.5209249880E+00 
 2008  1530    14  -0.1027228571E+01  0.2229410506E+00 
 2008  1536    14  -0.1045128571E+01  0.2821052879E+00 
 2008  1542    14  -0.1583314286E+01  0.4291549485E+00 
 2008  1548    14  -0.2629214286E+01  0.6386451260E+00 
 2008  1554    14  -0.4580000000E+01  0.8652838510E+00 
 2008  1560    14  -0.6271142857E+01  0.8646789542E+00 
 2008  1566    14  -0.6800285714E+01  0.5386340433E+00 
 2008  1572    14  -0.7456071429E+01  0.1284931706E+00 
 2008  1578    14  -0.6729500000E+01  0.3459165362E+00 
 2008  1584    14  -0.5634571429E+01  0.2810527948E+00 
 2008  1590    14  -0.4659357143E+01  0.3788374335E+00 
 2008  1596    14  -0.3395857143E+01  0.3879211734E+00 
 2008  1602    14  -0.1954285714E+01  0.3541782095E+00 
 2008  1608    14  -0.1596428571E+01  0.2777382412E+00 
 2008  1614    14  -0.1437635714E+01  0.2770432602E+00 
 2008  1620    14  -0.1869500000E+01  0.3398608434E+00 
 2008  1626    14  -0.2255642857E+01  0.3191765313E+00 
 2008  1632    14  -0.2921857143E+01  0.3710817887E+00 
 2008  1638    14  -0.3459571429E+01  0.5822317548E+00 
 2008  1644    14  -0.2856714286E+01  0.9168108099E+00 
 2008  1650    14  -0.9324307143E+00  0.1008741666E+01 
 2008  1656    14  0.1355533571E+01  0.8170134317E+00 
 2008  1662    14  0.3271428571E+01  0.4936871066E+00 
 2008  1668    14  0.4630285714E+01  0.2354043417E+00 
 2008  1674    14  0.5083285714E+01  0.1872730736E+00 
 2008  1680    14  0.4744785714E+01  0.3361921599E+00 
 2008  1686    14  0.4172500000E+01  0.4673664439E+00 
 2008  1692    14  0.3206928571E+01  0.5963556542E+00 
 2008  1698    14  0.1850192857E+01  0.5955047397E+00 
 2008  1704    14  0.7147535000E+00  0.5092031677E+00 
 2008  1710    14  -0.3229142857E+00  0.4111079803E+00 
 2008  1716    14  -0.1466621429E+01  0.4183062688E+00 
 2008  1722    14  -0.2856071429E+01  0.3377550812E+00 
 2008  1728    14  -0.3442642857E+01  0.4365812978E+00 
 2008  1734    14  -0.2627928571E+01  0.3506156757E+00 
 2008  1740    14  -0.2517714286E+01  0.3284731841E+00 
 2008  1746    14  -0.3298357143E+01  0.3884334117E+00 
 2008  1752    14  -0.4776500000E+01  0.5106453550E+00 
 2008  1758    14  -0.4808571429E+01  0.5762461917E+00 
 2008  1764    14  -0.3977714286E+01  0.4291392429E+00 
 2008  1770    14  -0.2573142857E+01  0.5620219692E+00 
 2008  1776    14  -0.7822264286E+00  0.7127566245E+00 
 2008  1782    14  0.1211600000E+01  0.6864972552E+00 
 2008  1788    14  0.3571714286E+01  0.5266878214E+00 
 2008  1794    14  0.5205285714E+01  0.2562984947E+00 
 2008  1800    14  0.5814642857E+01  0.1404027916E+00 
 2008  1806    14  0.5705428571E+01  0.3814621708E+00 
 2008  1812    14  0.4901785714E+01  0.6392344952E+00 
 2008  1818    14  0.3019214286E+01  0.7530203164E+00 
 2008  1824    14  0.1888800000E+01  0.6146409219E+00 
 2008  1830    14  0.7434057143E+00  0.4931409338E+00 
 2008  1836    14  -0.4471985714E+00  0.3133865435E+00 
 2008  1842    14  -0.2229928571E+01  0.3352946389E+00 
 2008  1848    14  -0.3439500000E+01  0.4126663734E+00 
 2008  1854    14  -0.4177571429E+01  0.3990488180E+00 
 2008  1860    14  -0.4380571429E+01  0.3678586130E+00 
 2008  1866    14  -0.3996571429E+01  0.2253662778E+00 
 2008  1872    14  -0.3601714286E+01  0.2747763840E+00 
 2008  1878    14  -0.3213500000E+01  0.2471271362E+00 
 2008  1884    14  -0.2434142857E+01  0.2943234026E+00 
 2008  1890    14  -0.1315528571E+01  0.2095417430E+00 
 2008  1896    14  -0.9425428571E-01  0.2165056785E+00 
 2008  1902    14  0.1030028571E+01  0.2249385993E+00 
 2008  1908    14  0.1786357143E+01  0.3480387103E+00 
 2008  1914    14  0.1773771429E+01  0.5789351536E+00 
 2008  1920    14  0.6576128571E+00  0.7474594348E+00 
 2008  1926    14  -0.1166571429E+01  0.7094172955E+00 
 2008  1932    14  -0.3211000000E+01  0.3760562268E+00 
 2008  1938    14  -0.3484071429E+01  0.1752832256E+00 
 2008  1944    14  -0.3328500000E+01  0.1580297214E+00 
 2008  1950    14  -0.2664428571E+01  0.4425881211E+00 
 2008  1956    14  -0.1747042857E+01  0.4250058768E+00 
 2008  1962    14  -0.1277485714E+01  0.3878336202E+00 
 2008  1968    14  -0.1855500000E+01  0.3656338430E+00 
 2008  1974    14  -0.4078285714E+01  0.8622692179E+00 
 2008  1980    14  -0.4065785714E+01  0.9859348123E+00 
 2008  1986    14  -0.2314721429E+01  0.8955600659E+00 
 2008  1992    14  -0.3492950000E+00  0.7990769047E+00 
 2008  1998    14  0.1677135714E+01  0.5636697660E+00 
 2008  2004    14  0.3925500000E+01  0.1943615004E+00 
 2008  2010    14  0.4503000000E+01  0.4319725520E+00 
 2008  2016    14  0.2896285714E+01  0.9352685198E+00 
 2008  2022    14  0.9567857143E-01  0.1068217007E+01 
 2008  2028    14  0.1110628571E+01  0.8578710796E+00 
 2008  2034    14  0.2146785714E+01  0.5780636617E+00 
 2008  2040    14  0.3079285714E+01  0.4376767282E+00 
 2008  2046    14  0.3692500000E+01  0.3447847672E+00 
 2008  2052    14  0.4067142857E+01  0.4294333238E+00 
 2008  2058    14  0.4154214286E+01  0.5094623466E+00 
 2008  2064    14  0.4327500000E+01  0.5699858081E+00 
 2008  2070    14  0.4597714286E+01  0.5809500137E+00 
 2008  2076    14  0.4713500000E+01  0.5870942672E+00 
 2008  2082    14  0.4820285714E+01  0.5223963231E+00 
 2008  2088    14  0.4998071429E+01  0.3501170140E+00 
 2008  2094    14  0.5108214286E+01  0.4622609310E+00 
 2008  2100    14  0.4695285714E+01  0.6260154526E+00 
 2008  2106    14  0.3678428571E+01  0.7715523049E+00 
 2008  2112    14  0.3141071429E+01  0.5391382627E+00 
 2008  2118    14  0.3229785714E+01  0.2103079981E+00 
 2008  2124    14  0.4140928571E+01  0.3080341967E+00 
 2008  2130    14  0.4387714286E+01  0.3573214696E+00 
 2008  2136    14  0.3986642857E+01  0.3677484791E+00 
 2008  2142    14  0.4135142857E+01  0.4274682707E+00 
 2008  2148    14  0.5552000000E+01  0.5513962796E+00 
 2008  2154    14  0.6648785714E+01  0.3910055130E+00 
 2008  2160    14  0.7050214286E+01  0.3782197356E+00 
 2008  2166    14  0.7124857143E+01  0.4065857592E+00 
 2008  2172    14  0.7249714286E+01  0.3628154644E+00 
 2008  2178    14  0.6434357143E+01  0.3774636420E+00 
 2008  2184    14  0.5402142857E+01  0.2598449695E+00 
 2008  2190    14  0.4427928571E+01  0.1924334632E+00 
 2008  2196    14  0.3933357143E+01  0.2096270863E+00 
 2008  2202    14  0.3130500000E+01  0.3326445443E+00 
 2008  2208    14  0.2488571429E+01  0.4825164267E+00 
 2008  2214    14  0.2019571429E+01  0.5196149281E+00 
 2008  2220    14  0.1207792857E+01  0.6763495804E+00 
 2008  2226    14  0.7537042857E+00  0.5166513007E+00 
 2008  2232    14  0.8996214286E+00  0.2788126974E+00 
 2008  2238    14  0.1319614286E+01  0.2912082683E+00 
 2008  2244    14  0.1895000000E+01  0.1947804625E+00 
 2008  2250    14  0.1766785714E+01  0.1307025951E+00 
 2008  2256    14  -0.5172714286E-01  0.6219155040E+00 
 2008  2262    14  -0.2942714286E+01  0.4475154313E+00 
 2008  2268    14  -0.1879992857E+01  0.1159104465E+01 
 2008  2274    14  0.1949792857E+01  0.9408598047E+00 
 2008  2280    14  0.4029571429E+01  0.6418012281E+00 
 2008  2286    14  0.4922714286E+01  0.4880056248E+00 
 2008  2292    14  0.5782357143E+01  0.3890449124E+00 
 2008  2298    14  0.5888357143E+01  0.2372483952E+00 
 2008  2304    14  0.5921428571E+01  0.2312968761E+00 
 2008  2310    14  0.6000714286E+01  0.4608348679E+00 
 2008  2316    14  0.5162142857E+01  0.6902681526E+00 
 2008  2322    14  0.3877000000E+01  0.6232862218E+00 
 2008  2328    14  0.2162642857E+01  0.6308515342E+00 
 2008  2334    14  0.3213428571E+00  0.4314772295E+00 
 2008  2340    14  -0.5817021429E-01  0.2691903194E+00 
 2008  2346    14  0.2138857143E+01  0.5733114159E+00 
 2008  2352    14  0.4079428571E+01  0.4196242731E+00 
 2008  2358    14  0.5344785714E+01  0.2212494321E+00 
 2008  2364    14  0.5571500000E+01  0.2666771055E+00 
 2008  2370    14  0.4902928571E+01  0.2559286910E+00 
 2008  2376    14  0.4340285714E+01  0.2055680035E+00 
 2008  2382    14  0.3522714286E+01  0.1638869072E+00 
 2008  2388    14  0.2630714286E+01  0.2859316673E+00 
 2008  2394    14  0.6691078571E+00  0.5646550352E+00 
 2008  2400    14  -0.2500357143E+01  0.8300511694E+00 
 2008  2406    14  -0.4215785714E+01  0.8010015319E+00 
 2008  2412    14  -0.2044071429E+01  0.4598627845E+00 
 2008  2418    14  0.1024163571E+00  0.5679613961E+00 
 2008  2424    14  0.1102700000E+01  0.5735703606E+00 
 2008  2430    14  0.1185771429E+01  0.5198458981E+00 
 2008  2436    14  -0.2374721429E+00  0.6720704529E+00 
 2008  2442    14  -0.9002500000E+00  0.9132185154E+00 
 2008  2448    14  0.1379771429E+01  0.4901227462E+00 
 2008  2454    14  0.2117642857E+01  0.4920481404E+00 
 2008  2460    14  0.2049928571E+01  0.5776177016E+00 
 2008  2466    14  0.1544657143E+01  0.6594288770E+00 
 2008  2472    14  0.1540714286E+00  0.8038957678E+00 
 2008  2478    14  -0.4609785714E+00  0.9291473205E+00 
 2008  2484    14  0.1859634286E+00  0.9392410377E+00 
 2008  2490    14  0.8085292857E+00  0.9737855775E+00 
 2008  2496    14  0.1444978571E+01  0.1073803413E+01 
 2008  2502    14  0.1987392857E+01  0.1046829063E+01 
 2008  2508    14  0.2489821429E+01  0.8644124678E+00 
 2008  2514    14  0.2801500000E+01  0.6881222638E+00 
 2008  2520    14  0.2729214286E+01  0.6483306232E+00 
 2008  2526    14  0.2769571429E+01  0.6387387924E+00 
 2008  2532    14  0.3393428571E+01  0.5603244869E+00 
 2008  2538    14  0.3821642857E+01  0.4616248643E+00 
 2008  2544    14  0.3823142857E+01  0.5369313413E+00 
 2008  2550    14  0.3674000000E+01  0.6460621377E+00 
 2008  2556    14  0.3755785714E+01  0.7311611293E+00 
 2008  2562    14  0.4011785714E+01  0.5878938411E+00 
 2008  2568    14  0.3984000000E+01  0.4635907986E+00 
 2008  2574    14  0.3924142857E+01  0.3809407260E+00 
 2008  2580    14  0.3911285714E+01  0.2531491454E+00 
 2008  2586    14  0.3708000000E+01  0.9262906054E-01 
 2008  2592    14  0.2756357143E+01  0.2810288768E+00 
 2008  2598    14  0.1497478571E+01  0.3531639121E+00 
 2008  2604    14  0.4115428571E+00  0.2087367813E+00 
 2008  2610    14  0.3391192857E+00  0.1991087455E+00 
 2008  2616    14  0.6760428571E+00  0.1732594080E+00 
 2008  2622    14  0.6940214286E+00  0.1865478957E+00 
 2008  2628    14  -0.1761857143E+00  0.4680204679E+00 
 2008  2634    14  -0.5764875714E+00  0.3768912217E+00 
 2008  2640    14  -0.3999000000E-01  0.2858840371E+00 
 2008  2646    14  -0.5314478571E-01  0.3687089139E+00 
 2008  2652    14  -0.6729321429E+00  0.4579633226E+00 
 2008  2658    14  -0.1336028571E+01  0.4781458302E+00 
 2008  2664    14  -0.2025357143E+01  0.4252595186E+00 
 2008  2670    14  -0.1975621429E+01  0.3965685568E+00 
 2008  2676    14  0.1480714286E-01  0.5055472091E+00 
 2008  2682    14  0.2041714286E+01  0.1646699854E+00 
 2008  2688    14  0.2977357143E+01  0.1701438917E+00 
 2008  2694    14  0.3590071429E+01  0.2334543284E+00 
 2008  2700    14  0.3301642857E+01  0.3442848918E+00 
 2008  2706    14  0.2260571429E+01  0.5122300982E+00 
 2008  2712    14  0.8362642857E+00  0.4489402165E+00 
 2008  2718    14  -0.9183071429E+00  0.4042434123E+00 
 2008  2724    14  -0.2796785714E+01  0.3224841477E+00 
 2008  2730    14  -0.4127928571E+01  0.2490907650E+00 
 2008  2736    14  -0.5619785714E+01  0.2778191032E+00 
 2008  2742    14  -0.7764571429E+01  0.1580970381E+00 
 2008  2748    14  -0.9273000000E+01  0.6199972350E+00 
 2008  2754    14  -0.7264214286E+01  0.1468660331E+01 
 2008  2760    14  -0.4772785714E+01  0.1114651078E+01 
 2008  2766    14  -0.3917142857E+01  0.7402329611E+00 
 2008  2772    14  -0.3708642857E+01  0.4643680202E+00 
 2008  2778    14  -0.2792142857E+01  0.2982584826E+00 
 2008  2784    14  -0.2667214286E+01  0.2782165597E+00 
 2008  2790    14  -0.3289714286E+01  0.3691345919E+00 
 2008  2796    14  -0.3265571429E+01  0.6387680905E+00 
 2008  2802    14  -0.1611792857E+01  0.6898928079E+00 
 2008  2808    14  -0.1224407143E+01  0.3714441728E+00 
 2008  2814    14  -0.1835285714E+01  0.2695505329E+00 
 2008  2820    14  -0.2293142857E+01  0.2089777354E+00 
 2008  2826    14  -0.1967000000E+01  0.2400187493E+00 
 2008  2832    14  -0.1987642857E+01  0.1995110477E+00 
 2008  2838    14  -0.2112928571E+01  0.2530828391E+00 
 2008  2844    14  -0.1869571429E+01  0.2434172533E+00 
 2008  2850    14  -0.1506507143E+01  0.3149623117E+00 
 2008  2856    14  -0.1585500000E+01  0.4509012800E+00 
 2008  2862    14  -0.2002171429E+01  0.5248191082E+00 
 2008  2868    14  -0.1130000000E+01  0.6121109295E+00 
 2008  2874    14  0.4691485714E+00  0.6124948757E+00 
 2008  2880    14  0.1175385714E+01  0.5988143569E+00 
 2008  2886    14  0.1559685714E+01  0.5569643357E+00 
 2008  2892    14  0.1901785714E+01  0.4240788637E+00 
 2008  2898    14  0.2057428571E+01  0.2315823563E+00 
 2008  2904    14  0.1946428571E+01  0.1692802892E+00 
 2008  2910    14  0.1670214286E+01  0.1094056531E+00 
 2008  2916    14  0.1366642857E+01  0.1993136821E+00 
 2008  2922    14  0.1818928571E+01  0.2704072231E+00 
 2008  2928    14  0.2196214286E+01  0.2997952107E+00 
 2008  2934    14  0.2650500000E+01  0.3456605994E+00 
 2008  2940    14  0.3311642857E+01  0.3824898892E+00 
 2008  2946    14  0.3702214286E+01  0.3797838067E+00 
 2008  2952    14  0.3652928571E+01  0.4693051801E+00 
 2008  2958    14  0.3396500000E+01  0.5282426052E+00 
 2008  2964    14  0.3163928571E+01  0.5391552207E+00 
 2008  2970    14  0.2834642857E+01  0.3160778853E+00 
 2008  2976    14  0.2634428571E+01  0.1340813795E+00 
 2008  2982    14  0.2116357143E+01  0.1761268241E+00 
 2008  2988    14  0.1388742857E+01  0.3047752655E+00 
 2008  2994    14  0.5509928571E+00  0.2215229123E+00 
 2008  3000    14  -0.2063457143E+00  0.2257641203E+00 
 2008  3006    14  -0.2421921429E+00  0.6420851415E+00 
 2008  3012    14  0.7732607143E+00  0.5388988668E+00 
 2008  3018    14  0.1666428571E+01  0.1098757183E+00 
 2008  3024    14  0.1382500000E+01  0.1236589492E+00 
 2008  3030    14  0.8846857143E+00  0.3710685956E+00 
 2008  3036    14  -0.3193500000E+00  0.4859139867E+00 
 2008  3042    14  -0.9833357143E+00  0.3561528095E+00 
 2008  3048    14  -0.1589207143E+01  0.3666547431E+00 
 2008  3054    14  -0.2072428571E+01  0.4340078528E+00 
 2008  3060    14  -0.1952357143E+01  0.4293981847E+00 
 2008  3066    14  -0.1828928571E+01  0.4153802843E+00 
 2008  3072    14  -0.1435785714E+01  0.2152550575E+00 
 2008  3078    14  -0.1113078571E+01  0.3793484851E+00 
 2008  3084    14  -0.8231542857E+00  0.5511131362E+00 
 2008  3090    14  -0.4673821429E+00  0.6085382662E+00 
 2008  3096    14  -0.2030550000E+00  0.6254167470E+00 
 2008  3102    14  -0.1226785714E+00  0.5888748353E+00 
 2008  3108    14  -0.2727921429E+00  0.6909723732E+00 
 2008  3114    14  0.1366642857E-01  0.7879190724E+00 
 2008  3120    14  0.3880887857E+00  0.6781652140E+00 
 2008  3126    14  0.5752660714E+00  0.5796518912E+00 
 2008  3132    14  0.1013418571E+01  0.6064075484E+00 
 2008  3138    14  0.1676414286E+01  0.4803069656E+00 
 2008  3144    14  0.2429500000E+01  0.2568542527E+00 
 2008  3150    14  0.2906928571E+01  0.8603692254E-01 
 2008  3156    14  0.2226428571E+01  0.2503930380E+00 
 2008  3162    14  0.3690839286E+00  0.5674216005E+00 
 2008  3168    14  -0.5618214286E+00  0.3377308949E+00 
 2008  3174    14  0.1344984286E+00  0.3428433027E+00 
 2008  3180    14  0.1394070714E+00  0.4520717957E+00 
 2008  3186    14  0.5521285714E+00  0.1960699672E+00 
 2008  3192    14  0.1172857143E+01  0.7745215771E-01 
 2008  3198    14  0.8797642857E+00  0.3339104555E+00 
 2008  3204    14  0.6225428571E+00  0.3263218541E+00 
 2008  3210    14  0.6949285714E+00  0.2527268131E+00 
 2008  3216    14  0.8486000000E+00  0.3473744871E+00 
 2008  3222    14  0.8517214286E+00  0.2924514079E+00 
 2008  3228    14  0.4143542857E+00  0.3694236133E+00 
 2008  3234    14  -0.4235000000E-01  0.3333175749E+00 
 2008  3240    14  -0.3782795357E+00  0.3048637447E+00 
 2008  3246    14  -0.7947085714E+00  0.3365375009E+00 
 2008  3252    14  -0.1552885714E+01  0.4389711736E+00 
 2008  3258    14  -0.2579214286E+01  0.4221047904E+00 
 2008  3264    14  -0.2642857143E+01  0.3274452751E+00 
 2008  3270    14  -0.2970428571E+01  0.3208020561E+00 
 2008  3276    14  -0.2601071429E+01  0.4044236577E+00 
 2008  3282    14  -0.9415214286E+00  0.4041497569E+00 
 2008  3288    14  -0.2201535714E+00  0.2225206792E+00 
 2008  3294    14  0.3339707143E-01  0.2434399706E+00 
 2008  3300    14  -0.3331946429E+00  0.3014595414E+00 
 2008  3306    14  0.7002735714E+00  0.4358226872E+00 
 2008  3312    14  0.9107714286E+00  0.3630381551E+00 
 2008  3318    14  0.5988071429E+00  0.4077994894E+00 
 2008  3324    14  -0.1856807143E+01  0.4955045891E+00 
 2008  3330    14  -0.1898257143E+01  0.5174453204E+00 
 2008  3336    14  -0.6006000000E+00  0.5394472780E+00 
 2008  3342    14  0.1727372857E+00  0.4429506500E+00 
 2008  3348    14  0.1738548571E+00  0.3829829409E+00 
 2008  3354    14  -0.7319571429E+00  0.1657383123E+00 
 2008  3360    14  -0.8425071429E+00  0.5038866914E+00 
 2008  3366    14  0.4375735714E+00  0.2752175367E+00 
 2008  3372    14  0.9703714286E+00  0.1667298475E+00 
 2008  3378    14  0.9515071429E+00  0.1573109907E+00 
 2008  3384    14  0.1651142857E+01  0.3631811546E+00 
 2008  3390    14  0.2570928571E+01  0.2578425500E+00 
 2008  3396    14  0.2708357143E+01  0.1659950977E+00 
 2008  3402    14  0.1574285714E+01  0.3040052698E+00 
 2008  3408    14  0.1172755571E+00  0.2993040293E+00 
 2008  3414    14  -0.1931857143E+01  0.2310624087E+00 
 2008  3420    14  -0.2894785714E+01  0.6082096888E+00 
 2008  3426    14  -0.2149671429E+01  0.7723359765E+00 
 2008  3432    14  -0.7833007143E+00  0.7509198490E+00 
 2008  3438    14  0.8282928571E-01  0.5760304878E+00 
 2008  3444    14  0.1104207143E+01  0.4477355716E+00 
 2008  3450    14  0.1829000000E+01  0.3023441747E+00 
 2008  3456    14  0.2059142857E+01  0.4080141554E+00 
 2008  3462    14  0.2269642857E+01  0.4830156175E+00 
 2008  3468    14  0.2617214286E+01  0.4055788066E+00 
 2008  3474    14  0.2823571429E+01  0.2772795686E+00 
 2008  3480    14  0.2595357143E+01  0.1830388745E+00 
 2008  3486    14  0.2188071429E+01  0.1699867492E+00 
 2008  3492    14  0.1387928571E+01  0.1339437325E+00 
 2008  3498    14  0.8393857143E+00  0.1793896949E+00 
 2008  3504    14  0.9575785714E+00  0.2501071690E+00 
 2008  3510    14  0.1204078571E+01  0.3086411073E+00 
 2008  3516    14  0.1526714286E+01  0.2710781196E+00 
 2008  3522    14  0.1812071429E+01  0.1995578915E+00 
 2008  3528    14  0.2293428571E+01  0.1690979067E+00 
 2008  3534    14  0.2396214286E+01  0.2125431649E+00 
 2008  3540    14  0.1843500000E+01  0.2859432386E+00 
 2008  3546    14  0.1163792857E+01  0.1970430427E+00 
 2008  3552    14  0.7306464286E+00  0.4261535121E+00 
 2008  3558    14  0.4991142857E+00  0.6143482038E+00 
 2008  3564    14  0.8461185714E+00  0.5065855307E+00 
 2008  3570    14  0.1247678571E+01  0.2090126113E+00 
 2008  3576    14  0.1644714286E+01  0.1259588530E+00 
 2008  3582    14  0.1961285714E+01  0.1518916101E+00 
 2008  3588    14  0.1625785714E+01  0.2843800723E+00 
 2008  3594    14  0.3386485714E+00  0.5407453664E+00 
 2008  3600    14  -0.8817842857E+00  0.7095175377E+00 
 2008  3606    14  -0.2758142857E+01  0.7490450928E+00 
 2008  3612    14  -0.4035357143E+01  0.5462606138E+00 
 2008  3618    14  -0.3556000000E+01  0.2061272145E+00 
 2008  3624    14  -0.3390928571E+01  0.2103257556E+00 
 2008  3630    14  -0.3302142857E+01  0.2064433015E+00 
 2008  3636    14  -0.3418857143E+01  0.3120544497E+00 
 2008  3642    14  -0.3653857143E+01  0.3955249418E+00 
 2008  3648    14  -0.5040571429E+01  0.7957674386E+00 
 2008  3654    14  -0.5671500000E+01  0.1069331283E+01 
 2008  3660    14  -0.3118071429E+01  0.8204511359E+00 
 2008  3666    14  -0.8921000000E+00  0.3135530008E+00 
 2008  3672    14  -0.2602092857E+00  0.1743412052E+00 
 2008  3678    14  -0.1020900000E+00  0.1362286704E+00 
 2008  3684    14  -0.3308385714E+00  0.1437513557E+00 
 2008  3690    14  -0.5458857143E+00  0.1390082930E+00 
 2008  3696    14  -0.1018414286E+01  0.2525506791E+00 
 2008  3702    14  -0.1658785714E+01  0.3475767497E+00 
 2008  3708    14  -0.1720214286E+01  0.3147148774E+00 
 2008  3714    14  -0.1318778571E+01  0.3656436051E+00 
 2008  3720    14  -0.4790850000E+00  0.5477536398E+00 
 2008  3726    14  0.4488885714E+00  0.4062153699E+00 
 2008  3732    14  0.7846500000E+00  0.2325682411E+00 
 2008  3738    14  0.3290428571E+00  0.1383504180E+00 
 2008  3744    14  -0.1814635714E+00  0.1045986140E+00 
 2008  3750    14  -0.8188285714E+00  0.1438706186E+00 
 2008  3756    14  -0.1414928571E+01  0.1248813519E+00 
 2008  3762    14  -0.2073857143E+01  0.2198960329E+00 
 2008  3768    14  -0.2747357143E+01  0.2590715861E+00 
 2008  3774    14  -0.3644214286E+01  0.3553773002E+00 
 2008  3780    14  -0.3611071429E+01  0.4416951865E+00 
 2008  3786    14  -0.4084857143E+01  0.6437082144E+00 
 2008  3792    14  -0.5993857143E+01  0.1034056772E+01 
 2008  3798    14  -0.8485642857E+01  0.8631819546E+00 
 2008  3804    14  -0.9553357143E+01  0.3960358222E+00 
 2008  3810    14  -0.8361285714E+01  0.5546990727E+00 
 2008  3816    14  -0.8157071429E+01  0.5632593242E+00 
 2008  3822    14  -0.8121714286E+01  0.7135800514E+00 
 2008  3828    14  -0.6897857143E+01  0.5967317963E+00 
 2008  3834    14  -0.5755857143E+01  0.7076568839E+00 
 2008  3840    14  -0.5590071429E+01  0.6843200446E+00 
 2008  3846    14  -0.5414714286E+01  0.7456944442E+00 
 2008  3852    14  -0.4440857143E+01  0.6408197715E+00 
 2008  3858    14  -0.3870142857E+01  0.6903274437E+00 
 2008  3864    14  -0.4383785714E+01  0.7480646628E+00 
 2008  3870    14  -0.5398142857E+01  0.8710139295E+00 
 2008  3876    14  -0.4922500000E+01  0.7536388629E+00 
 2008  3882    14  -0.3480214286E+01  0.5510325604E+00 
 2008  3888    14  -0.2825142857E+01  0.5226242651E+00 
 2008  3894    14  -0.2325928571E+01  0.5096939508E+00 
 2008  3900    14  -0.1589857143E+01  0.2570808259E+00 
 2008  3906    14  -0.9380785714E+00  0.1550599155E+00 
 2008  3912    14  -0.6244785714E+00  0.1053059297E+00 
 2008  3918    14  -0.4043357143E+00  0.7421036323E-01 
 2008  3924    14  -0.2238207143E+00  0.2237755296E+00 
 2008  3930    14  -0.2329842857E+00  0.2147717054E+00 
 2008  3936    14  -0.3101485714E+00  0.2434340913E+00 
 2008  3942    14  -0.3611835714E+00  0.1978973686E+00 
 2008  3948    14  -0.9601500000E-01  0.1579935022E+00 
 2008  3954    14  0.1492128571E+00  0.1971304315E+00 
 2008  3960    14  -0.1566335714E+00  0.1778957608E+00 
 2008  3966    14  -0.7839857143E+00  0.1963172864E+00 
 2008  3972    14  -0.1536357143E+01  0.1701476700E+00 
 2008  3978    14  -0.2271785714E+01  0.2120761920E+00 
 2008  3984    14  -0.2371142857E+01  0.5607600527E+00 
 2008  3990    14  -0.1984385714E+01  0.6675042577E+00 
 2008  3996    14  -0.1135073571E+01  0.5828188998E+00 
 2008  4002    14  -0.3519857143E-01  0.5895062428E+00 
 2008  4008    14  0.1244857143E+01  0.5615173776E+00 
 2008  4014    14  0.2095142857E+01  0.5334885000E+00 
 2008  4020    14  0.2616428571E+01  0.4265204256E+00 
 2008  4026    14  0.2721142857E+01  0.1762059903E+00 
 2008  4032    14  0.2645785714E+01  0.1125288398E+00 
 2008  4038    14  0.2616857143E+01  0.1199790798E+00 
 2008  4044    14  0.2175428571E+01  0.2150869307E+00 
 2008  4050    14  0.1386014286E+01  0.3341450302E+00 
 2008  4056    14  0.8461285714E+00  0.3580239526E+00 
 2008  4062    14  0.1012550000E+00  0.3155640677E+00 
 2008  4068    14  -0.1409028571E+00  0.1655532037E+00 
 2008  4074    14  0.8460714286E+00  0.2067028524E+00 
 2008  4080    14  0.1511807143E+01  0.3502300437E+00 
 2008  4086    14  0.2340785714E+01  0.4465119065E+00 
 2008  4092    14  0.2826000000E+01  0.3761270682E+00 
 2008  4098    14  0.2529285714E+01  0.2642321567E+00 
 2008  4104    14  0.1799571429E+01  0.2451307856E+00 
 2008  4110    14  0.1060771429E+01  0.3021659370E+00 
 2008  4116    14  0.5111428571E-01  0.3023102209E+00 
 2008  4122    14  -0.7725285714E+00  0.2338496019E+00 
 2008  4128    14  -0.1214878571E+01  0.2424374799E+00 
 2008  4134    14  -0.1352692857E+01  0.3324747691E+00 
 2008  4140    14  -0.1280650000E+01  0.3183760013E+00 
 2008  4146    14  -0.1031771429E+01  0.3518377090E+00 
 2008  4152    14  -0.5939757143E+00  0.4297656457E+00 
 2008  4158    14  0.1132121429E+00  0.4781631669E+00 
 2008  4164    14  0.1258950000E+01  0.4623758470E+00 
 2008  4170    14  0.1843142857E+01  0.3191280211E+00 
 2008  4176    14  0.2401500000E+01  0.2398656618E+00 
 2008  4182    14  0.2905571429E+01  0.2571477380E+00 
 2008  4188    14  0.3032500000E+01  0.2187865072E+00 
 2008  4194    14  0.2552285714E+01  0.1139983888E+00 
 2008  4200    14  0.2086000000E+01  0.1869900685E+00 
 2008  4206    14  0.1835928571E+01  0.2593636345E+00 
 2008  4212    14  0.1377400000E+01  0.2376321527E+00 
 2008  4218    14  0.7664214286E+00  0.1104991867E+00 
 2008  4224    14  0.4340428571E+00  0.1623131573E+00 
 2008  4230    14  0.1311757143E+00  0.1394460319E+00 
 2008  4236    14  -0.4282957143E+00  0.2476739320E+00 
 2008  4242    14  -0.3540592857E+00  0.2508693991E+00 
 2008  4248    14  -0.5346928571E+00  0.2519028284E+00 
 2008  4254    14  -0.5870785714E+00  0.1825593570E+00 
 2008  4260    14  -0.8397357143E+00  0.1834696145E+00 
 2008  4266    14  -0.1308692857E+01  0.1674536544E+00 
 2008  4272    14  -0.1843642857E+01  0.1852282789E+00 
 2008  4278    14  -0.2288571429E+01  0.1872338928E+00 
 2008  4284    14  -0.2218571429E+01  0.2562790651E+00 
 2008  4290    14  -0.2150571429E+01  0.2500713368E+00 
 2008  4296    14  -0.1779714286E+01  0.3846238289E+00 
 2008  4302    14  -0.1340964286E+01  0.4487675211E+00 
 2008  4308    14  -0.9139642857E+00  0.4200556266E+00 
 2008  4314    14  -0.6930571429E+00  0.3531067012E+00 
 2008  4320    14  -0.1809514286E+00  0.3720393766E+00 
 2008  4326    14  -0.8596642857E-01  0.4311788898E+00 
 2008  4332    14  -0.3797214286E-01  0.4085338941E+00 
 2008  4338    14  -0.7836071429E+00  0.2698725637E+00 
 2008  4344    14  -0.1268371429E+01  0.2240757379E+00 
 2008  4350    14  -0.1630571429E+01  0.2055962459E+00 
 2008  4356    14  -0.1524214286E+01  0.2959380192E+00 
 2008  4362    14  -0.1443642857E+01  0.2769519317E+00 
 2008  4368    14  -0.1396971429E+01  0.2710831908E+00 
 2008  4374    14  -0.1716071429E+01  0.3062642333E+00 
 2008  4380    14  -0.1601071429E+01  0.2657927400E+00 
 2008  4386    14  -0.9059428571E+00  0.2540472080E+00 
 2008  4392    14  -0.7738142857E+00  0.3089388239E+00 
 2008  4398    14  -0.1027814286E+01  0.4365425259E+00 
 2008  4404    14  -0.8819571429E+00  0.4979911111E+00 
 2008  4410    14  -0.7292621429E+00  0.4337220577E+00 
 2008  4416    14  -0.2870164286E+00  0.5344112806E+00 
 2008  4422    14  0.4932285714E-01  0.6435336959E+00 
 2008  4428    14  0.9587714286E-01  0.6488804720E+00 
 2008  4434    14  0.2629935714E+00  0.5517164660E+00 
 2008  4440    14  0.1125728571E+00  0.4908018944E+00 
 2008  4446    14  -0.3723285714E+00  0.6027730649E+00 
 2008  4452    14  -0.8602085714E+00  0.5633347425E+00 
 2008  4458    14  -0.1249942143E+01  0.6681055153E+00 
 2008  4464    14  -0.2113978571E+01  0.9464860607E+00 
 2008  4470    14  -0.2717128571E+01  0.1114279659E+01 
 2008  4476    14  -0.2581928571E+01  0.8179974209E+00 
 2008  4482    14  -0.1722885714E+01  0.4800265154E+00 
 2008  4488    14  -0.1247778571E+01  0.5361110402E+00 
 2008  4494    14  -0.4457457143E+00  0.5605755490E+00 
 2008  4500    14  0.1582328571E+00  0.4510883063E+00 
 2008  4506    14  0.7797500000E+00  0.2367838669E+00 
 2008  4512    14  0.1222571429E+01  0.1303964911E+00 
 2008  4518    14  0.1667928571E+01  0.7202724116E-01 
 2008  4524    14  0.1524214286E+01  0.9021733962E-01 
 2008  4530    14  0.1038664286E+01  0.1693700750E+00 
 2008  4536    14  0.5880928571E+00  0.1382786290E+00 
 2008  4542    14  -0.9272142857E-01  0.1911750377E+00 
 2008  4548    14  -0.7136285714E+00  0.1936503455E+00 
 2008  4554    14  -0.7018714286E+00  0.2340232724E+00 
 2008  4560    14  0.2645696429E+00  0.2599480778E+00 
 2008  4566    14  -0.1055642857E-01  0.1932693090E+00 
 2008  4572    14  -0.7456571429E+00  0.2659156652E+00 
 2008  4578    14  -0.1295992857E+01  0.3110915792E+00 
 2008  4584    14  -0.6226714286E+00  0.2552448976E+00 
 2008  4590    14  0.2588785714E-01  0.1173402069E+00 
 2008  4596    14  0.2485285714E+00  0.4474164612E-01 
 2008  4602    14  0.4331937857E-01  0.1519569571E+00 
 2008  4608    14  -0.5499214286E-01  0.1779775414E+00 
 2008  4614    14  -0.3105685714E+00  0.1799077152E+00 
 2008  4620    14  -0.3705642857E+00  0.1947307541E+00 
 2008  4626    14  -0.3819541429E+00  0.1647360720E+00 
 2008  4632    14  -0.5206714286E+00  0.1875912518E+00 
 2008  4638    14  -0.6410428571E+00  0.1514143261E+00 
 2008  4644    14  -0.7324285714E+00  0.1249987053E+00 
 2008  4650    14  -0.4114807143E+00  0.1265338345E+00 
 2008  4656    14  -0.4492785714E+00  0.1730898164E+00 
 2008  4662    14  -0.4043300000E+00  0.2241055325E+00 
 2008  4668    14  -0.3304075714E+00  0.2663481136E+00 
 2008  4674    14  -0.1369107143E+00  0.2639474295E+00 
 2008  4680    14  -0.1241485714E-01  0.3207837557E+00 
 2008  4686    14  0.3266928571E+00  0.3223969613E+00 
 2008  4692    14  0.2957414286E+00  0.3086704211E+00 
 2008  4698    14  -0.2349971429E-01  0.1768607984E+00 
 2008  4704    14  -0.3911785714E+00  0.1165013622E+00 
 2008  4710    14  -0.4847714286E+00  0.1174835638E+00 
 2008  4716    14  -0.5084529286E+00  0.2188476834E+00 
 2008  4722    14  -0.2753914286E+00  0.2595349536E+00 
 2008  4728    14  -0.9651785714E-01  0.2189213919E+00 
 2008  4734    14  0.5187571429E-01  0.1906033874E+00 
 2008  4740    14  0.9311500000E-01  0.1206298485E+00 
 2008  4746    14  -0.3393214286E+00  0.1989258411E+00 
 2008  4752    14  -0.8428785714E+00  0.3087351342E+00 
 2008  4758    14  -0.1169978571E+01  0.2983758708E+00 
 2008  4764    14  -0.1337235714E+01  0.3189364370E+00 
 2008  4770    14  -0.8786500000E+00  0.4031373175E+00 
 2008  4776    14  -0.7114614286E+00  0.5304304917E+00 
 2008  4782    14  -0.2868985714E+00  0.7025047961E+00 
 2008  4788    14  0.8583435714E+00  0.7099225257E+00 
 2008  4794    14  0.1718857143E+01  0.3760753832E+00 
 2008  4800    14  0.2122000000E+01  0.4315030210E+00 
 2008  4806    14  0.2512000000E+01  0.5184530561E+00 
 2008  4812    14  0.2848428571E+01  0.4665385781E+00 
 2008  4818    14  0.2747285714E+01  0.3438935526E+00 
 2008  4824    14  0.3184642857E+01  0.2977164536E+00 
 2008  4830    14  0.3185500000E+01  0.2823123270E+00 
 2008  4836    14  0.3408571429E+01  0.2273039860E+00 
 2008  4842    14  0.3020642857E+01  0.1800224618E+00 
 2008  4848    14  0.2941714286E+01  0.1312954295E+00 
 2008  4854    14  0.3048428571E+01  0.1638159744E+00 
 2008  4860    14  0.2952357143E+01  0.1385886035E+00 
 2008  4866    14  0.2684214286E+01  0.1544840161E+00 
 2008  4872    14  0.2644285714E+01  0.1357294728E+00 
 2008  4878    14  0.3145357143E+01  0.1276779471E+00 
 2008  4884    14  0.3123428571E+01  0.1443149900E+00 
 2008  4890    14  0.2990285714E+01  0.1374920406E+00 
 2008  4896    14  0.2613000000E+01  0.1762328006E+00 
 2008  4902    14  0.2917071429E+01  0.2690548176E+00 
 2008  4908    14  0.2716142857E+01  0.2483243435E+00 
 2008  4914    14  0.2297000000E+01  0.1928126404E+00 
 2008  4920    14  0.1859285714E+01  0.1300397898E+00 
 2008  4926    14  0.1159357143E+01  0.8460378845E-01 
 2008  4932    14  0.1001925286E+00  0.1318623958E+00 
 2008  4938    14  -0.5721357143E+00  0.1794787517E+00 
 2008  4944    14  -0.1139507143E+01  0.2644907032E+00 
 2008  4950    14  -0.1163164286E+01  0.4100221816E+00 
 2008  4956    14  -0.1483835714E+01  0.3413970784E+00 
 2008  4962    14  -0.1876714286E+01  0.3287570594E+00 
 2008  4968    14  -0.1900285714E+01  0.3386577346E+00 
 2008  4974    14  -0.2111214286E+01  0.4094346588E+00 
 2008  4980    14  -0.1987214286E+01  0.4181474754E+00 
 2008  4986    14  -0.1878214286E+01  0.3519014023E+00 
 2008  4992    14  -0.1447757143E+01  0.2849570311E+00 
 2008  4998    14  -0.1371307143E+01  0.3058462650E+00 
 2008  5004    14  -0.1034578571E+01  0.2722028686E+00 
 2008  5010    14  -0.7333642857E+00  0.2179478824E+00 
 2008  5016    14  -0.4917785714E+00  0.2391842421E+00 
 2008  5022    14  -0.5305857143E+00  0.2879050386E+00 
 2008  5028    14  -0.5693314286E+00  0.2596494659E+00 
 2008  5034    14  -0.1331314286E+00  0.2526884257E+00 
 2008  5040    14  0.2202780714E+00  0.2266236780E+00 
 2008  5046    14  0.3797428571E+00  0.1434513293E+00 
 2008  5052    14  0.1338715000E+00  0.9714709053E-01 
 2008  5058    14  -0.2957495000E+00  0.1932076555E+00 
 2008  5064    14  -0.1062364286E+01  0.3949030326E+00 
 2008  5070    14  -0.2179142857E+01  0.5450237029E+00 
 2008  5076    14  -0.3167500000E+01  0.5434070758E+00 
 2008  5082    14  -0.3493857143E+01  0.3510779029E+00 
 2008  5088    14  -0.4081214286E+01  0.1578567065E+00 
 2008  5094    14  -0.4563571429E+01  0.4315567690E+00 
 2008  5100    14  -0.4954357143E+01  0.3580282525E+00 
 2008  5106    14  -0.4986428571E+01  0.2377236434E+00 
 2008  5112    14  -0.5402071429E+01  0.2270036074E+00 
 2008  5118    14  -0.5587928571E+01  0.6376241016E+00 
 2008  5124    14  -0.4332928571E+01  0.8488826660E+00 
 2008  5130    14  -0.2477714286E+01  0.5345145232E+00 
 2008  5136    14  -0.1698157143E+01  0.4467654302E+00 
 2008  5142    14  -0.1298914286E+01  0.4182146934E+00 
 2008  5148    14  -0.8450857143E+00  0.3639483202E+00 
 2008  5154    14  -0.7904071429E+00  0.1827974658E+00 
 2008  5160    14  -0.1222535714E+01  0.2216777990E+00 
 2008  5166    14  -0.1853500000E+01  0.2113111281E+00 
 2008  5172    14  -0.2381642857E+01  0.2067878855E+00 
 2008  5178    14  -0.2212071429E+01  0.2979164466E+00 
 2008  5184    14  -0.2475500000E+01  0.4233807388E+00 
 2008  5190    14  -0.2980214286E+01  0.6533830837E+00 
 2008  5196    14  -0.2678357143E+01  0.7069234761E+00 
 2008  5202    14  -0.2119571429E+01  0.5383756939E+00 
 2008  5208    14  -0.2324428571E+01  0.4885567249E+00 
 2008  5214    14  -0.2897642857E+01  0.6875639822E+00 
 2008  5220    14  -0.3429357143E+01  0.6895222577E+00 
 2008  5226    14  -0.3643928571E+01  0.5075041821E+00 
 2008  5232    14  -0.3790000000E+01  0.5042626866E+00 
 2008  5238    14  -0.3047000000E+01  0.6657187308E+00 
 2008  5244    14  -0.1262371429E+01  0.5388034129E+00 
 2008  5250    14  0.1147332857E+00  0.2906981904E+00 
 2008  5256    14  0.6683500000E+00  0.1196317728E+00 
 2008  5262    14  0.7858785714E+00  0.1490627441E+00 
 2008  5268    14  0.3239585714E+00  0.4009053300E+00 
 2008  5274    14  -0.1284992857E+01  0.5991652139E+00 
 2008  5280    14  -0.2800857143E+01  0.5809022363E+00 
 2008  5286    14  -0.4383285714E+01  0.7574147221E+00 
 2008  5292    14  -0.5522071429E+01  0.8518917993E+00 
 2008  5298    14  -0.6149857143E+01  0.5467742884E+00 
 2008  5304    14  -0.6243071429E+01  0.3434331842E+00 
 2008  5310    14  -0.6169428571E+01  0.3165848373E+00 
 2008  5316    14  -0.5773000000E+01  0.3119194035E+00 
 2008  5322    14  -0.5776357143E+01  0.3349374370E+00 
 2008  5328    14  -0.5900071429E+01  0.6128844524E+00 
 2008  5334    14  -0.5891857143E+01  0.8313689964E+00 
 2008  5340    14  -0.4560142857E+01  0.9089099324E+00 
 2008  5346    14  -0.2941285714E+01  0.6542970523E+00 
 2008  5352    14  -0.2382214286E+01  0.2843702764E+00 
 2008  5358    14  -0.3257500000E+01  0.3862898153E+00 
 2008  5364    14  -0.3220714286E+01  0.5274451127E+00 
 2008  5370    14  -0.2189000000E+01  0.3664509322E+00 
 2008  5376    14  -0.1416628571E+01  0.4302716890E+00 
 2008  5382    14  -0.9450328571E+00  0.4955850995E+00 
 2008  5388    14  -0.7592714286E-01  0.4223057889E+00 
 2008  5394    14  0.4956587143E+00  0.3071234191E+00 
 2008  5400    14  0.1213171429E+01  0.2292368439E+00 
 2008  5406    14  0.1699214286E+01  0.7276201773E-01 
 2008  5412    14  0.1382071429E+01  0.2256367068E+00 
 2008  5418    14  0.2203075000E+00  0.3361244671E+00 
 2008  5424    14  -0.9922142857E+00  0.2512434814E+00 
 2008  5430    14  -0.1699714286E+01  0.5238222625E+00 
 2008  5436    14  -0.6596500000E+00  0.8359183177E+00 
 2008  5442    14  0.6292978571E+00  0.6081880338E+00 
 2008  5448    14  0.1097814286E+01  0.4229382154E+00 
 2008  5454    14  0.7421714286E+00  0.1887365338E+00 
 2008  5460    14  0.1813907143E+00  0.1578920774E+00 
 2008  5466    14  -0.2437535714E+00  0.1595218743E+00 
 2008  5472    14  -0.4944157143E+00  0.2419023317E+00 
 2008  5478    14  -0.8809642857E+00  0.2400202271E+00 
 2008  5484    14  -0.1112921429E+01  0.2558608779E+00 
 2008  5490    14  -0.8145178571E+00  0.3812037492E+00 
 2008  5496    14  -0.2492557143E+00  0.4746174849E+00 
 2008  5502    14  0.4043642857E+00  0.5110133219E+00 
 2008  5508    14  0.1439771429E+01  0.5503091721E+00 
 2008  5514    14  0.2366285714E+01  0.2901741912E+00 
 2008  5520    14  0.2530857143E+01  0.8557941770E-01 
 2008  5526    14  0.1737357143E+01  0.3050415913E+00 
 2008  5532    14  -0.4438428571E+00  0.3723248307E+00 
 2008  5538    14  -0.9098500000E+00  0.5521326921E+00 
 2008  5544    14  0.2235059286E+00  0.6716685640E+00 
 2008  5550    14  0.9255571429E+00  0.4712629850E+00 
 2008  5556    14  0.6341714286E+00  0.2288917381E+00 
 2008  5562    14  0.1115136786E+00  0.1749685714E+00 
 2008  5568    14  0.5803953571E+00  0.4376995416E+00 
 2008  5574    14  0.1350478571E+01  0.4046086349E+00 
 2008  5580    14  0.1800142857E+01  0.3422663660E+00 
 2008  5586    14  0.1979571429E+01  0.1669853348E+00 
 2008  5592    14  0.2332142857E+01  0.1290763103E+00 
 2008  5598    14  0.2624928571E+01  0.4268399547E-01 
 2008  5604    14  0.2350428571E+01  0.2217977567E+00 
 2008  5610    14  0.2017642857E+01  0.2213141294E+00 
 2008  5616    14  0.1849642857E+01  0.3371594805E+00 
 2008  5622    14  0.1882428571E+01  0.3292445279E+00 
 2008  5628    14  0.1983000000E+01  0.3313224584E+00 
 2008  5634    14  0.2124928571E+01  0.2149842068E+00 
 2008  5640    14  0.2226142857E+01  0.2330447097E+00 
 2008  5646    14  0.2152285714E+01  0.2063382897E+00 
 2008  5652    14  0.1993642857E+01  0.3157588608E+00 
 2008  5658    14  0.1493142857E+01  0.3023037397E+00 
 2008  5664    14  0.1342385714E+01  0.2383136404E+00 
 2008  5670    14  0.1095521429E+01  0.3122939713E+00 
 2008  5676    14  0.8724500000E+00  0.3142968496E+00 
 2008  5682    14  0.7831428571E+00  0.2577217900E+00 
 2008  5688    14  0.6923142857E+00  0.2222030920E+00 
 2008  5694    14  0.7458857143E+00  0.2202337293E+00 
 2008  5700    14  0.8724785714E+00  0.1784930578E+00 
 2008  5706    14  0.9091000000E+00  0.1123239321E+00 
 2008  5712    14  0.9576714286E+00  0.1063329974E+00 
 2008  5718    14  0.5621928571E+00  0.1834421998E+00 
 2008  5724    14  -0.4178857143E-01  0.2460667168E+00 
 2008  5730    14  -0.9713714286E+00  0.4060435874E+00 
 2008  5736    14  -0.2055357143E+01  0.3775402736E+00 
 2008  5742    14  -0.2375500000E+01  0.2823151102E+00 
 2008  5748    14  -0.2706785714E+01  0.1221838068E+00 
 2008  5754    14  -0.3238571429E+01  0.1492518075E+00 
 2008  5760    14  -0.4164642857E+01  0.2009426383E+00 
 2008  5766    14  -0.5758142857E+01  0.2421327432E+00 
 2008  5772    14  -0.6197214286E+01  0.2797289960E+00 
 2008  5778    14  -0.5779500000E+01  0.2454193932E+00 
 2008  5784    14  -0.5433785714E+01  0.3845962964E+00 
 2008  5790    14  -0.4883357143E+01  0.3814142119E+00 
 2008  5796    14  -0.3918071429E+01  0.3422314305E+00 
 2008  5802    14  -0.2919428571E+01  0.3120191648E+00 
 2008  5808    14  -0.2131285714E+01  0.2935923872E+00 
 2008  5814    14  -0.1674214286E+01  0.2922162063E+00 
 2008  5820    14  -0.1724500000E+01  0.3113800503E+00 
 2008  5826    14  -0.2224071429E+01  0.5092572272E+00 
 2008  5832    14  -0.2925000000E+01  0.4950406910E+00 
 2008  5838    14  -0.3196142857E+01  0.2676233646E+00 
 2008  5844    14  -0.2670714286E+01  0.2890250678E+00 
 2008  5850    14  -0.2397428571E+01  0.3852382777E+00 
 2008  5856    14  -0.3318357143E+01  0.7205160459E+00 
 2008  5862    14  -0.4566785714E+01  0.8371531844E+00 
 2008  5868    14  -0.5608357143E+01  0.7862948018E+00 
 2008  5874    14  -0.5081071429E+01  0.5816299099E+00 
 2008  5880    14  -0.4893571429E+01  0.4543728353E+00 
 2008  5886    14  -0.4753214286E+01  0.3254847327E+00 
 2008  5892    14  -0.4010428571E+01  0.3095036843E+00 
 2008  5898    14  -0.2306428571E+01  0.1653186163E+00 
 2008  5904    14  -0.1533571429E+01  0.1262320507E+00 
 2008  5910    14  -0.1138114286E+01  0.1541303616E+00 
 2008  5916    14  -0.8037285714E+00  0.2394233532E+00 
 2008  5922    14  -0.6170714286E+00  0.2676103869E+00 
 2008  5928    14  -0.6354628571E+00  0.3559518096E+00 
 2008  5934    14  -0.6529571429E+00  0.3806006657E+00 
 2008  5940    14  -0.2021814286E-01  0.4380986747E+00 
 2008  5946    14  0.9533500000E+00  0.3696415711E+00 
 2008  5952    14  0.1467142857E+01  0.2983279253E+00 
 2008  5958    14  0.1976571429E+01  0.1691574559E+00 
 2008  5964    14  0.2112642857E+01  0.1976001038E+00 
 2008  5970    14  0.2155071429E+01  0.2672776684E+00 
 2008  5976    14  0.2221500000E+01  0.4025693818E+00 
 2008  5982    14  0.2184428571E+01  0.4974448590E+00 
 2008  5988    14  0.1908857143E+01  0.4593016216E+00 
 2008  5994    14  0.1769500000E+01  0.3325998776E+00 
 2008  6000    14  0.1369778571E+01  0.3158449578E+00 
 2008  6006    14  0.3006921429E+00  0.5281543006E+00 
 2008  6012    14  -0.1765721429E+01  0.7384791091E+00 
 2008  6018    14  -0.2682214286E+01  0.4182287786E+00 
 2008  6024    14  -0.3579357143E+01  0.2537486403E+00 
 2008  6030    14  -0.4312642857E+01  0.3107770462E+00 
 2008  6036    14  -0.3988000000E+01  0.4711892250E+00 
 2008  6042    14  -0.3052357143E+01  0.4660439291E+00 
 2008  6048    14  -0.3239857143E+01  0.4176483239E+00 
 2008  6054    14  -0.2949142857E+01  0.5146664464E+00 
 2008  6060    14  -0.2514785714E+01  0.3986970168E+00 
 2008  6066    14  -0.2028928571E+01  0.2418105706E+00 
 2008  6072    14  -0.2128071429E+01  0.2474496960E+00 
 2008  6078    14  -0.2255071429E+01  0.3731132467E+00 
 2008  6084    14  -0.2371357143E+01  0.5793061869E+00 
 2008  6090    14  -0.2040064286E+01  0.6407898782E+00 
 2008  6096    14  -0.1811471429E+01  0.7254944663E+00 
 2008  6102    14  -0.1205057857E+01  0.6291549349E+00 
 2008  6108    14  -0.3751428571E+00  0.5709388105E+00 
 2008  6114    14  0.8065871429E+00  0.5209089587E+00 
 2008  6120    14  0.1402192857E+01  0.4406554249E+00 
 2008  6126    14  0.1963714286E+01  0.3537596901E+00 
 2008  6132    14  0.2608571429E+01  0.3877972066E+00 
 2008  6138    14  0.3017928571E+01  0.3167286951E+00 
 2008  6144    14  0.3056071429E+01  0.3212447808E+00 
 2008  6150    14  0.3184642857E+01  0.2990460087E+00 
 2008  6156    14  0.3403142857E+01  0.2490530228E+00 
 2008  6162    14  0.3545714286E+01  0.1593542453E+00 
 2008  6168    14  0.3405928571E+01  0.1991781200E+00 
 2008  6174    14  0.3334214286E+01  0.2197144831E+00 
 2008  6180    14  0.3034214286E+01  0.2358314103E+00 
 2008  6186    14  0.2747928571E+01  0.2814882551E+00 
 2008  6192    14  0.2567428571E+01  0.3760041250E+00 
 2008  6198    14  0.2603214286E+01  0.4744877205E+00 
 2008  6204    14  0.2777928571E+01  0.4539970837E+00 
 2008  6210    14  0.2549214286E+01  0.2853151587E+00 
 2008  6216    14  0.2130642857E+01  0.2718504334E+00 
 2008  6222    14  0.1601714286E+01  0.3539875762E+00 
 2008  6228    14  0.1135635714E+01  0.3486857542E+00 
 2008  6234    14  0.1008821429E+01  0.2733870181E+00 
 2008  6240    14  0.1007600000E+01  0.3069940414E+00 
 2008  6246    14  0.1286421429E+01  0.4864184077E+00 
 2008  6252    14  0.2057357143E+01  0.5030858500E+00 
 2008  6258    14  0.2404142857E+01  0.4331520448E+00 
 2008  6264    14  0.2684857143E+01  0.4896710058E+00 
 2008  6270    14  0.3099214286E+01  0.4701562322E+00 
 2008  6276    14  0.3480857143E+01  0.4205572591E+00 
 2008  6282    14  0.3460571429E+01  0.3966035650E+00 
 2008  6288    14  0.3031285714E+01  0.4278565228E+00 
 2008  6294    14  0.2322214286E+01  0.4317636884E+00 
 2008  6300    14  0.1685714286E+01  0.4144797821E+00 
 2008  6306    14  0.1185278571E+01  0.4473863115E+00 
 2008  6312    14  0.1335857143E+01  0.5641294719E+00 
 2008  6318    14  0.2343142857E+01  0.6513720527E+00 
 2008  6324    14  0.4017357143E+01  0.6071598527E+00 
 2008  6330    14  0.5177214286E+01  0.3866696964E+00 
 2008  6336    14  0.5670285714E+01  0.2621257682E+00 
 2008  6342    14  0.5710571429E+01  0.2484005160E+00 
 2008  6348    14  0.5567928571E+01  0.2806491109E+00 
 2008  6354    14  0.5012214286E+01  0.2706070368E+00 
 2008  6360    14  0.4781285714E+01  0.2676296558E+00 
 2008  6366    14  0.4849642857E+01  0.3126002941E+00 
 2008  6372    14  0.5235071429E+01  0.3191794086E+00 
 2008  6378    14  0.5246571429E+01  0.4447938069E+00 
 2008  6384    14  0.5175714286E+01  0.4916497633E+00 
 2008  6390    14  0.4906928571E+01  0.6256378990E+00 
 2008  6396    14  0.4858714286E+01  0.6311511511E+00 
 2008  6402    14  0.4404857143E+01  0.6047388878E+00 
 2008  6408    14  0.4457857143E+01  0.5844191081E+00 
 2008  6414    14  0.4062428571E+01  0.5591475290E+00 
 2008  6420    14  0.3576928571E+01  0.5151304224E+00 
 2008  6426    14  0.2657142857E+01  0.5385352962E+00 
 2008  6432    14  0.2149428571E+01  0.5545871971E+00 
 2008  6438    14  0.1151742857E+01  0.5922483030E+00 
 2008  6444    14  0.1515285714E+00  0.5422889141E+00 
 2008  6450    14  -0.8490714286E+00  0.5276370769E+00 
 2008  6456    14  -0.1112235714E+01  0.4830996135E+00 
 2008  6462    14  -0.1194557143E+01  0.3648944754E+00 
 2008  6468    14  -0.1299085714E+01  0.2621485453E+00 
 2008  6474    14  -0.1364557143E+01  0.2162956466E+00 
 2008  6480    14  -0.1372264286E+01  0.2797204564E+00 
 2008  6486    14  -0.1466335714E+01  0.3389138441E+00 
 2008  6492    14  -0.1227500000E+01  0.4396511702E+00 
 2008  6498    14  -0.8358857143E+00  0.5786723177E+00 
 2008  6504    14  -0.7253557143E+00  0.6963003985E+00 
 2008  6510    14  -0.8464914286E+00  0.7935332247E+00 
 2008  6516    14  -0.6016885714E+00  0.7586458500E+00 
 2008  6522    14  0.8921428571E-01  0.5661601538E+00 
 2008  6528    14  0.4700857143E+00  0.4133119030E+00 
 2008  6534    14  0.3777214286E+00  0.2114679077E+00 
 2008  6540    14  -0.5969178571E+00  0.4212645573E+00 
 2008  6546    14  -0.1587264286E+01  0.4513542726E+00 
 2008  6552    14  -0.2471428571E+01  0.3621273877E+00 
 2008  6558    14  -0.2832214286E+01  0.1769371069E+00 
 2008  6564    14  -0.2212214286E+01  0.1836172955E+00 
 2008  6570    14  -0.1257378571E+01  0.2120224186E+00 
 2008  6576    14  -0.1152921429E+01  0.2253272990E+00 
 2008  6582    14  -0.1135635714E+01  0.2446406479E+00 
 2008  6588    14  -0.4314064286E+00  0.3149864847E+00 
 2008  6594    14  0.3084860000E+00  0.2645917485E+00 
 2008  6600    14  0.7549928571E+00  0.2685758751E+00 
 2008  6606    14  0.1371771429E+01  0.2474993663E+00 
 2008  6612    14  0.1784714286E+01  0.9115483576E-01 
 2008  6618    14  0.1600571429E+01  0.9741128879E-01 
 2008  6624    14  0.1454785714E+01  0.1206181570E+00 
 2008  6630    14  0.1890785714E+01  0.1899493085E+00 
 2008  6636    14  0.2256214286E+01  0.1389003644E+00 
 2008  6642    14  0.1208650000E+01  0.4376000257E+00 
 2008  6648    14  -0.3614571429E+00  0.6149750816E+00 
 2008  6654    14  -0.1345614286E+01  0.4435413346E+00 
 2008  6660    14  -0.1089378571E+01  0.4342277730E+00 
 2008  6666    14  -0.3979509286E+00  0.4971713929E+00 
 2008  6672    14  -0.1574642857E+00  0.5348820359E+00 
 2008  6678    14  -0.1005207143E+00  0.4932964995E+00 
 2008  6684    14  0.1052750000E+01  0.4740602851E+00 
 2008  6690    14  0.2079928571E+01  0.3819288386E+00 
 2008  6696    14  0.3151428571E+01  0.1840258966E+00 
 2008  6702    14  0.2435000000E+01  0.3083298327E+00 
 2008  6708    14  -0.4939185714E+00  0.6479590092E+00 
 2008  6714    14  -0.1415528571E+01  0.7892002185E+00 
 2008  6720    14  0.8721642857E+00  0.9205797805E+00 
 2008  6726    14  0.2923000000E+01  0.4421362104E+00 
 2008  6732    14  0.3870071429E+01  0.9755032715E-01 
 2008  6738    14  0.3100285714E+01  0.4133399550E+00 
 2008  6744    14  0.1564421429E+01  0.4902627840E+00 
 2008  6750    14  0.1419107143E+00  0.3259698827E+00 
 2008  6756    14  -0.4544928571E+00  0.2222810205E+00 
 2008  6762    14  -0.7894071429E+00  0.1109284806E+00 
 2008  6768    14  -0.1433428571E+01  0.1399330015E+00 
 2008  6774    14  -0.2525714286E+01  0.1259015650E+00 
 2008  6780    14  -0.3333928571E+01  0.1903753677E+00 
 2008  6786    14  -0.3658000000E+01  0.3029632227E+00 
 2008  6792    14  -0.3890000000E+01  0.3708954416E+00 
 2008  6798    14  -0.3471142857E+01  0.2730849834E+00 
 2008  6804    14  -0.3010071429E+01  0.3292431720E+00 
 2008  6810    14  -0.1851785714E+01  0.4006115287E+00 
 2008  6816    14  -0.1257885714E+01  0.4533467828E+00 
 2008  6822    14  -0.1118428571E+01  0.5804123330E+00 
 2008  6828    14  -0.8604214286E+00  0.7232172349E+00 
 2008  6834    14  -0.7057107143E+00  0.7165597462E+00 
 2008  6840    14  -0.1232075000E+01  0.7904561357E+00 
 2008  6846    14  -0.2067885714E+01  0.8585862423E+00 
 2008  6852    14  -0.2629928571E+01  0.8856959704E+00 
 2008  6858    14  -0.2539285714E+01  0.6520912982E+00 
 2008  6864    14  -0.2652928571E+01  0.3650464675E+00 
 2008  6870    14  -0.3179857143E+01  0.1021936936E+00 
 2008  6876    14  -0.4049000000E+01  0.3550120722E+00 
 2008  6882    14  -0.4524785714E+01  0.3009941097E+00 
 2008  6888    14  -0.5098000000E+01  0.2760442511E+00 
 2008  6894    14  -0.5253714286E+01  0.2648658498E+00 
 2008  6900    14  -0.4934500000E+01  0.3994851597E+00 
 2008  6906    14  -0.4032071429E+01  0.3491103928E+00 
 2008  6912    14  -0.3306285714E+01  0.3908502506E+00 
 2008  6918    14  -0.2838285714E+01  0.4249177111E+00 
 2008  6924    14  -0.2176071429E+01  0.3414302824E+00 
 2008  6930    14  -0.1621642857E+01  0.1803681185E+00 
 2008  6936    14  -0.1507214286E+01  0.1915370828E+00 
 2008  6942    14  -0.1933571429E+01  0.4217281986E+00 
 2008  6948    14  -0.2585714286E+01  0.7424043400E+00 
 2008  6954    14  -0.2971714286E+01  0.1005436183E+01 
 2008  6960    14  -0.2981500000E+01  0.1092322477E+01 
 2008  6966    14  -0.2287371429E+01  0.1082581541E+01 
 2008  6972    14  -0.7350364286E+00  0.8358571423E+00 
 2008  6978    14  0.9049821429E+00  0.6672665262E+00 
 2008  6984    14  0.2116428571E+01  0.5014421651E+00 
 2008  6990    14  0.3113928571E+01  0.3948268091E+00 
 2008  6996    14  0.3899928571E+01  0.3214179443E+00 
 2008  7002    14  0.4660785714E+01  0.2040557272E+00 
 2008  7008    14  0.5176428571E+01  0.9406510989E-01 
 2008  7014    14  0.4945785714E+01  0.3074877880E+00 
 2008  7020    14  0.3984357143E+01  0.5537179023E+00 
 2008  7026    14  0.2886500000E+01  0.5479886274E+00 
 2008  7032    14  0.1981357143E+01  0.3856040914E+00 
 2008  7038    14  0.1414635714E+01  0.3256307278E+00 
 2008  7044    14  0.1088842857E+01  0.3059296925E+00 
 2008  7050    14  0.1136800000E+01  0.2898209940E+00 
 2008  7056    14  0.1047592857E+01  0.2573771259E+00 
 2008  7062    14  0.8361214286E+00  0.2108426061E+00 
 2008  7068    14  0.9527214286E+00  0.2485707694E+00 
 2008  7074    14  0.1143514286E+01  0.2231679696E+00 
 2008  7080    14  0.1034964286E+01  0.1807696427E+00 
 2008  7086    14  0.8482071429E+00  0.1521740050E+00 
 2008  7092    14  0.7899142857E+00  0.1474789760E+00 
 2008  7098    14  0.9115085714E+00  0.3495279847E+00 
 2008  7104    14  0.2420214286E-01  0.5523161834E+00 
 2008  7110    14  -0.1214507143E+01  0.6130699628E+00 
 2008  7116    14  -0.2035142857E+01  0.6775191992E+00 
 2008  7122    14  -0.2060857143E+01  0.6762966231E+00 
 2008  7128    14  -0.1095578714E+01  0.6944469810E+00 
 2008  7134    14  0.2502357143E+00  0.6370633469E+00 
 2008  7140    14  0.1318478571E+01  0.5398958645E+00 
 2008  7146    14  0.1328714286E+01  0.4008961922E+00 
 2008  7152    14  0.8381357143E+00  0.2225699813E+00 
 2008  7158    14  0.3220771429E+00  0.2984446504E+00 
 2008  7164    14  0.1118457143E+01  0.4904307796E+00 
 2008  7170    14  0.2628857143E+01  0.4627972183E+00 
 2008  7176    14  0.3358714286E+01  0.3244039432E+00 
 2008  7182    14  0.3024142857E+01  0.3559126813E+00 
 2008  7188    14  0.1795500000E+01  0.4832684480E+00 
 2008  7194    14  0.1078507143E+01  0.4349840235E+00 
 2008  7200    14  0.6829950000E+00  0.3596538731E+00 
 2008  7206    14  -0.3549664286E+00  0.3250069725E+00 
 2008  7212    14  -0.1065050000E+01  0.3204285072E+00 
 2008  7218    14  -0.1334828571E+01  0.3479602080E+00 
 2008  7224    14  -0.1233428571E+01  0.4290644414E+00 
 2008  7230    14  -0.9709000000E+00  0.4716077804E+00 
 2008  7236    14  -0.5489328571E+00  0.3450282652E+00 
 2008  7242    14  -0.2564642857E+00  0.3913275233E+00 
 2008  7248    14  -0.9249857143E+00  0.5445991394E+00 
 2008  7254    14  -0.1106079286E+01  0.6914848720E+00 
 2008  7260    14  -0.8846485714E+00  0.5779525199E+00 
 2008  7266    14  -0.9192985714E+00  0.6463548932E+00 
 2008  7272    14  -0.1277250000E+01  0.6738752786E+00 
 2008  7278    14  -0.4471421429E+00  0.5247914573E+00 
 2008  7284    14  0.1455757143E+01  0.5221934627E+00 
 2008  7290    14  0.3145642857E+01  0.4416782292E+00 
 2008  7296    14  0.3148857143E+01  0.4630366936E+00 
 2008  7302    14  0.1267950000E+01  0.6621279233E+00 
 2008  7308    14  -0.5494742857E+00  0.7723584420E+00 
 2008  7314    14  0.1749506429E+00  0.3477210333E+00 
 2008  7320    14  0.8951428571E+00  0.1555851844E+00 
 2008  7326    14  0.6335285714E+00  0.1964734712E+00 
 2008  7332    14  -0.1080285714E+01  0.4390199700E+00 
 2008  7338    14  -0.3106071429E+01  0.4448889852E+00 
 2008  7344    14  -0.4165071429E+01  0.7350530073E+00 
 2008  7350    14  -0.4579071429E+01  0.8244812624E+00 
 2008  7356    14  -0.4068071429E+01  0.5370414275E+00 
 2008  7362    14  -0.2572785714E+01  0.4407600868E+00 
 2008  7368    14  -0.1089264286E+01  0.5318798020E+00 
 2008  7374    14  -0.2576457143E+00  0.3821840610E+00 
 2008  7380    14  0.2077000000E+00  0.3400882133E+00 
 2008  7386    14  -0.6574071429E-01  0.4338911807E+00 
 2008  7392    14  -0.6402392857E+00  0.5304238791E+00 
 2008  7398    14  -0.1045457143E+01  0.4928749692E+00 
 2008  7404    14  -0.1637285714E+01  0.4194410275E+00 
 2008  7410    14  -0.2033642857E+01  0.2965189965E+00 
 2008  7416    14  -0.2888714286E+01  0.3095315420E+00 
 2008  7422    14  -0.3737357143E+01  0.3600766996E+00 
 2008  7428    14  -0.4348642857E+01  0.2355469644E+00 
 2008  7434    14  -0.4754785714E+01  0.1436683575E+00 
 2008  7440    14  -0.5303142857E+01  0.2640210644E+00 
 2008  7446    14  -0.5951571429E+01  0.4651704318E+00 
 2008  7452    14  -0.6138357143E+01  0.4751841158E+00 
 2008  7458    14  -0.5120928571E+01  0.4005011975E+00 
 2008  7464    14  -0.4427357143E+01  0.3521137412E+00 
 2008  7470    14  -0.4023642857E+01  0.3557454160E+00 
 2008  7476    14  -0.3373714286E+01  0.5460322372E+00 
 2008  7482    14  -0.2270071429E+01  0.4869499042E+00 
 2008  7488    14  -0.2044357143E+01  0.3269306626E+00 
 2008  7494    14  -0.2123571429E+01  0.2522251586E+00 
 2008  7500    14  -0.1845357143E+01  0.2114837404E+00 
 2008  7506    14  -0.1151550000E+01  0.2640426744E+00 
 2008  7512    14  -0.9993642857E+00  0.3943366104E+00 
 2008  7518    14  -0.8108392857E+00  0.4367746390E+00 
 2008  7524    14  -0.9274785714E+00  0.3244915235E+00 
 2008  7530    14  -0.1399142857E+01  0.2220404909E+00 
 2008  7536    14  -0.1904714286E+01  0.2293784859E+00 
 2008  7542    14  -0.1798928571E+01  0.2536976446E+00 
 2008  7548    14  -0.1270807143E+01  0.3833582891E+00 
 2008  7554    14  0.6867571429E-01  0.4797912349E+00 
 2008  7560    14  0.1466542857E+01  0.3619896165E+00 
 2008  7566    14  0.2366500000E+01  0.2065650192E+00 
 2008  7572    14  0.2934857143E+01  0.2537292869E+00 
 2008  7578    14  0.2551500000E+01  0.3968228734E+00 
 2008  7584    14  0.8268635714E+00  0.7006293321E+00 
 2008  7590    14  -0.7679014286E+00  0.5986966277E+00 
 2008  7596    14  -0.1391657143E+01  0.4849098557E+00 
 2008  7602    14  -0.1599164286E+01  0.4372223913E+00 
 2008  7608    14  -0.1351757143E+01  0.3622774740E+00 
 2008  7614    14  -0.1419728571E+01  0.3666584308E+00 
 2008  7620    14  -0.1879642857E+01  0.3336804732E+00 
 2008  7626    14  -0.2793357143E+01  0.3595750681E+00 
 2008  7632    14  -0.2547571429E+01  0.6423056364E+00 
 2008  7638    14  -0.7355871429E+00  0.5969934174E+00 
 2008  7644    14  0.5818285714E+00  0.3527305678E+00 
 2008  7650    14  0.1579785714E+01  0.3110755945E+00 
 2008  7656    14  0.2000500000E+01  0.1704614535E+00 
 2008  7662    14  0.1891071429E+01  0.1473802004E+00 
 2008  7668    14  0.1201100000E+01  0.2283186088E+00 
 2008  7674    14  0.5850764286E+00  0.2363281349E+00 
 2008  7680    14  -0.2213162143E+00  0.3344201104E+00 
 2008  7686    14  -0.1254600000E+01  0.3702572947E+00 
 2008  7692    14  -0.1823714286E+01  0.1984750537E+00 
 2008  7698    14  -0.2183714286E+01  0.1367643586E+00 
 2008  7704    14  -0.2518785714E+01  0.2926102182E+00 
 2008  7710    14  -0.3645928571E+01  0.5301294268E+00 
 2008  7716    14  -0.4367428571E+01  0.4392808594E+00 
 2008  7722    14  -0.4679285714E+01  0.3904988437E+00 
 2008  7728    14  -0.4695285714E+01  0.5185378383E+00 
 2008  7734    14  -0.4648214286E+01  0.6112543518E+00 
 2008  7740    14  -0.3910000000E+01  0.6022135359E+00 
 2008  7746    14  -0.1397635714E+01  0.6270151497E+00 
 2008  7752    14  -0.3841785714E-01  0.1889660855E+00 
 2008  7758    14  -0.7630642857E+00  0.3465965081E+00 
 2008  7764    14  -0.1747928571E+01  0.2468543423E+00 
 2008  7770    14  -0.8167207143E+00  0.4393987642E+00 
 2008  7776    14  0.2733276429E+00  0.3279070086E+00 
 2008  7782    14  -0.2989778571E+00  0.5522098893E+00 
 2008  7788    14  -0.1985428571E+01  0.5955413761E+00 
 2008  7794    14  -0.3561071429E+01  0.4298462290E+00 
 2008  7800    14  -0.3416000000E+01  0.5041395782E+00 
 2008  7806    14  -0.2213500000E+01  0.4019230115E+00 
 2008  7812    14  -0.2157785714E+01  0.2624141162E+00 
 2008  7818    14  -0.1696500000E+01  0.2304733483E+00 
 2008  7824    14  -0.2288000000E+01  0.3681820202E+00 
 2008  7830    14  -0.4001571429E+01  0.4175129963E+00 
 2008  7836    14  -0.4250357143E+01  0.2961559934E+00 
 2008  7842    14  -0.3503285714E+01  0.3915119828E+00 
 2008  7848    14  -0.4117571429E+01  0.2826779375E+00 
 2008  7854    14  -0.3678142857E+01  0.5070501324E+00 
 2008  7860    14  -0.1326714286E+01  0.5689414053E+00 
 2008  7866    14  0.1585507143E+01  0.4375013640E+00 
 2008  7872    14  0.2996000000E+01  0.1262412656E+00 
 2008  7878    14  0.3362142857E+01  0.4018634909E+00 
 2008  7884    14  0.1802257143E+01  0.7072128885E+00 
 2008  7890    14  0.2927857143E+00  0.5762580652E+00 
 2008  7896    14  0.6485994286E+00  0.5859542050E+00 
 2008  7902    14  0.1378307143E+01  0.2780865191E+00 
 2008  7908    14  0.3820000000E+00  0.1458115124E+00 
 2008  7914    14  -0.5114150000E+00  0.2933116509E+00 
 2008  7920    14  0.2757328571E+00  0.4078561869E+00 
 2008  7926    14  0.1224907143E+01  0.4998361024E+00 
 2008  7932    14  0.1117750000E+01  0.4102968485E+00 
 2008  7938    14  0.1534707143E+01  0.4272388232E+00 
 2008  7944    14  0.1321028571E+01  0.3035781929E+00 
 2008  7950    14  -0.3388096429E+00  0.6365765448E+00 
 2008  7956    14  -0.4464428571E+01  0.8230934433E+00 
 2008  7962    14  -0.5646071429E+01  0.6787994091E+00 
 2008  7968    14  -0.4540142857E+01  0.3147361383E+00 
 2008  7974    14  -0.3925285714E+01  0.1602147793E+00 
 2008  7980    14  -0.4179142857E+01  0.2255548261E+00 
 2008  7986    14  -0.3295214286E+01  0.6274537181E+00 
 2008  7992    14  -0.1373885714E+01  0.3490455534E+00 
 2008  7998    14  -0.7141214286E+00  0.2354575945E+00 
 2008  8004    14  -0.2407214286E+01  0.4086813601E+00 
 2008  8010    14  -0.2661071429E+01  0.2120324990E+00 
 2008  8016    14  -0.1191992857E+01  0.7349768329E+00 
 2008  8022    14  0.1947714286E+01  0.5867899878E+00 
 2008  8028    14  0.4127000000E+01  0.5389925788E+00 
 2008  8034    14  0.6163142857E+01  0.4816695455E+00 
 2008  8040    14  0.7738000000E+01  0.3725999387E+00 
 2008  8046    14  0.8667071429E+01  0.3185849212E+00 
 2008  8052    14  0.9326214286E+01  0.2838898626E+00 
 2008  8058    14  0.9656500000E+01  0.3823617864E+00 
 2008  8064    14  0.8636857143E+01  0.7021246183E+00 
 2008  8070    14  0.6553500000E+01  0.7828955185E+00 
 2008  8076    14  0.4378357143E+01  0.5993644976E+00 
 2008  8082    14  0.3084500000E+01  0.3608768587E+00 
 2008  8088    14  0.2463642857E+01  0.3334136442E+00 
 2008  8094    14  0.2154857143E+01  0.5316337162E+00 
 2008  8100    14  0.2292285714E+01  0.4491122082E+00 
 2008  8106    14  0.2649142857E+01  0.4502886149E+00 
 2008  8112    14  0.2789285714E+01  0.3362028360E+00 
 2008  8118    14  0.2294142857E+01  0.3491534368E+00 
 2008  8124    14  0.1872500000E+01  0.3801773552E+00 
 2008  8130    14  0.1717785714E+01  0.4096889375E+00 
 2008  8136    14  0.1311692857E+01  0.4016959982E+00 
 2008  8142    14  0.7670500000E+00  0.2410122307E+00 
 2008  8148    14  0.8884000000E+00  0.2562592047E+00 
 2008  8154    14  0.1931142857E+01  0.1172395942E+00 
 2008  8160    14  0.1623071429E+01  0.3105788293E+00 
 2008  8166    14  -0.1330000000E-01  0.3720396999E+00 
 2008  8172    14  -0.1465500000E+01  0.2097439766E+00 
 2008  8178    14  -0.2983928571E+01  0.3454182691E+00 
 2008  8184    14  -0.3221071429E+01  0.2415975001E+00 
 2008  8190    14  -0.2023714286E+01  0.3000058163E+00 
 2008  8196    14  -0.8390785714E+00  0.3563194858E+00 
 2008  8202    14  -0.1608135714E-01  0.3846240206E+00 
 2008  8208    14  0.4933150000E+00  0.4387931142E+00 
 2008  8214    14  0.1182000000E+01  0.3313221199E+00 
 2008  8220    14  0.1589428571E+01  0.1971774814E+00 
 2008  8226    14  0.1690071429E+01  0.2035535957E+00 
 2008  8232    14  0.1413821429E+00  0.3032790925E+00 
 2008  8238    14  -0.1009078571E+01  0.1497691327E+00 
 2008  8244    14  -0.1101892857E+01  0.1246387378E+00 
 2008  8250    14  -0.1695214286E+01  0.2341309702E+00 
 2008  8256    14  -0.1634664286E+00  0.7469221311E+00 
 2008  8262    14  0.2974000000E+01  0.5265225541E+00 
 2008  8268    14  0.5468642857E+01  0.3529590440E+00 
 2008  8274    14  0.7380285714E+01  0.1746786554E+00 
 2008  8280    14  0.7726928571E+01  0.2503812705E+00 
 2008  8286    14  0.7277071429E+01  0.4564271909E+00 
 2008  8292    14  0.5535500000E+01  0.4371625637E+00 
 2008  8298    14  0.4050000000E+01  0.3946906564E+00 
 2008  8304    14  0.2696714286E+01  0.2326365739E+00 
 2008  8310    14  0.1444714286E+01  0.2119297150E+00 
 2008  8316    14  0.9339714286E+00  0.3314229461E+00 
 2008  8322    14  -0.1851307143E+00  0.5887660571E+00 
 2008  8328    14  -0.2581500000E+01  0.7718547930E+00 
 2008  8334    14  -0.3403357143E+01  0.5415700202E+00 
 2008  8340    14  -0.2888714286E+01  0.5126434891E+00 
 2008  8346    14  -0.4701850000E+00  0.9333399698E+00 
 2008  8352    14  0.2911142857E+01  0.1117604061E+01 
 2008  8358    14  0.5137142857E+01  0.7058273623E+00 
 2008  8364    14  0.6116642857E+01  0.4565516098E+00 
 2008  8370    14  0.5584785714E+01  0.3703678053E+00 
 2008  8376    14  0.4236642857E+01  0.4396541834E+00 
 2008  8382    14  0.2574714286E+01  0.5066660535E+00 
 2008  8388    14  0.1666178571E+01  0.5123318486E+00 
 2008  8394    14  0.1615021429E+01  0.5093644979E+00 
 2008  8400    14  0.6354500000E+00  0.6871650797E+00 
 2008  8406    14  -0.6768171429E+00  0.7596160780E+00 
 2008  8412    14  -0.4554357143E+00  0.4808355118E+00 
 2008  8418    14  0.1400200000E+01  0.5698336524E+00 
 2008  8424    14  0.2682428571E+01  0.6355941781E+00 
 2008  8430    14  0.4374857143E+01  0.5742912224E+00 
 2008  8436    14  0.5799571429E+01  0.3334237360E+00 
 2008  8442    14  0.6268500000E+01  0.1994674159E+00 
 2008  8448    14  0.5295071429E+01  0.4416809554E+00 
 2008  8454    14  0.3680214286E+01  0.5111077855E+00 
 2008  8460    14  0.3525428571E+01  0.3924262832E+00 
 2008  8466    14  0.3931500000E+01  0.2494052210E+00 
 2008  8472    14  0.4095785714E+01  0.2320428466E+00 
 2008  8478    14  0.4227142857E+01  0.2487858681E+00 
 2008  8484    14  0.4062071429E+01  0.2985030424E+00 
 2008  8490    14  0.3842285714E+01  0.2938090800E+00 
 2008  8496    14  0.3634000000E+01  0.2954708107E+00 
 2008  8502    14  0.3563285714E+01  0.3793233503E+00 
 2008  8508    14  0.3439714286E+01  0.3356431840E+00 
 2008  8514    14  0.3761928571E+01  0.3857025990E+00 
 2008  8520    14  0.3674642857E+01  0.3614578828E+00 
 2008  8526    14  0.3761571429E+01  0.4553340554E+00 
 2008  8532    14  0.3619857143E+01  0.5252678034E+00 
 2008  8538    14  0.3945857143E+01  0.3894075825E+00 
 2008  8544    14  0.4009642857E+01  0.2503362331E+00 
 2008  8550    14  0.3661428571E+01  0.2177061303E+00 
 2008  8556    14  0.3373642857E+01  0.1630138500E+00 
 2008  8562    14  0.3276428571E+01  0.1485966325E+00 
 2008  8568    14  0.3074071429E+01  0.1489206233E+00 
 2008  8574    14  0.3117642857E+01  0.1431835022E+00 
 2008  8580    14  0.3279285714E+01  0.1618069522E+00 
 2008  8586    14  0.3771785714E+01  0.2452727865E+00 
 2008  8592    14  0.3956571429E+01  0.2937957780E+00 
 2008  8598    14  0.4410785714E+01  0.3012035806E+00 
 2008  8604    14  0.4692071429E+01  0.2793575447E+00 
 2008  8610    14  0.5118357143E+01  0.3386980550E+00 
 2008  8616    14  0.5183857143E+01  0.2637008200E+00 
 2008  8622    14  0.5211571429E+01  0.3090644210E+00 
 2008  8628    14  0.5028285714E+01  0.3341905848E+00 
 2008  8634    14  0.4636714286E+01  0.3738692339E+00 
 2008  8640    14  0.4214000000E+01  0.3643059938E+00 
 2008  8646    14  0.3884071429E+01  0.3750138025E+00 
 2008  8652    14  0.3850714286E+01  0.3638840923E+00 
 2008  8658    14  0.3156142857E+01  0.4305555974E+00 
 2008  8664    14  0.1214491429E+01  0.7215892485E+00 
 2008  8670    14  -0.6196835714E+00  0.5932051749E+00 
 2008  8676    14  -0.1795071429E+01  0.5637595060E+00 
 2008  8682    14  -0.2362857143E+01  0.6250603236E+00 
 2008  8688    14  -0.2770071429E+01  0.5181193277E+00 
 2008  8694    14  -0.2729571429E+01  0.4983138303E+00 
 2008  8700    14  -0.2501142857E+01  0.3718616980E+00 
 2008  8706    14  -0.1932142857E+01  0.3076888171E+00 
 2008  8712    14  -0.1654071429E+01  0.2120853818E+00 
 2008  8718    14  -0.1479500000E+01  0.1613247612E+00 
 2008  8724    14  -0.1616000000E+01  0.2411383717E+00 
 2008  8730    14  -0.1615714286E+01  0.2562720175E+00 
 2008  8736    14  -0.2222857143E+01  0.2941901370E+00 
 2008  8742    14  -0.3161785714E+01  0.3535762554E+00 
 2008  8748    14  -0.5381000000E+01  0.7273748297E+00 
 2008  8754    14  -0.7673357143E+01  0.7114651489E+00 
 2008  8760    14  -0.7613428571E+01  0.6380382562E+00 
 2008  8766    14  -0.6564500000E+01  0.3878412322E+00 
 2008  8772    14  -0.5094428571E+01  0.3589933772E+00 
 2008  8778    14  -0.4836500000E+01  0.6704035831E+00 
 2008  8784    14  -0.3763857143E+01  0.3938587232E+00 
