 2008  0006    4  -0.9338000000E+00  0.3777301418E+00 
 2008  0012    4  -0.4735025000E+00  0.4099808819E+00 
 2008  0018    4  -0.3838150000E+00  0.4724491785E+00 
 2008  0024    4  -0.4417550000E+00  0.4599313563E+00 
 2008  0030    4  -0.4616975000E+00  0.4093694261E+00 
 2008  0036    4  -0.5059250000E+00  0.4192890791E+00 
 2008  0042    4  -0.4430900000E+00  0.4802072025E+00 
 2008  0048    4  -0.4447575000E+00  0.4991947830E+00 
 2008  0054    4  -0.6458750000E+00  0.4011080987E+00 
 2008  0060    4  -0.6566250000E+00  0.4514333416E+00 
 2008  0066    4  -0.1617800000E+00  0.4746547552E+00 
 2008  0072    4  -0.2843350000E+00  0.4740117917E+00 
 2008  0078    4  -0.4278000000E+00  0.4282392614E+00 
 2008  0084    4  -0.2628327500E+00  0.4811848258E+00 
 2008  0090    4  -0.9454750000E-01  0.5380701053E+00 
 2008  0096    4  0.2018250000E+00  0.5466520117E+00 
 2008  0102    4  -0.1749750000E+00  0.5253558716E+00 
 2008  0108    4  0.1162500000E+00  0.5137335520E+00 
 2008  0114    4  0.2586500000E-01  0.5491150478E+00 
 2008  0120    4  -0.9975000000E-02  0.4782233546E+00 
 2008  0126    4  -0.1341050000E+00  0.4365087995E+00 
 2008  0132    4  -0.1069525000E+00  0.4861300482E+00 
 2008  0138    4  0.7222000000E-01  0.5224417003E+00 
 2008  0144    4  -0.1993875000E+00  0.4935756228E+00 
 2008  0150    4  -0.8578750000E+00  0.4073644706E+00 
 2008  0156    4  -0.5124675000E+00  0.4824951732E+00 
 2008  0162    4  -0.3968250000E+00  0.5180925322E+00 
 2008  0168    4  -0.4386675000E+00  0.4805553211E+00 
 2008  0174    4  -0.4764000000E+00  0.4104009990E+00 
 2008  0180    4  -0.1294250000E+00  0.4064727997E+00 
 2008  0186    4  -0.1891550000E+00  0.4402016732E+00 
 2008  0192    4  -0.5973000000E+00  0.4321196189E+00 
 2008  0198    4  -0.6666000000E+00  0.3784731364E+00 
 2008  0204    4  -0.4748200000E+00  0.4522100067E+00 
 2008  0210    4  -0.8083500000E+00  0.4308404200E+00 
 2008  0216    4  -0.3350125000E+00  0.4160265468E+00 
 2008  0222    4  -0.6611250000E+00  0.3553023879E+00 
 2008  0228    4  -0.5625500000E+00  0.4134827354E+00 
 2008  0234    4  -0.6237250000E+00  0.3991242374E+00 
 2008  0240    4  -0.6879250000E+00  0.3924077049E+00 
 2008  0246    4  -0.1114800000E+01  0.2814349214E+00 
 2008  0252    4  -0.5788500000E+00  0.4067292312E+00 
 2008  0258    4  -0.4669000000E+00  0.3980614463E+00 
 2008  0264    4  -0.8619750000E+00  0.3382125025E+00 
 2008  0270    4  -0.1313750000E+01  0.2943385593E+00 
 2008  0276    4  -0.7537250000E+00  0.3725525089E+00 
 2008  0282    4  -0.5129500000E+00  0.4002901479E+00 
 2008  0288    4  -0.5522750000E+00  0.3697163533E+00 
 2008  0294    4  -0.9005750000E+00  0.3609473395E+00 
 2008  0300    4  -0.6235500000E+00  0.4002042322E+00 
 2008  0306    4  -0.6280500000E+00  0.4425329959E+00 
 2008  0312    4  -0.8444000000E+00  0.4483775808E+00 
 2008  0318    4  -0.7435750000E+00  0.3994543051E+00 
 2008  0324    4  -0.4924250000E+00  0.4067300356E+00 
 2008  0330    4  -0.4439025000E+00  0.4244127702E+00 
 2008  0336    4  -0.4610250000E+00  0.3701149847E+00 
 2008  0342    4  -0.6519500000E+00  0.3792295446E+00 
 2008  0348    4  -0.3856850000E+00  0.3683739129E+00 
 2008  0354    4  -0.2842480000E+00  0.4243321622E+00 
 2008  0360    4  -0.6616750000E+00  0.3884823765E+00 
 2008  0366    4  -0.7882000000E+00  0.3270542233E+00 
 2008  0372    4  -0.4765250000E+00  0.3527440104E+00 
 2008  0378    4  -0.3236750000E+00  0.3891031418E+00 
 2008  0384    4  -0.4673000000E+00  0.3808368745E+00 
 2008  0390    4  -0.6581000000E+00  0.3617024122E+00 
 2008  0396    4  -0.2358700000E+00  0.3859126213E+00 
 2008  0402    4  -0.1299575000E+00  0.4574636274E+00 
 2008  0408    4  -0.1989900000E+00  0.4520261954E+00 
 2008  0414    4  -0.6635750000E+00  0.3929444896E+00 
 2008  0420    4  -0.3172750000E+00  0.4445574281E+00 
 2008  0426    4  -0.2031075000E+00  0.4377264033E+00 
 2008  0432    4  -0.1970100000E+00  0.4502910784E+00 
 2008  0438    4  -0.8190250000E+00  0.3633763915E+00 
 2008  0444    4  -0.3920900000E+00  0.3719879102E+00 
 2008  0450    4  -0.2806852500E+00  0.4851864081E+00 
 2008  0456    4  -0.1413050000E+00  0.4498431718E+00 
 2008  0462    4  -0.6690500000E+00  0.3744439511E+00 
 2008  0468    4  -0.4690250000E+00  0.4122923743E+00 
 2008  0474    4  -0.4706475000E+00  0.4696875416E+00 
 2008  0480    4  -0.4151667500E+00  0.4341129588E+00 
 2008  0486    4  -0.6448500000E+00  0.3814257824E+00 
 2008  0492    4  -0.3574050000E+00  0.3770417193E+00 
 2008  0498    4  -0.3694050000E+00  0.4520585963E+00 
 2008  0504    4  -0.1474000000E+00  0.4167793121E+00 
 2008  0510    4  -0.4264175000E+00  0.4147819113E+00 
 2008  0516    4  -0.4745500000E+00  0.4257807094E+00 
 2008  0522    4  -0.3477577500E+00  0.4781633184E+00 
 2008  0528    4  -0.3584600000E+00  0.4021591825E+00 
 2008  0534    4  -0.5260000000E+00  0.4042268979E+00 
 2008  0540    4  -0.3795375000E+00  0.4051681280E+00 
 2008  0546    4  -0.4450250000E+00  0.4338245071E+00 
 2008  0552    4  -0.4443775000E+00  0.4262565243E+00 
 2008  0558    4  -0.9479250000E+00  0.3346524120E+00 
 2008  0564    4  -0.5879500000E+00  0.3808775164E+00 
 2008  0570    4  -0.4469050000E+00  0.4118701362E+00 
 2008  0576    4  -0.7707500000E+00  0.4315172389E+00 
 2008  0582    4  -0.1265375000E+01  0.3523534048E+00 
 2008  0588    4  -0.5384750000E+00  0.3838835851E+00 
 2008  0594    4  -0.4757000000E+00  0.4005103557E+00 
 2008  0600    4  -0.5665500000E+00  0.3938165912E+00 
 2008  0606    4  -0.8271750000E+00  0.3411274423E+00 
 2008  0612    4  -0.3595900000E+00  0.3788189176E+00 
 2008  0618    4  -0.4753250000E+00  0.4050388338E+00 
 2008  0624    4  -0.9178250000E+00  0.4040465652E+00 
 2008  0630    4  -0.1484500000E+01  0.3460393764E+00 
 2008  0636    4  -0.1090175000E+01  0.3924262885E+00 
 2008  0642    4  -0.8172750000E+00  0.4568123213E+00 
 2008  0648    4  -0.1014300000E+01  0.3979618638E+00 
 2008  0654    4  -0.1222825000E+01  0.3159062074E+00 
 2008  0660    4  -0.6535500000E+00  0.4093255275E+00 
 2008  0666    4  -0.5226000000E+00  0.4369597979E+00 
 2008  0672    4  -0.3822750000E+00  0.4294068431E+00 
 2008  0678    4  -0.7706750000E+00  0.2969882942E+00 
 2008  0684    4  -0.6518250000E+00  0.3807735047E+00 
 2008  0690    4  -0.5858500000E+00  0.4160150148E+00 
 2008  0696    4  -0.5773750000E+00  0.3612450441E+00 
 2008  0702    4  -0.1277800000E+01  0.2897350859E+00 
 2008  0708    4  -0.3830187500E+00  0.3850125304E+00 
 2008  0714    4  -0.2269000000E+00  0.4434664643E+00 
 2008  0720    4  -0.2241425000E+00  0.3986151031E+00 
 2008  0726    4  -0.8854500000E+00  0.3234556963E+00 
 2008  0732    4  -0.4507675000E+00  0.4001963295E+00 
 2008  0738    4  -0.8064000000E+00  0.4170593183E+00 
 2008  0744    4  -0.8736750000E+00  0.4138363044E+00 
 2008  0750    4  -0.1486500000E+01  0.3026702001E+00 
 2008  0756    4  -0.1082375000E+01  0.3561522032E+00 
 2008  0762    4  -0.7616000000E+00  0.4257286695E+00 
 2008  0768    4  -0.8688250000E+00  0.4102010384E+00 
 2008  0774    4  -0.1148175000E+01  0.3212345590E+00 
 2008  0780    4  -0.7105250000E+00  0.3351359081E+00 
 2008  0786    4  -0.2513350000E+00  0.4037369635E+00 
 2008  0792    4  -0.5913750000E+00  0.3908083378E+00 
 2008  0798    4  -0.9220250000E+00  0.2988049228E+00 
 2008  0804    4  -0.5113250000E+00  0.3511919231E+00 
 2008  0810    4  0.8184750000E-01  0.3932491116E+00 
 2008  0816    4  -0.3208225000E+00  0.3714831638E+00 
 2008  0822    4  -0.2025600000E+00  0.2712523043E+00 
 2008  0828    4  0.2869750000E+00  0.3457227818E+00 
 2008  0834    4  0.2037500000E+00  0.4163899464E+00 
 2008  0840    4  0.3204500000E+00  0.3565912120E+00 
 2008  0846    4  0.6252500000E-01  0.3127599429E+00 
 2008  0852    4  0.3737750000E+00  0.3566460737E+00 
 2008  0858    4  0.2955750000E+00  0.4312601325E+00 
 2008  0864    4  0.7482500000E-01  0.4258481383E+00 
 2008  0870    4  0.2934500000E+00  0.4490249687E+00 
 2008  0876    4  0.2773750000E+00  0.4199055511E+00 
 2008  0882    4  0.3043250000E+00  0.4742581543E+00 
 2008  0888    4  0.5151750000E+00  0.4332920226E+00 
 2008  0894    4  -0.1016800000E+00  0.3814017451E+00 
 2008  0900    4  0.3956000000E+00  0.4479908872E+00 
 2008  0906    4  0.4191000000E+00  0.4699423475E+00 
 2008  0912    4  0.3935000000E+00  0.4137087019E+00 
 2008  0918    4  -0.1172075000E+00  0.3579997516E+00 
 2008  0924    4  0.1753250000E+00  0.4292653106E+00 
 2008  0930    4  0.6650000000E-01  0.4636470802E+00 
 2008  0936    4  -0.2035325000E+00  0.3506170998E+00 
 2008  0942    4  -0.5055250000E+00  0.3548781578E+00 
 2008  0948    4  -0.2073500000E+00  0.4146406185E+00 
 2008  0954    4  0.5432500000E-01  0.5100261384E+00 
 2008  0960    4  -0.2909500000E-01  0.4164507415E+00 
 2008  0966    4  -0.2102025000E+00  0.4018790776E+00 
 2008  0972    4  -0.1973250000E+00  0.4627005099E+00 
 2008  0978    4  -0.2637850000E+00  0.5479401579E+00 
 2008  0984    4  -0.5214000000E+00  0.4341088400E+00 
 2008  0990    4  -0.1336750000E+01  0.3841174137E+00 
 2008  0996    4  -0.5727500000E+00  0.4109446952E+00 
 2008  1002    4  -0.3066200000E+00  0.4856958289E+00 
 2008  1008    4  -0.5498750000E+00  0.4427232057E+00 
 2008  1014    4  -0.1102200000E+01  0.4016694412E+00 
 2008  1020    4  -0.5234750000E+00  0.4337649443E+00 
 2008  1026    4  -0.5764000000E+00  0.4816374518E+00 
 2008  1032    4  -0.5206875000E+00  0.4676234468E+00 
 2008  1038    4  -0.7928750000E+00  0.4537376906E+00 
 2008  1044    4  -0.4340225000E+00  0.4806635253E+00 
 2008  1050    4  -0.4456950000E+00  0.5070372581E+00 
 2008  1056    4  -0.3620200000E+00  0.4574886908E+00 
 2008  1062    4  -0.3843725000E+00  0.4316619398E+00 
 2008  1068    4  -0.1379475000E+00  0.4558825412E+00 
 2008  1074    4  0.1186000000E+00  0.4663358607E+00 
 2008  1080    4  -0.4869200000E+00  0.4477947501E+00 
 2008  1086    4  -0.1057125000E+01  0.3821545393E+00 
 2008  1092    4  -0.3880725000E+00  0.4442720633E+00 
 2008  1098    4  -0.2778050000E+00  0.4461056625E+00 
 2008  1104    4  -0.3594175000E+00  0.4361593039E+00 
 2008  1110    4  -0.8776250000E+00  0.3914509444E+00 
 2008  1116    4  -0.4724750000E+00  0.3994790005E+00 
 2008  1122    4  -0.4824150000E+00  0.4683408659E+00 
 2008  1128    4  -0.4988400000E+00  0.4520485160E+00 
 2008  1134    4  -0.1330500000E+01  0.3167060940E+00 
 2008  1140    4  -0.6754500000E+00  0.3701821207E+00 
 2008  1146    4  -0.6891250000E+00  0.4268120744E+00 
 2008  1152    4  -0.9337250000E+00  0.3949239634E+00 
 2008  1158    4  -0.1814500000E+01  0.2893255087E+00 
 2008  1164    4  -0.9257000000E+00  0.3999632421E+00 
 2008  1170    4  -0.9107250000E+00  0.4608601435E+00 
 2008  1176    4  -0.7900250000E+00  0.4102757754E+00 
 2008  1182    4  -0.9591250000E+00  0.3624924577E+00 
 2008  1188    4  -0.3786625000E+00  0.4244690203E+00 
 2008  1194    4  -0.1702500000E+00  0.4944724155E+00 
 2008  1200    4  0.6277500000E-01  0.4991589996E+00 
 2008  1206    4  -0.8230125000E-01  0.3939793721E+00 
 2008  1212    4  0.2413500000E+00  0.4303877176E+00 
 2008  1218    4  0.1084250000E+00  0.4710370653E+00 
 2008  1224    4  -0.1335000000E-01  0.4855599165E+00 
 2008  1230    4  -0.4307350000E+00  0.3692804472E+00 
 2008  1236    4  -0.1524425000E+00  0.4453159383E+00 
 2008  1242    4  -0.3442125000E+00  0.4356537807E+00 
 2008  1248    4  -0.4025175000E+00  0.4134663008E+00 
 2008  1254    4  -0.9060250000E+00  0.2654326315E+00 
 2008  1260    4  -0.4586800000E+00  0.3873162406E+00 
 2008  1266    4  0.3910000000E-02  0.4631065960E+00 
 2008  1272    4  -0.3105450000E+00  0.3791237342E+00 
 2008  1278    4  -0.1094750000E+01  0.2828948700E+00 
 2008  1284    4  -0.4730250000E+00  0.3671250902E+00 
 2008  1290    4  -0.2275000000E-02  0.4301217931E+00 
 2008  1296    4  -0.7984500000E-01  0.4148210507E+00 
 2008  1302    4  -0.3659530750E+00  0.3444330043E+00 
 2008  1308    4  -0.1585625000E+00  0.3679081854E+00 
 2008  1314    4  -0.5562325000E-01  0.4371465405E+00 
 2008  1320    4  -0.4332125000E+00  0.4048673801E+00 
 2008  1326    4  -0.7372000000E+00  0.3912288141E+00 
 2008  1332    4  -0.1264825000E+00  0.4061267066E+00 
 2008  1338    4  -0.1981425000E+00  0.4140894836E+00 
 2008  1344    4  -0.2033425000E+00  0.4142235235E+00 
 2008  1350    4  -0.5994750000E+00  0.3218938519E+00 
 2008  1356    4  -0.2889750000E+00  0.3669639275E+00 
 2008  1362    4  -0.4255825000E+00  0.3998972348E+00 
 2008  1368    4  -0.3619825000E+00  0.3856413368E+00 
 2008  1374    4  -0.7819500000E+00  0.3177692913E+00 
 2008  1380    4  -0.6113000000E+00  0.3657128177E+00 
 2008  1386    4  -0.6242750000E+00  0.3927179610E+00 
 2008  1392    4  -0.7229000000E+00  0.4461407065E+00 
 2008  1398    4  -0.7229750000E+00  0.3289428702E+00 
 2008  1404    4  -0.4027850000E+00  0.4227958877E+00 
 2008  1410    4  -0.3141450000E+00  0.4292696648E+00 
 2008  1416    4  -0.3990000000E+00  0.4523742754E+00 
 2008  1422    4  -0.1069150000E+01  0.3664155462E+00 
 2008  1428    4  -0.8934500000E+00  0.3704891463E+00 
 2008  1434    4  -0.8272750000E+00  0.3908741318E+00 
 2008  1440    4  -0.1144625000E+01  0.3459825890E+00 
 2008  1446    4  -0.1705750000E+01  0.2620270740E+00 
 2008  1452    4  -0.9585250000E+00  0.3367300950E+00 
 2008  1458    4  -0.6516000000E+00  0.3474630628E+00 
 2008  1464    4  -0.6840500000E+00  0.3616400593E+00 
 2008  1470    4  -0.1027825000E+01  0.2617564362E+00 
 2008  1476    4  -0.5910750000E+00  0.3981843880E+00 
 2008  1482    4  -0.3626200000E+00  0.3869178107E+00 
 2008  1488    4  -0.1038625000E+01  0.3515069727E+00 
 2008  1494    4  -0.1480750000E+01  0.2727850573E+00 
 2008  1500    4  -0.9599750000E+00  0.3219976427E+00 
 2008  1506    4  -0.8317500000E+00  0.3939814748E+00 
 2008  1512    4  -0.8304000000E+00  0.3709424147E+00 
 2008  1518    4  -0.1126750000E+01  0.2921452849E+00 
 2008  1524    4  -0.5763000000E+00  0.4045846945E+00 
 2008  1530    4  -0.3867152500E+00  0.4352429922E+00 
 2008  1536    4  -0.6050250000E+00  0.4017220206E+00 
 2008  1542    4  -0.9489750000E+00  0.3947550783E+00 
 2008  1548    4  -0.7004000000E+00  0.3929335504E+00 
 2008  1554    4  -0.6904000000E+00  0.4358230145E+00 
 2008  1560    4  -0.6636750000E+00  0.4733405084E+00 
 2008  1566    4  -0.1030925000E+01  0.3287864305E+00 
 2008  1572    4  -0.8174750000E+00  0.3869723335E+00 
 2008  1578    4  -0.7889500000E+00  0.4506184223E+00 
 2008  1584    4  -0.6986750000E+00  0.4346139515E+00 
 2008  1590    4  -0.7428000000E+00  0.4013158669E+00 
 2008  1596    4  -0.5224500000E+00  0.4026424065E+00 
 2008  1602    4  -0.6708000000E+00  0.3749451893E+00 
 2008  1608    4  -0.7939250000E+00  0.4110042054E+00 
 2008  1614    4  -0.1139200000E+01  0.2894914852E+00 
 2008  1620    4  -0.6102500000E+00  0.3419384484E+00 
 2008  1626    4  -0.2865000000E+00  0.3566701557E+00 
 2008  1632    4  -0.4569500000E+00  0.3526403019E+00 
 2008  1638    4  -0.1108525000E+01  0.2512822653E+00 
 2008  1644    4  -0.4946000000E+00  0.3533047905E+00 
 2008  1650    4  -0.5696500000E+00  0.3648086656E+00 
 2008  1656    4  -0.6548250000E+00  0.3466647255E+00 
 2008  1662    4  -0.1047625000E+01  0.2698170526E+00 
 2008  1668    4  -0.5684250000E+00  0.3448647008E+00 
 2008  1674    4  -0.3906725000E+00  0.4227674269E+00 
 2008  1680    4  -0.3519525000E+00  0.3814150466E+00 
 2008  1686    4  -0.5693000000E+00  0.3374562046E+00 
 2008  1692    4  -0.1748750000E+00  0.4230980641E+00 
 2008  1698    4  -0.2937300000E+00  0.4342223164E+00 
 2008  1704    4  -0.4509500000E+00  0.3748361142E+00 
 2008  1710    4  -0.7072500000E+00  0.3360641419E+00 
 2008  1716    4  -0.7328750000E+00  0.4138278227E+00 
 2008  1722    4  -0.9282250000E+00  0.4441013138E+00 
 2008  1728    4  -0.8601500000E+00  0.4271224795E+00 
 2008  1734    4  -0.1031700000E+01  0.3056381357E+00 
 2008  1740    4  -0.4642450000E+00  0.4234074941E+00 
 2008  1746    4  -0.1316150000E+00  0.4414178266E+00 
 2008  1752    4  -0.2232200000E+00  0.4439506495E+00 
 2008  1758    4  -0.1573900000E+00  0.3494551077E+00 
 2008  1764    4  -0.2571500000E-01  0.4464451026E+00 
 2008  1770    4  0.4775500000E-01  0.4729185332E+00 
 2008  1776    4  -0.1082175000E+00  0.4267252429E+00 
 2008  1782    4  -0.3020604750E+00  0.3477455211E+00 
 2008  1788    4  0.7785250000E-01  0.4170306149E+00 
 2008  1794    4  -0.5238750000E-01  0.4444441084E+00 
 2008  1800    4  -0.3808950000E+00  0.4510382492E+00 
 2008  1806    4  -0.7638750000E+00  0.3445898749E+00 
 2008  1812    4  -0.5718250000E+00  0.4068025097E+00 
 2008  1818    4  -0.5416750000E+00  0.4283382389E+00 
 2008  1824    4  -0.7041000000E+00  0.4851312554E+00 
 2008  1830    4  -0.9449500000E+00  0.3923191144E+00 
 2008  1836    4  -0.5390000000E+00  0.4235994747E+00 
 2008  1842    4  0.5722500000E-01  0.4563839249E+00 
 2008  1848    4  -0.1060900000E+00  0.4521122350E+00 
 2008  1854    4  -0.7181500000E+00  0.3728196783E+00 
 2008  1860    4  -0.2230875000E+00  0.3675272130E+00 
 2008  1866    4  0.1492500000E-02  0.4564179556E+00 
 2008  1872    4  -0.1695250000E+00  0.3867479565E+00 
 2008  1878    4  -0.8093250000E+00  0.3163381369E+00 
 2008  1884    4  -0.5254250000E+00  0.3529253064E+00 
 2008  1890    4  -0.3714325000E+00  0.3814038452E+00 
 2008  1896    4  -0.4588150000E+00  0.3951292961E+00 
 2008  1902    4  -0.7781000000E+00  0.3234955564E+00 
 2008  1908    4  -0.3208425000E+00  0.3777198372E+00 
 2008  1914    4  -0.1734000000E+00  0.4181427567E+00 
 2008  1920    4  -0.4130600000E+00  0.3756655851E+00 
 2008  1926    4  -0.1095225000E+01  0.2976725833E+00 
 2008  1932    4  -0.5525750000E+00  0.3707260334E+00 
 2008  1938    4  -0.4912500000E+00  0.4241763460E+00 
 2008  1944    4  -0.4917000000E+00  0.4037505108E+00 
 2008  1950    4  -0.8674500000E+00  0.3282936681E+00 
 2008  1956    4  -0.3182135000E+00  0.3833446041E+00 
 2008  1962    4  -0.3455075000E+00  0.4188390122E+00 
 2008  1968    4  -0.4974000000E+00  0.3644121293E+00 
 2008  1974    4  -0.1093750000E+01  0.3019706650E+00 
 2008  1980    4  -0.5562000000E+00  0.3705242974E+00 
 2008  1986    4  -0.6620000000E+00  0.4166737153E+00 
 2008  1992    4  -0.7287750000E+00  0.4502741352E+00 
 2008  1998    4  -0.8842000000E+00  0.3726053408E+00 
 2008  2004    4  -0.3591850000E+00  0.4022843480E+00 
 2008  2010    4  -0.5739250000E+00  0.4106455611E+00 
 2008  2016    4  -0.9105250000E+00  0.4303103379E+00 
 2008  2022    4  -0.1294875000E+01  0.3919420198E+00 
 2008  2028    4  -0.7313250000E+00  0.3781712005E+00 
 2008  2034    4  -0.5698500000E+00  0.4391820835E+00 
 2008  2040    4  -0.5364200000E+00  0.4648053380E+00 
 2008  2046    4  -0.9149250000E+00  0.3589886027E+00 
 2008  2052    4  -0.2181725000E+00  0.3401237427E+00 
 2008  2058    4  -0.1018025000E+00  0.3786779384E+00 
 2008  2064    4  -0.3594705000E+00  0.3846509631E+00 
 2008  2070    4  -0.9172750000E+00  0.3526990316E+00 
 2008  2076    4  -0.4982500000E+00  0.3420049305E+00 
 2008  2082    4  -0.8358000000E+00  0.3644053238E+00 
 2008  2088    4  -0.8996750000E+00  0.3528058062E+00 
 2008  2094    4  -0.1480000000E+01  0.3072840705E+00 
 2008  2100    4  -0.1025550000E+01  0.3057714956E+00 
 2008  2106    4  -0.1071450000E+01  0.3496302654E+00 
 2008  2112    4  -0.1271525000E+01  0.3738128233E+00 
 2008  2118    4  -0.1629250000E+01  0.2810341394E+00 
 2008  2124    4  -0.1138375000E+01  0.3502543031E+00 
 2008  2130    4  -0.1100650000E+01  0.4002387131E+00 
 2008  2136    4  -0.9528750000E+00  0.3912159594E+00 
 2008  2142    4  -0.1687750000E+01  0.3022253919E+00 
 2008  2148    4  -0.1167900000E+01  0.3272331050E+00 
 2008  2154    4  -0.1098425000E+01  0.4037770324E+00 
 2008  2160    4  -0.1389750000E+01  0.3762448505E+00 
 2008  2166    4  -0.1890750000E+01  0.3015678821E+00 
 2008  2172    4  -0.1449500000E+01  0.3196830462E+00 
 2008  2178    4  -0.1139200000E+01  0.4104276550E+00 
 2008  2184    4  -0.1217775000E+01  0.3925010852E+00 
 2008  2190    4  -0.1582000000E+01  0.3157839451E+00 
 2008  2196    4  -0.1021550000E+01  0.3666643322E+00 
 2008  2202    4  -0.1212800000E+01  0.4024833164E+00 
 2008  2208    4  -0.1714000000E+01  0.3774341002E+00 
 2008  2214    4  -0.1940250000E+01  0.2484314543E+00 
 2008  2220    4  -0.1388500000E+01  0.3306845173E+00 
 2008  2226    4  -0.1443500000E+01  0.3718833823E+00 
 2008  2232    4  -0.1862500000E+01  0.3349541013E+00 
 2008  2238    4  -0.2161000000E+01  0.2924328983E+00 
 2008  2244    4  -0.1600250000E+01  0.3421566710E+00 
 2008  2250    4  -0.1278550000E+01  0.3890705367E+00 
 2008  2256    4  -0.1307050000E+01  0.3579047464E+00 
 2008  2262    4  -0.2016250000E+01  0.3098179909E+00 
 2008  2268    4  -0.1120025000E+01  0.3391445295E+00 
 2008  2274    4  -0.6879250000E+00  0.4654997389E+00 
 2008  2280    4  -0.1234225000E+01  0.3598952651E+00 
 2008  2286    4  -0.1400750000E+01  0.3141284570E+00 
 2008  2292    4  -0.7063000000E+00  0.4793584410E+00 
 2008  2298    4  -0.6746500000E+00  0.4295808044E+00 
 2008  2304    4  -0.4277550000E+00  0.4977762470E+00 
 2008  2310    4  -0.6330500000E+00  0.3744246553E+00 
 2008  2316    4  0.1407750000E+00  0.3812475533E+00 
 2008  2322    4  -0.2085650000E+00  0.3976790247E+00 
 2008  2328    4  -0.4860325000E+00  0.4035707363E+00 
 2008  2334    4  -0.6562500000E+00  0.3694462106E+00 
 2008  2340    4  -0.3130625000E+00  0.3563165958E+00 
 2008  2346    4  -0.3226400000E+00  0.4147000324E+00 
 2008  2352    4  -0.5134925000E+00  0.4380860802E+00 
 2008  2358    4  -0.8789500000E+00  0.3309220037E+00 
 2008  2364    4  -0.7342500000E+00  0.3403015244E+00 
 2008  2370    4  -0.1010200000E+01  0.3834657677E+00 
 2008  2376    4  -0.1093875000E+01  0.4039065695E+00 
 2008  2382    4  -0.1290000000E+01  0.3041767578E+00 
 2008  2388    4  -0.7599750000E+00  0.3452315192E+00 
 2008  2394    4  -0.7061250000E+00  0.3676180244E+00 
 2008  2400    4  -0.6787750000E+00  0.3180097041E+00 
 2008  2406    4  -0.1163700000E+01  0.2981802643E+00 
 2008  2412    4  -0.6330500000E+00  0.3172809993E+00 
 2008  2418    4  -0.6999500000E+00  0.3611493908E+00 
 2008  2424    4  -0.8933500000E+00  0.3771958013E+00 
 2008  2430    4  -0.9898250000E+00  0.3756943996E+00 
 2008  2436    4  -0.4040325000E+00  0.3957072833E+00 
 2008  2442    4  -0.6982750000E+00  0.4306554851E+00 
 2008  2448    4  -0.6682250000E+00  0.4149575061E+00 
 2008  2454    4  -0.1043025000E+01  0.3832356349E+00 
 2008  2460    4  -0.5577750000E+00  0.4113956148E+00 
 2008  2466    4  -0.5561750000E+00  0.4091721177E+00 
 2008  2472    4  -0.9370250000E+00  0.3684198717E+00 
 2008  2478    4  -0.9371250000E+00  0.3373815450E+00 
 2008  2484    4  -0.8252500000E+00  0.4078621673E+00 
 2008  2490    4  -0.4383725000E+00  0.4678705272E+00 
 2008  2496    4  -0.8396500000E+00  0.3396325110E+00 
 2008  2502    4  -0.1023750000E+01  0.3311036884E+00 
 2008  2508    4  -0.7517250000E+00  0.3764466720E+00 
 2008  2514    4  -0.4722500000E+00  0.4062997693E+00 
 2008  2520    4  -0.7030500000E+00  0.3152456542E+00 
 2008  2526    4  -0.8435750000E+00  0.3151635161E+00 
 2008  2532    4  -0.4499500000E+00  0.3545860791E+00 
 2008  2538    4  -0.2443900000E+00  0.4345128966E+00 
 2008  2544    4  -0.4901250000E+00  0.3712468544E+00 
 2008  2550    4  -0.8854750000E+00  0.3564247072E+00 
 2008  2556    4  -0.2802700000E+00  0.3590897934E+00 
 2008  2562    4  -0.2667150000E+00  0.4080161022E+00 
 2008  2568    4  -0.4919000000E+00  0.3534018463E+00 
 2008  2574    4  -0.8273500000E+00  0.3600545341E+00 
 2008  2580    4  -0.1637475000E+00  0.3685524011E+00 
 2008  2586    4  -0.6799500000E-01  0.4395450888E+00 
 2008  2592    4  -0.4119050000E+00  0.3699009639E+00 
 2008  2598    4  -0.3298847500E+00  0.3664042879E+00 
 2008  2604    4  -0.2693775000E+00  0.3855087477E+00 
 2008  2610    4  0.7760000000E-01  0.4209216020E+00 
 2008  2616    4  -0.5921000000E-01  0.3563739164E+00 
 2008  2622    4  -0.3337087500E+00  0.4021930724E+00 
 2008  2628    4  0.9926250000E-01  0.4348946961E+00 
 2008  2634    4  0.1696750000E-01  0.4172346650E+00 
 2008  2640    4  -0.6940000000E-01  0.3623948951E+00 
 2008  2646    4  -0.3711257500E+00  0.3646850043E+00 
 2008  2652    4  -0.4463750000E+00  0.3650482528E+00 
 2008  2658    4  -0.5818750000E+00  0.3995156904E+00 
 2008  2664    4  -0.8745250000E+00  0.3985234458E+00 
 2008  2670    4  -0.1291625000E+01  0.3513675737E+00 
 2008  2676    4  -0.6481000000E+00  0.3453700696E+00 
 2008  2682    4  -0.5694250000E+00  0.4200519097E+00 
 2008  2688    4  -0.8334000000E+00  0.4078917749E+00 
 2008  2694    4  -0.1083925000E+01  0.3345312196E+00 
 2008  2700    4  -0.5530000000E+00  0.3611604353E+00 
 2008  2706    4  -0.2952400000E+00  0.4244508827E+00 
 2008  2712    4  -0.7213250000E+00  0.3053059644E+00 
 2008  2718    4  -0.6465750000E+00  0.3335028064E+00 
 2008  2724    4  -0.2294425000E+00  0.3434214515E+00 
 2008  2730    4  -0.4818000000E+00  0.4013376882E+00 
 2008  2736    4  -0.5923250000E+00  0.3579734444E+00 
 2008  2742    4  -0.5407750000E+00  0.3489116964E+00 
 2008  2748    4  -0.1924275000E+00  0.3937061630E+00 
 2008  2754    4  -0.1075925000E+00  0.4350111495E+00 
 2008  2760    4  -0.2474600000E+00  0.3499494729E+00 
 2008  2766    4  -0.6792250000E+00  0.3416653214E+00 
 2008  2772    4  -0.6196500000E-01  0.3798301037E+00 
 2008  2778    4  -0.2210000000E-01  0.4209803855E+00 
 2008  2784    4  -0.5091000000E+00  0.3891463928E+00 
 2008  2790    4  -0.9014250000E+00  0.2963260398E+00 
 2008  2796    4  -0.5501750000E+00  0.3464587015E+00 
 2008  2802    4  -0.7397000000E+00  0.3525018936E+00 
 2008  2808    4  -0.7155250000E+00  0.3954454284E+00 
 2008  2814    4  -0.6817500000E+00  0.3164178053E+00 
 2008  2820    4  -0.7294250000E+00  0.3600010304E+00 
 2008  2826    4  -0.4614500000E+00  0.3545113926E+00 
 2008  2832    4  -0.8771000000E+00  0.2704631028E+00 
 2008  2838    4  -0.9556000000E+00  0.3678918523E+00 
 2008  2844    4  -0.7431750000E+00  0.3561916575E+00 
 2008  2850    4  -0.7988500000E+00  0.3813063237E+00 
 2008  2856    4  -0.9157250000E+00  0.3117229168E+00 
 2008  2862    4  -0.1291000000E+01  0.3062703054E+00 
 2008  2868    4  -0.4980250000E+00  0.3921456450E+00 
 2008  2874    4  -0.5723250000E+00  0.4034053444E+00 
 2008  2880    4  -0.8977250000E+00  0.3499809093E+00 
 2008  2886    4  -0.1145875000E+01  0.2734463693E+00 
 2008  2892    4  -0.5575750000E+00  0.3419497213E+00 
 2008  2898    4  -0.6349250000E+00  0.3938727420E+00 
 2008  2904    4  -0.1048650000E+01  0.3431638858E+00 
 2008  2910    4  -0.1549000000E+01  0.2852271025E+00 
 2008  2916    4  -0.8330000000E+00  0.3516509135E+00 
 2008  2922    4  -0.1034050000E+01  0.3839258294E+00 
 2008  2928    4  -0.1069650000E+01  0.3870719604E+00 
 2008  2934    4  -0.1094175000E+01  0.3260590313E+00 
 2008  2940    4  -0.9009750000E+00  0.3628747813E+00 
 2008  2946    4  -0.1154750000E+01  0.4029994324E+00 
 2008  2952    4  -0.1015800000E+01  0.3609023899E+00 
 2008  2958    4  -0.1012500000E+01  0.3645601322E+00 
 2008  2964    4  -0.7427750000E+00  0.4032184419E+00 
 2008  2970    4  -0.3516075000E+00  0.4154375136E+00 
 2008  2976    4  -0.6474750000E+00  0.3604968611E+00 
 2008  2982    4  -0.3557750000E+00  0.3242309931E+00 
 2008  2988    4  -0.2360525000E+00  0.4036838748E+00 
 2008  2994    4  0.2660750000E-01  0.4539863585E+00 
 2008  3000    4  -0.3186650000E+00  0.4058599422E+00 
 2008  3006    4  -0.1350000000E-03  0.3818208633E+00 
 2008  3012    4  0.4020750000E+00  0.4232302764E+00 
 2008  3018    4  0.2154750000E+00  0.4507689174E+00 
 2008  3024    4  0.2235500000E-01  0.3914392623E+00 
 2008  3030    4  0.1425250000E+00  0.4215766975E+00 
 2008  3036    4  0.4666750000E+00  0.4354171125E+00 
 2008  3042    4  0.5856500000E+00  0.4713326294E+00 
 2008  3048    4  0.6873000000E-01  0.4552938037E+00 
 2008  3054    4  -0.1080125000E+00  0.4038535508E+00 
 2008  3060    4  0.1971250000E+00  0.4591526455E+00 
 2008  3066    4  0.8627500000E-01  0.4542860133E+00 
 2008  3072    4  -0.4469750000E+00  0.3804258954E+00 
 2008  3078    4  -0.5117500000E+00  0.3743252697E+00 
 2008  3084    4  -0.4368675000E+00  0.4263266637E+00 
 2008  3090    4  -0.2322462500E+00  0.4207134630E+00 
 2008  3096    4  -0.4975000000E+00  0.2969521258E+00 
 2008  3102    4  -0.1399750000E+00  0.3733523964E+00 
 2008  3108    4  0.2520000000E+00  0.3835004628E+00 
 2008  3114    4  0.1788500000E+00  0.4165575500E+00 
 2008  3120    4  0.1090925000E+00  0.4125000529E+00 
 2008  3126    4  -0.1034750000E+00  0.3693534715E+00 
 2008  3132    4  0.1806750000E+00  0.3991052767E+00 
 2008  3138    4  0.7580000000E-01  0.4009854611E+00 
 2008  3144    4  -0.1744500000E+00  0.3867550226E+00 
 2008  3150    4  -0.5860250000E+00  0.3200996359E+00 
 2008  3156    4  0.2622500000E-01  0.3939640109E+00 
 2008  3162    4  0.1734750000E+00  0.4471002314E+00 
 2008  3168    4  -0.3057500000E-01  0.4042281557E+00 
 2008  3174    4  -0.1994100000E+00  0.3796608609E+00 
 2008  3180    4  0.7200000000E-01  0.4645780720E+00 
 2008  3186    4  0.1808250000E+00  0.4559089787E+00 
 2008  3192    4  -0.3100450000E-01  0.4606436988E+00 
 2008  3198    4  -0.4325275000E+00  0.4545828250E+00 
 2008  3204    4  0.1041250000E+00  0.3976644086E+00 
 2008  3210    4  0.2734750000E+00  0.4472991470E+00 
 2008  3216    4  -0.4030525000E-01  0.4824306459E+00 
 2008  3222    4  -0.2210575000E+00  0.4400544187E+00 
 2008  3228    4  0.2613500000E+00  0.3803571578E+00 
 2008  3234    4  0.2058750000E+00  0.4873835111E+00 
 2008  3240    4  -0.1604250000E+00  0.3953090207E+00 
 2008  3246    4  -0.1035750000E-01  0.3959504513E+00 
 2008  3252    4  0.8907500000E-01  0.3876244341E+00 
 2008  3258    4  0.2685500000E+00  0.4082532700E+00 
 2008  3264    4  0.1501500000E+00  0.3325791673E+00 
 2008  3270    4  -0.5142500000E-02  0.3605935827E+00 
 2008  3276    4  0.3124000000E+00  0.3497697457E+00 
 2008  3282    4  0.6792275000E+00  0.4577781988E+00 
 2008  3288    4  0.1872250000E+00  0.3992994764E+00 
 2008  3294    4  0.1010200000E+00  0.3557735659E+00 
 2008  3300    4  0.3128000000E+00  0.4095704884E+00 
 2008  3306    4  0.4029750000E+00  0.3874187810E+00 
 2008  3312    4  -0.4442250000E-01  0.3010783005E+00 
 2008  3318    4  -0.4034850000E+00  0.3591662104E+00 
 2008  3324    4  0.1751500000E+00  0.4457067113E+00 
 2008  3330    4  0.3755750000E+00  0.4550750563E+00 
 2008  3336    4  0.1120250000E+00  0.4138218057E+00 
 2008  3342    4  -0.1362500000E+00  0.3836406294E+00 
 2008  3348    4  0.1770000000E+00  0.4327492345E+00 
 2008  3354    4  0.4201250000E+00  0.4953262681E+00 
 2008  3360    4  0.3453000000E-01  0.3783934166E+00 
 2008  3366    4  -0.1830500000E+00  0.3592971090E+00 
 2008  3372    4  0.2660750000E+00  0.3896808654E+00 
 2008  3378    4  0.3960750000E+00  0.4468519351E+00 
 2008  3384    4  0.1262975000E+00  0.3792747448E+00 
 2008  3390    4  -0.3166075000E-01  0.3061806891E+00 
 2008  3396    4  0.4892000000E+00  0.3982898693E+00 
 2008  3402    4  0.3651250000E+00  0.4378384027E+00 
 2008  3408    4  -0.4953250000E-01  0.3710939789E+00 
 2008  3414    4  -0.1512025000E+00  0.3481800095E+00 
 2008  3420    4  0.2721500000E-01  0.3893910935E+00 
 2008  3426    4  -0.2423000000E-01  0.4476611874E+00 
 2008  3432    4  -0.1568500000E+00  0.4818943375E+00 
 2008  3438    4  -0.4478000000E+00  0.3862429870E+00 
 2008  3444    4  -0.1527500000E+00  0.4441492120E+00 
 2008  3450    4  -0.3419000000E+00  0.3885570916E+00 
 2008  3456    4  -0.4631350000E+00  0.4240327495E+00 
 2008  3462    4  -0.4708475000E+00  0.4076159004E+00 
 2008  3468    4  -0.5083200000E+00  0.4685970104E+00 
 2008  3474    4  -0.5593250000E+00  0.4499783738E+00 
 2008  3480    4  -0.7057000000E+00  0.4813789723E+00 
 2008  3486    4  -0.7336750000E+00  0.3702400125E+00 
 2008  3492    4  -0.2501175000E+00  0.4767918497E+00 
 2008  3498    4  -0.1566325000E+00  0.4608522433E+00 
 2008  3504    4  -0.7212500000E+00  0.4072041042E+00 
 2008  3510    4  -0.7477500000E+00  0.3759329761E+00 
 2008  3516    4  -0.4552325000E+00  0.4202829335E+00 
 2008  3522    4  -0.3479750000E+00  0.4964166918E+00 
 2008  3528    4  -0.6556750000E+00  0.4050299580E+00 
 2008  3534    4  -0.6870500000E+00  0.3604417879E+00 
 2008  3540    4  -0.3562825000E+00  0.4011439678E+00 
 2008  3546    4  -0.3770325000E+00  0.4264089922E+00 
 2008  3552    4  -0.5074000000E+00  0.4071244711E+00 
 2008  3558    4  -0.7266250000E+00  0.4173702336E+00 
 2008  3564    4  -0.2204350000E+00  0.4046194022E+00 
 2008  3570    4  -0.1562000000E+00  0.4929512806E+00 
 2008  3576    4  -0.3440625000E+00  0.4444288807E+00 
 2008  3582    4  -0.1005600000E+00  0.3879660782E+00 
 2008  3588    4  -0.2736750000E-01  0.4205941234E+00 
 2008  3594    4  0.1048500000E-01  0.4746332992E+00 
 2008  3600    4  -0.3121675000E+00  0.3854219183E+00 
 2008  3606    4  -0.5280500000E+00  0.4152377181E+00 
 2008  3612    4  0.6140750000E-01  0.4343346482E+00 
 2008  3618    4  0.1924750000E+00  0.4743179544E+00 
 2008  3624    4  -0.9016000000E-01  0.4082285191E+00 
 2008  3630    4  -0.4372925000E+00  0.3823316377E+00 
 2008  3636    4  0.2999250000E-01  0.4490543326E+00 
 2008  3642    4  0.7076250000E-01  0.4880804997E+00 
 2008  3648    4  -0.2985300000E+00  0.4508626861E+00 
 2008  3654    4  -0.7398000000E-01  0.4407786136E+00 
 2008  3660    4  0.2841500000E+00  0.4886189185E+00 
 2008  3666    4  0.4331750000E+00  0.4526613380E+00 
 2008  3672    4  -0.9042500000E-01  0.3664017766E+00 
 2008  3678    4  -0.4669450000E-01  0.4113702769E+00 
 2008  3684    4  0.4101250000E+00  0.4211847123E+00 
 2008  3690    4  0.7070325000E+00  0.5020784816E+00 
 2008  3696    4  0.5282500000E-01  0.3955598082E+00 
 2008  3702    4  0.4454000000E+00  0.4335645569E+00 
 2008  3708    4  0.3424000000E+00  0.4159232201E+00 
 2008  3714    4  0.2715750000E+00  0.4672988892E+00 
 2008  3720    4  0.2014500000E+00  0.4472470263E+00 
 2008  3726    4  0.1279500000E+00  0.4395121017E+00 
 2008  3732    4  0.3742750000E+00  0.4422062266E+00 
 2008  3738    4  0.2095000000E+00  0.4860428222E+00 
 2008  3744    4  -0.1613250000E+00  0.4339396120E+00 
 2008  3750    4  -0.1240275000E+00  0.4487788556E+00 
 2008  3756    4  0.1120800000E+00  0.4382920843E+00 
 2008  3762    4  0.2594000000E+00  0.4331315793E+00 
 2008  3768    4  0.2659000000E-01  0.4331027307E+00 
 2008  3774    4  -0.4738250000E-01  0.4005201043E+00 
 2008  3780    4  0.2161250000E+00  0.4211595444E+00 
 2008  3786    4  0.2578250000E+00  0.4435987284E+00 
 2008  3792    4  -0.1609000000E+00  0.4092986318E+00 
 2008  3798    4  -0.2876425000E+00  0.3696543208E+00 
 2008  3804    4  0.2328750000E+00  0.4078629817E+00 
 2008  3810    4  0.8015000000E-01  0.4750197391E+00 
 2008  3816    4  0.1928250000E+00  0.4220476180E+00 
 2008  3822    4  -0.8437500000E-02  0.3505642583E+00 
 2008  3828    4  0.4821250000E+00  0.4006797810E+00 
 2008  3834    4  0.3060000000E+00  0.4486097246E+00 
 2008  3840    4  0.1435750000E+00  0.4324647811E+00 
 2008  3846    4  -0.8275750000E-01  0.3790796070E+00 
 2008  3852    4  0.2641250000E+00  0.3896455272E+00 
 2008  3858    4  0.1831250000E+00  0.4132636832E+00 
 2008  3864    4  -0.2617752500E+00  0.3445627387E+00 
 2008  3870    4  -0.4054625000E+00  0.3782686898E+00 
 2008  3876    4  0.2288250000E+00  0.3988124395E+00 
 2008  3882    4  0.3368500000E+00  0.4213309418E+00 
 2008  3888    4  0.1542000000E+00  0.3527203000E+00 
 2008  3894    4  0.1752500000E+00  0.3262266505E+00 
 2008  3900    4  0.3446250000E+00  0.3764008327E+00 
 2008  3906    4  0.1399500000E+00  0.4126272682E+00 
 2008  3912    4  0.1042850000E+00  0.4378265029E+00 
 2008  3918    4  -0.3109600000E+00  0.3201617807E+00 
 2008  3924    4  0.1360500000E+00  0.3965386835E+00 
 2008  3930    4  0.4473250000E+00  0.3796715908E+00 
 2008  3936    4  0.3099250000E+00  0.3870649453E+00 
 2008  3942    4  -0.3918500000E+00  0.2722726437E+00 
 2008  3948    4  -0.6563625000E-01  0.3400989002E+00 
 2008  3954    4  0.1854750000E+00  0.3431460285E+00 
 2008  3960    4  -0.1861325000E+00  0.2954199737E+00 
 2008  3966    4  -0.1627175000E+00  0.3243081271E+00 
 2008  3972    4  0.1369500000E+00  0.3317172930E+00 
 2008  3978    4  0.4822750000E-01  0.3775115015E+00 
 2008  3984    4  -0.4819750000E+00  0.2884148174E+00 
 2008  3990    4  -0.7664500000E+00  0.3293546834E+00 
 2008  3996    4  -0.1486350000E+00  0.3420386260E+00 
 2008  4002    4  -0.7316850000E-01  0.4327970791E+00 
 2008  4008    4  -0.3115125000E+00  0.4094653443E+00 
 2008  4014    4  -0.4253250000E+00  0.3103699516E+00 
 2008  4020    4  -0.1251000000E+00  0.3571859180E+00 
 2008  4026    4  0.5844750000E-01  0.3999352620E+00 
 2008  4032    4  -0.3312575000E+00  0.3782760762E+00 
 2008  4038    4  -0.2884275000E+00  0.3836520595E+00 
 2008  4044    4  0.1626250000E+00  0.3968423703E+00 
 2008  4050    4  0.2490750000E+00  0.4126847488E+00 
 2008  4056    4  0.4447500000E-02  0.4672353179E+00 
 2008  4062    4  -0.7522750000E-01  0.4125946864E+00 
 2008  4068    4  -0.2396150000E+00  0.4126936754E+00 
 2008  4074    4  -0.2686275000E+00  0.4508283717E+00 
 2008  4080    4  -0.5513750000E+00  0.4499782016E+00 
 2008  4086    4  -0.6288500000E+00  0.3780733428E+00 
 2008  4092    4  -0.3450075000E+00  0.4021545574E+00 
 2008  4098    4  -0.2812350000E+00  0.4487109099E+00 
 2008  4104    4  -0.2505200000E+00  0.3838469004E+00 
 2008  4110    4  -0.4518000000E+00  0.3513591041E+00 
 2008  4116    4  -0.2389550000E+00  0.3875604505E+00 
 2008  4122    4  -0.2336325000E+00  0.3998843685E+00 
 2008  4128    4  -0.7451500000E+00  0.3764384047E+00 
 2008  4134    4  -0.8564000000E+00  0.2949918897E+00 
 2008  4140    4  -0.4215000000E+00  0.3362424051E+00 
 2008  4146    4  -0.2456975000E+00  0.3648666443E+00 
 2008  4152    4  -0.5085750000E+00  0.3760725753E+00 
 2008  4158    4  -0.6206500000E+00  0.3602061458E+00 
 2008  4164    4  -0.1382500000E+00  0.3871066100E+00 
 2008  4170    4  -0.2803675000E+00  0.4133182491E+00 
 2008  4176    4  -0.4489205000E+00  0.4500954783E+00 
 2008  4182    4  -0.7209000000E+00  0.3435848003E+00 
 2008  4188    4  -0.4612725000E+00  0.4020210402E+00 
 2008  4194    4  -0.3736300000E+00  0.3949870877E+00 
 2008  4200    4  -0.7764500000E+00  0.3802551150E+00 
 2008  4206    4  -0.5916750000E+00  0.3007947255E+00 
 2008  4212    4  -0.3356850000E+00  0.4349456886E+00 
 2008  4218    4  -0.1173500000E+00  0.4671844630E+00 
 2008  4224    4  -0.5513750000E+00  0.4130074780E+00 
 2008  4230    4  -0.2418925000E+00  0.3948274454E+00 
 2008  4236    4  0.1303250000E+00  0.4201556698E+00 
 2008  4242    4  0.4636750000E+00  0.4481140891E+00 
 2008  4248    4  -0.3377500000E-01  0.3997989581E+00 
 2008  4254    4  0.1640000000E+00  0.3437292903E+00 
 2008  4260    4  0.4071000000E+00  0.4259455071E+00 
 2008  4266    4  0.2541750000E+00  0.4005953842E+00 
 2008  4272    4  -0.1587500000E+00  0.4062962312E+00 
 2008  4278    4  -0.6054500000E+00  0.3592310503E+00 
 2008  4284    4  -0.3331425000E+00  0.4043544910E+00 
 2008  4290    4  -0.4303875000E+00  0.4268048974E+00 
 2008  4296    4  -0.5207250000E+00  0.3794599279E+00 
 2008  4302    4  -0.4942250000E+00  0.3884582112E+00 
 2008  4308    4  0.2740250000E+00  0.4428044736E+00 
 2008  4314    4  0.3583250000E+00  0.4596119199E+00 
 2008  4320    4  -0.5277000000E-01  0.3854813143E+00 
 2008  4326    4  0.1545175000E+00  0.3423725484E+00 
 2008  4332    4  0.5874250000E+00  0.4507226496E+00 
 2008  4338    4  0.8349500000E+00  0.4488155885E+00 
 2008  4344    4  0.4362500000E+00  0.3961145068E+00 
 2008  4350    4  0.2881500000E+00  0.3766695004E+00 
 2008  4356    4  0.6955175000E+00  0.3967643223E+00 
 2008  4362    4  0.4901500000E+00  0.4347356352E+00 
 2008  4368    4  0.7808250000E-01  0.4523794645E+00 
 2008  4374    4  -0.1310250000E+00  0.3791296769E+00 
 2008  4380    4  0.7475250000E-01  0.4321334577E+00 
 2008  4386    4  -0.2059250000E+00  0.4498105789E+00 
 2008  4392    4  -0.6183250000E+00  0.3910931243E+00 
 2008  4398    4  -0.3706550000E+00  0.4010744790E+00 
 2008  4404    4  -0.1074275000E+00  0.4271302193E+00 
 2008  4410    4  -0.1998000000E+00  0.4541368571E+00 
 2008  4416    4  -0.5161750000E-01  0.4247891882E+00 
 2008  4422    4  -0.7375000000E-01  0.3855254758E+00 
 2008  4428    4  0.2353750000E+00  0.4337616302E+00 
 2008  4434    4  0.1274200000E+00  0.4465220982E+00 
 2008  4440    4  0.3823000000E-01  0.4354494112E+00 
 2008  4446    4  0.8862250000E-01  0.3838284565E+00 
 2008  4452    4  0.4066750000E+00  0.4339813439E+00 
 2008  4458    4  0.3655750000E+00  0.4435668967E+00 
 2008  4464    4  0.3469750000E+00  0.5211093521E+00 
 2008  4470    4  -0.1425500000E+00  0.4121294972E+00 
 2008  4476    4  0.1451500000E-01  0.4684483084E+00 
 2008  4482    4  0.2761000000E-01  0.4716829744E+00 
 2008  4488    4  0.2544750000E+00  0.4885769048E+00 
 2008  4494    4  -0.1764250000E+00  0.4369823702E+00 
 2008  4500    4  0.4734750000E-01  0.4668548316E+00 
 2008  4506    4  -0.6183000000E-01  0.4584161469E+00 
 2008  4512    4  -0.1477250000E+00  0.4059450479E+00 
 2008  4518    4  -0.4302175000E+00  0.3750569016E+00 
 2008  4524    4  -0.1502000000E+00  0.4223457411E+00 
 2008  4530    4  -0.2597525000E+00  0.4100268940E+00 
 2008  4536    4  -0.6121250000E+00  0.4048895922E+00 
 2008  4542    4  -0.6249500000E+00  0.3499643875E+00 
 2008  4548    4  -0.1708250000E+00  0.4086757111E+00 
 2008  4554    4  -0.2098500000E+00  0.4212214234E+00 
 2008  4560    4  -0.3247592500E+00  0.4386368983E+00 
 2008  4566    4  -0.4945500000E+00  0.3873101244E+00 
 2008  4572    4  -0.6487500000E-02  0.4074499484E+00 
 2008  4578    4  0.1970250000E+00  0.4446491222E+00 
 2008  4584    4  -0.2569400000E+00  0.4033053267E+00 
 2008  4590    4  -0.6757500000E-01  0.3736358814E+00 
 2008  4596    4  0.1340725000E+00  0.4578224298E+00 
 2008  4602    4  0.2776750000E+00  0.4909803070E+00 
 2008  4608    4  0.2819750000E+00  0.5254495950E+00 
 2008  4614    4  -0.2488925000E+00  0.4199913626E+00 
 2008  4620    4  0.2748750000E+00  0.4922341840E+00 
 2008  4626    4  0.1015700000E+00  0.4857216350E+00 
 2008  4632    4  0.1425250000E+00  0.4259267447E+00 
 2008  4638    4  0.7955000000E-01  0.4668784076E+00 
 2008  4644    4  0.2365500000E+00  0.4733860924E+00 
 2008  4650    4  0.4999500000E+00  0.4760434250E+00 
 2008  4656    4  0.4880000000E+00  0.4706845759E+00 
 2008  4662    4  0.3455000000E+00  0.3686025298E+00 
 2008  4668    4  0.2534000000E+00  0.4169707304E+00 
 2008  4674    4  0.3002250000E+00  0.4402815484E+00 
 2008  4680    4  0.7899750000E-01  0.4716961994E+00 
 2008  4686    4  -0.2614300000E+00  0.3266078763E+00 
 2008  4692    4  0.2186250000E-01  0.4106991560E+00 
 2008  4698    4  0.3533000000E-01  0.4545846739E+00 
 2008  4704    4  -0.2110500000E+00  0.4306326596E+00 
 2008  4710    4  -0.4078575000E+00  0.3845171673E+00 
 2008  4716    4  0.4227000000E-01  0.4383621650E+00 
 2008  4722    4  -0.4792500000E-01  0.4902449560E+00 
 2008  4728    4  -0.1527500000E-01  0.4308255527E+00 
 2008  4734    4  -0.7977250000E-01  0.3971281749E+00 
 2008  4740    4  0.4777500000E+00  0.4391728618E+00 
 2008  4746    4  0.5693850000E+00  0.4267209400E+00 
 2008  4752    4  0.2515500000E+00  0.4456159193E+00 
 2008  4758    4  0.2490500000E+00  0.3871042269E+00 
 2008  4764    4  0.7309850000E+00  0.4156707768E+00 
 2008  4770    4  0.5606250000E+00  0.4208957435E+00 
 2008  4776    4  0.8782500000E-01  0.3515427241E+00 
 2008  4782    4  -0.6622500000E-01  0.3356258585E+00 
 2008  4788    4  -0.3757500000E-02  0.4013044672E+00 
 2008  4794    4  0.8352500000E-02  0.3893749803E+00 
 2008  4800    4  -0.2336350000E+00  0.3815864590E+00 
 2008  4806    4  -0.3539900000E+00  0.3182981013E+00 
 2008  4812    4  0.7862000000E-01  0.4166249215E+00 
 2008  4818    4  0.3657750000E+00  0.4866256332E+00 
 2008  4824    4  -0.2265375000E+00  0.3864199745E+00 
 2008  4830    4  -0.3361425000E+00  0.3838618356E+00 
 2008  4836    4  0.6787500000E-01  0.4349616614E+00 
 2008  4842    4  -0.2690000000E-01  0.4882725212E+00 
 2008  4848    4  -0.1383500000E+00  0.4385565784E+00 
 2008  4854    4  0.1362250000E+00  0.4076376907E+00 
 2008  4860    4  0.3951000000E+00  0.4356325745E+00 
 2008  4866    4  0.3744250000E+00  0.4623944819E+00 
 2008  4872    4  0.2128250000E+00  0.4409595978E+00 
 2008  4878    4  0.2199250000E+00  0.3995081812E+00 
 2008  4884    4  0.3244750000E+00  0.4055490992E+00 
 2008  4890    4  0.5346000000E+00  0.4495898687E+00 
 2008  4896    4  0.2373250000E+00  0.4012234127E+00 
 2008  4902    4  -0.3152500000E-01  0.3386993458E+00 
 2008  4908    4  0.4554750000E+00  0.4053173656E+00 
 2008  4914    4  0.3477750000E+00  0.4480362841E+00 
 2008  4920    4  0.2676250000E+00  0.4165070550E+00 
 2008  4926    4  -0.1643575000E+00  0.3917280267E+00 
 2008  4932    4  -0.7411000000E-01  0.4425025032E+00 
 2008  4938    4  -0.1039225000E+00  0.4476493438E+00 
 2008  4944    4  -0.2988100000E+00  0.4199929629E+00 
 2008  4950    4  -0.5302250000E+00  0.3250316629E+00 
 2008  4956    4  0.6102500000E-01  0.3879786423E+00 
 2008  4962    4  0.2272000000E+00  0.4381966396E+00 
 2008  4968    4  0.1100000000E-03  0.4169670590E+00 
 2008  4974    4  0.6920000000E-01  0.3919607506E+00 
 2008  4980    4  0.2952750000E+00  0.3951209079E+00 
 2008  4986    4  0.4722750000E+00  0.4565226521E+00 
 2008  4992    4  0.1093250000E+00  0.4049085784E+00 
 2008  4998    4  -0.7332500000E-01  0.3460283397E+00 
 2008  5004    4  0.1258250000E+00  0.4159312225E+00 
 2008  5010    4  0.1509500000E+00  0.4365101860E+00 
 2008  5016    4  0.3980000000E-02  0.4632361549E+00 
 2008  5022    4  -0.1078500000E+00  0.4458837208E+00 
 2008  5028    4  0.2422000000E+00  0.4661841374E+00 
 2008  5034    4  0.4397000000E+00  0.5032456110E+00 
 2008  5040    4  0.2537750000E+00  0.4921380212E+00 
 2008  5046    4  -0.5096000000E-01  0.3739762329E+00 
 2008  5052    4  0.2886250000E+00  0.3951758620E+00 
 2008  5058    4  0.4297250000E+00  0.4308712765E+00 
 2008  5064    4  0.1783750000E-01  0.4164464542E+00 
 2008  5070    4  -0.1315750000E+00  0.4052614981E+00 
 2008  5076    4  0.1601250000E+00  0.4291207661E+00 
 2008  5082    4  0.2099750000E+00  0.4472891256E+00 
 2008  5088    4  0.1864000000E+00  0.4122941486E+00 
 2008  5094    4  -0.3360500000E+00  0.3315738869E+00 
 2008  5100    4  -0.1074100000E+00  0.3892439252E+00 
 2008  5106    4  -0.2324525000E+00  0.4208290131E+00 
 2008  5112    4  -0.3288625000E+00  0.3699140286E+00 
 2008  5118    4  -0.6408250000E+00  0.3661088252E+00 
 2008  5124    4  -0.6186750000E-01  0.3582806165E+00 
 2008  5130    4  0.2716500000E+00  0.4390827115E+00 
 2008  5136    4  -0.3732900000E+00  0.3548590584E+00 
 2008  5142    4  -0.4484500000E+00  0.3328970449E+00 
 2008  5148    4  0.1207500000E+00  0.3937413967E+00 
 2008  5154    4  -0.8769500000E-01  0.4010086122E+00 
 2008  5160    4  -0.4639750000E+00  0.3443567727E+00 
 2008  5166    4  -0.6550750000E+00  0.3154997098E+00 
 2008  5172    4  0.1785000000E-02  0.3493693585E+00 
 2008  5178    4  -0.1959800000E+00  0.3787358409E+00 
 2008  5184    4  -0.3900325000E+00  0.3369760595E+00 
 2008  5190    4  -0.4492500000E+00  0.2787575784E+00 
 2008  5196    4  -0.1574250000E+00  0.3719185823E+00 
 2008  5202    4  -0.4807000000E+00  0.3764797604E+00 
 2008  5208    4  -0.6825000000E+00  0.4009466735E+00 
 2008  5214    4  -0.8857000000E+00  0.3202612918E+00 
 2008  5220    4  -0.1702075000E+00  0.3580939181E+00 
 2008  5226    4  -0.4376000000E+00  0.3524423002E+00 
 2008  5232    4  -0.7494500000E+00  0.3855357992E+00 
 2008  5238    4  -0.7074000000E+00  0.3385528319E+00 
 2008  5244    4  -0.3770500000E-01  0.3739939693E+00 
 2008  5250    4  -0.6975000000E-02  0.4209108420E+00 
 2008  5256    4  -0.3707800000E+00  0.3776185816E+00 
 2008  5262    4  -0.2822250000E-01  0.3682970425E+00 
 2008  5268    4  0.9425000000E-01  0.3915663833E+00 
 2008  5274    4  0.2531750000E+00  0.3976935087E+00 
 2008  5280    4  -0.6487500000E-01  0.3882248342E+00 
 2008  5286    4  -0.4979250000E+00  0.2864298900E+00 
 2008  5292    4  -0.1951050000E+00  0.3615454744E+00 
 2008  5298    4  -0.2375075000E+00  0.3367497611E+00 
 2008  5304    4  -0.5026000000E+00  0.3761150090E+00 
 2008  5310    4  -0.5597250000E+00  0.3049696819E+00 
 2008  5316    4  -0.1266000000E+00  0.3517482267E+00 
 2008  5322    4  -0.1252025000E+00  0.3661280500E+00 
 2008  5328    4  -0.2030175000E+00  0.3735482973E+00 
 2008  5334    4  -0.2439150000E+00  0.3311746265E+00 
 2008  5340    4  -0.5525750000E-01  0.3656736262E+00 
 2008  5346    4  0.9368500000E-01  0.4107008043E+00 
 2008  5352    4  -0.1992000000E+00  0.3835731026E+00 
 2008  5358    4  -0.3478600000E+00  0.4044877718E+00 
 2008  5364    4  0.5167750000E-01  0.3993310995E+00 
 2008  5370    4  0.2029750000E+00  0.4370000079E+00 
 2008  5376    4  -0.1643000000E+00  0.3641229943E+00 
 2008  5382    4  -0.2364000000E+00  0.3524514450E+00 
 2008  5388    4  0.7730000000E-01  0.3513959803E+00 
 2008  5394    4  -0.9301250000E-01  0.3422440693E+00 
 2008  5400    4  -0.2082125000E+00  0.3535491022E+00 
 2008  5406    4  -0.7439750000E-01  0.3117970791E+00 
 2008  5412    4  0.3633500000E+00  0.3727157261E+00 
 2008  5418    4  0.1462750000E+00  0.3516568951E+00 
 2008  5424    4  -0.3590750000E+00  0.3233632739E+00 
 2008  5430    4  -0.3092500000E+00  0.3058183218E+00 
 2008  5436    4  0.1110000000E+00  0.3661202330E+00 
 2008  5442    4  -0.6757500000E-02  0.4076916843E+00 
 2008  5448    4  -0.4672250000E+00  0.3823185215E+00 
 2008  5454    4  -0.6536750000E+00  0.3833490797E+00 
 2008  5460    4  -0.6380000000E-01  0.4067216493E+00 
 2008  5466    4  -0.1564250000E+00  0.4560119975E+00 
 2008  5472    4  -0.6029250000E-01  0.4019480348E+00 
 2008  5478    4  -0.5683750000E-01  0.3500507059E+00 
 2008  5484    4  0.3488000000E+00  0.3802134203E+00 
 2008  5490    4  0.5954250000E+00  0.4641463960E+00 
 2008  5496    4  0.8085000000E-02  0.4335128483E+00 
 2008  5502    4  -0.4227000000E+00  0.3386370033E+00 
 2008  5508    4  -0.1400500000E+00  0.4124669835E+00 
 2008  5514    4  -0.3457423750E+00  0.4261808273E+00 
 2008  5520    4  -0.6255750000E+00  0.4512998027E+00 
 2008  5526    4  -0.7181000000E+00  0.3418284877E+00 
 2008  5532    4  -0.2947800000E+00  0.4175593163E+00 
 2008  5538    4  -0.2702025000E+00  0.4413085078E+00 
 2008  5544    4  -0.6273750000E+00  0.4152143806E+00 
 2008  5550    4  -0.7696250000E+00  0.3949048517E+00 
 2008  5556    4  -0.2746250000E+00  0.4391333646E+00 
 2008  5562    4  -0.1139250000E+00  0.4452947191E+00 
 2008  5568    4  -0.3558827500E+00  0.3688366546E+00 
 2008  5574    4  -0.6451250000E+00  0.3518097666E+00 
 2008  5580    4  -0.2800100000E+00  0.3905509853E+00 
 2008  5586    4  -0.1004625000E+00  0.4148412820E+00 
 2008  5592    4  -0.3729062500E+00  0.4418825656E+00 
 2008  5598    4  -0.4796250000E+00  0.3736981293E+00 
 2008  5604    4  -0.2544150000E+00  0.4147096848E+00 
 2008  5610    4  -0.6922000000E+00  0.4235946943E+00 
 2008  5616    4  -0.9552000000E+00  0.3464997042E+00 
 2008  5622    4  -0.1011400000E+01  0.3394505266E+00 
 2008  5628    4  -0.6644500000E+00  0.3761925338E+00 
 2008  5634    4  -0.3985675000E+00  0.4823132438E+00 
 2008  5640    4  -0.7675750000E+00  0.3855141915E+00 
 2008  5646    4  -0.6884000000E+00  0.3519242319E+00 
 2008  5652    4  -0.1046625000E+00  0.4120614599E+00 
 2008  5658    4  -0.1227000000E+00  0.4373172018E+00 
 2008  5664    4  -0.2702225000E+00  0.3831757881E+00 
 2008  5670    4  -0.6141250000E+00  0.3451914496E+00 
 2008  5676    4  0.3232500000E-01  0.4059980011E+00 
 2008  5682    4  0.7335000000E-01  0.4322964868E+00 
 2008  5688    4  0.7043000000E-01  0.3824936270E+00 
 2008  5694    4  -0.2890682500E+00  0.3108962485E+00 
 2008  5700    4  0.2697000000E+00  0.4022830595E+00 
 2008  5706    4  0.1672250000E+00  0.4046986309E+00 
 2008  5712    4  -0.3364112500E+00  0.3750323679E+00 
 2008  5718    4  -0.6237750000E+00  0.3389874362E+00 
 2008  5724    4  0.2266750000E+00  0.4499350974E+00 
 2008  5730    4  0.2702500000E-01  0.4000725833E+00 
 2008  5736    4  0.4273500000E+00  0.4803412199E+00 
 2008  5742    4  -0.2431875000E+00  0.3613661214E+00 
 2008  5748    4  0.2499750000E+00  0.4159281210E+00 
 2008  5754    4  -0.3945000000E-01  0.3999399236E+00 
 2008  5760    4  -0.2840975000E+00  0.3846148038E+00 
 2008  5766    4  -0.7304500000E+00  0.3390930883E+00 
 2008  5772    4  -0.2214300000E+00  0.3708271726E+00 
 2008  5778    4  -0.4681500000E+00  0.3648289359E+00 
 2008  5784    4  -0.5601750000E+00  0.3101918630E+00 
 2008  5790    4  -0.1401500000E+01  0.2695602901E+00 
 2008  5796    4  -0.5601750000E+00  0.3502618761E+00 
 2008  5802    4  -0.1033250000E+01  0.3286917895E+00 
 2008  5808    4  -0.1044150000E+01  0.3619763286E+00 
 2008  5814    4  -0.8232750000E+00  0.3554261201E+00 
 2008  5820    4  -0.4458500000E+00  0.3521657103E+00 
 2008  5826    4  -0.4671000000E+00  0.3867524467E+00 
 2008  5832    4  -0.5750500000E+00  0.3159414305E+00 
 2008  5838    4  -0.8133000000E+00  0.3117628025E+00 
 2008  5844    4  -0.3492775000E+00  0.3532947121E+00 
 2008  5850    4  -0.3894150000E+00  0.3785866937E+00 
 2008  5856    4  -0.6643500000E+00  0.4219973015E+00 
 2008  5862    4  -0.7811750000E+00  0.3316150357E+00 
 2008  5868    4  -0.1303750000E+00  0.4096796759E+00 
 2008  5874    4  -0.3835975000E+00  0.4162714617E+00 
 2008  5880    4  -0.4233000000E+00  0.3794697814E+00 
 2008  5886    4  -0.6750000000E+00  0.3460828875E+00 
 2008  5892    4  -0.8171000000E-01  0.3989696020E+00 
 2008  5898    4  -0.3022807500E+00  0.3800302123E+00 
 2008  5904    4  -0.6944500000E+00  0.3082443065E+00 
 2008  5910    4  -0.7184500000E+00  0.3050899662E+00 
 2008  5916    4  -0.2296995000E+00  0.3476050372E+00 
 2008  5922    4  -0.2996775000E+00  0.3666826411E+00 
 2008  5928    4  -0.2245200000E+00  0.3159124043E+00 
 2008  5934    4  -0.2561150000E+00  0.2918440571E+00 
 2008  5940    4  -0.9128750000E-01  0.3388048523E+00 
 2008  5946    4  -0.4674250000E-01  0.3621465717E+00 
 2008  5952    4  -0.2383759000E+00  0.3474536606E+00 
 2008  5958    4  0.1229500000E+00  0.3029186483E+00 
 2008  5964    4  0.2529500000E+00  0.3328226667E+00 
 2008  5970    4  -0.1277000000E+00  0.3884043190E+00 
 2008  5976    4  -0.4108750000E+00  0.3758915494E+00 
 2008  5982    4  -0.4159000000E+00  0.3554521557E+00 
 2008  5988    4  -0.2038100000E+00  0.3735981078E+00 
 2008  5994    4  -0.1402850000E+00  0.4180097028E+00 
 2008  6000    4  -0.5868500000E+00  0.3937996286E+00 
 2008  6006    4  -0.8236250000E+00  0.3131637780E+00 
 2008  6012    4  -0.3479750000E+00  0.3720963005E+00 
 2008  6018    4  -0.3775425000E+00  0.4846337493E+00 
 2008  6024    4  -0.3678275000E+00  0.3786916039E+00 
 2008  6030    4  -0.3316800000E+00  0.3352945025E+00 
 2008  6036    4  0.1452750000E+00  0.3739589775E+00 
 2008  6042    4  0.3157750000E+00  0.4132825146E+00 
 2008  6048    4  0.1612250000E+00  0.4120037098E+00 
 2008  6054    4  0.4191000000E+00  0.3910002621E+00 
 2008  6060    4  0.4721250000E+00  0.4034298723E+00 
 2008  6066    4  0.2693250000E+00  0.4308283439E+00 
 2008  6072    4  0.4110500000E-01  0.4076176960E+00 
 2008  6078    4  -0.1055400000E+00  0.4091898359E+00 
 2008  6084    4  -0.7287000000E-01  0.4246767026E+00 
 2008  6090    4  0.8645000000E-01  0.5130236764E+00 
 2008  6096    4  -0.6494000000E-01  0.4387935799E+00 
 2008  6102    4  -0.1282775000E+00  0.4062678298E+00 
 2008  6108    4  0.1630250000E+00  0.4432707264E+00 
 2008  6114    4  0.7272500000E-01  0.4492216345E+00 
 2008  6120    4  -0.1598750000E-01  0.4134014398E+00 
 2008  6126    4  -0.1418750000E+00  0.4090629742E+00 
 2008  6132    4  0.2551750000E+00  0.4256143582E+00 
 2008  6138    4  -0.1073475000E+00  0.4269561228E+00 
 2008  6144    4  -0.2225375000E+00  0.4103616932E+00 
 2008  6150    4  -0.5023750000E+00  0.3438915336E+00 
 2008  6156    4  -0.1856950000E+00  0.3850540911E+00 
 2008  6162    4  -0.2052700000E+00  0.4051763896E+00 
 2008  6168    4  -0.4191500000E+00  0.3184509578E+00 
 2008  6174    4  -0.6453750000E+00  0.3567625427E+00 
 2008  6180    4  -0.1198125000E+00  0.3969273995E+00 
 2008  6186    4  -0.1288300000E+00  0.4252804330E+00 
 2008  6192    4  -0.7103500000E+00  0.4034776233E+00 
 2008  6198    4  -0.7631250000E+00  0.3703213157E+00 
 2008  6204    4  -0.2050000000E+00  0.4118943615E+00 
 2008  6210    4  -0.1563200000E+00  0.5055127923E+00 
 2008  6216    4  -0.6385000000E+00  0.3769065998E+00 
 2008  6222    4  -0.5804750000E+00  0.3717005339E+00 
 2008  6228    4  -0.8841500000E-01  0.3801598344E+00 
 2008  6234    4  -0.9436000000E-01  0.4799445862E+00 
 2008  6240    4  -0.6577500000E-01  0.4363721986E+00 
 2008  6246    4  -0.2005750000E+00  0.4306115557E+00 
 2008  6252    4  0.2913750000E+00  0.4594849147E+00 
 2008  6258    4  0.5935000000E-01  0.4063996893E+00 
 2008  6264    4  0.2400750000E+00  0.3560808502E+00 
 2008  6270    4  0.1014750000E-01  0.3504476434E+00 
 2008  6276    4  0.4041000000E+00  0.3553508618E+00 
 2008  6282    4  -0.2441525000E+00  0.4483692220E+00 
 2008  6288    4  -0.3007750000E+00  0.4090169640E+00 
 2008  6294    4  -0.6167250000E+00  0.3529958312E+00 
 2008  6300    4  -0.1987500000E+00  0.4010105765E+00 
 2008  6306    4  -0.1421675000E+00  0.4521495236E+00 
 2008  6312    4  -0.1089750000E+00  0.4827550175E+00 
 2008  6318    4  -0.6588750000E+00  0.3881059867E+00 
 2008  6324    4  -0.1362000000E+00  0.4085537725E+00 
 2008  6330    4  -0.6968250000E-01  0.3858196223E+00 
 2008  6336    4  -0.3904000000E+00  0.3457021623E+00 
 2008  6342    4  -0.2791492500E+00  0.3288561159E+00 
 2008  6348    4  -0.5685500000E-01  0.4042324493E+00 
 2008  6354    4  -0.2247200000E+00  0.3734064212E+00 
 2008  6360    4  -0.6179250000E+00  0.3983934574E+00 
 2008  6366    4  -0.7356000000E+00  0.3701579122E+00 
 2008  6372    4  -0.1370500000E+00  0.4199406952E+00 
 2008  6378    4  0.4582250000E+00  0.4996782383E+00 
 2008  6384    4  0.9907500000E-01  0.3720128182E+00 
 2008  6390    4  -0.1538975000E+00  0.3699743608E+00 
 2008  6396    4  0.2383250000E+00  0.4195527224E+00 
 2008  6402    4  0.2567000000E+00  0.4288068330E+00 
 2008  6408    4  0.6917500000E-01  0.4427917647E+00 
 2008  6414    4  -0.2874700000E+00  0.3638013135E+00 
 2008  6420    4  -0.1624750000E+00  0.3743739733E+00 
 2008  6426    4  -0.2588382500E+00  0.4092975826E+00 
 2008  6432    4  -0.6521250000E+00  0.4076114778E+00 
 2008  6438    4  -0.5250250000E+00  0.4099167560E+00 
 2008  6444    4  -0.2826775000E+00  0.4171086775E+00 
 2008  6450    4  -0.2222975000E+00  0.4534563651E+00 
 2008  6456    4  -0.3892200000E+00  0.3754034805E+00 
 2008  6462    4  -0.7002250000E+00  0.3379859492E+00 
 2008  6468    4  -0.1927875000E+00  0.4007739175E+00 
 2008  6474    4  0.2718750000E+00  0.4505483957E+00 
 2008  6480    4  0.8222750000E-01  0.3576560195E+00 
 2008  6486    4  -0.3291075000E+00  0.3554708467E+00 
 2008  6492    4  -0.2539750000E-01  0.3607923295E+00 
 2008  6498    4  -0.5260275000E-01  0.4328184178E+00 
 2008  6504    4  -0.3612250000E-01  0.3833579574E+00 
 2008  6510    4  -0.5450750000E+00  0.3532837484E+00 
 2008  6516    4  -0.3058925000E+00  0.3979938512E+00 
 2008  6522    4  -0.3961500000E+00  0.3852310378E+00 
 2008  6528    4  -0.7156750000E+00  0.3334647236E+00 
 2008  6534    4  -0.5378500000E+00  0.3212524669E+00 
 2008  6540    4  -0.4166425000E+00  0.4103097244E+00 
 2008  6546    4  -0.2163302500E+00  0.4102250178E+00 
 2008  6552    4  -0.4954250000E+00  0.2916447014E+00 
 2008  6558    4  -0.9018250000E+00  0.2955573665E+00 
 2008  6564    4  -0.3678525000E+00  0.3322363432E+00 
 2008  6570    4  -0.2624907500E+00  0.3913618793E+00 
 2008  6576    4  -0.1654550000E+00  0.3241480136E+00 
 2008  6582    4  -0.3560000000E+00  0.3029125204E+00 
 2008  6588    4  -0.1875000000E-03  0.3500522896E+00 
 2008  6594    4  0.6304250000E-01  0.3905479189E+00 
 2008  6600    4  -0.9517500000E-02  0.3741558317E+00 
 2008  6606    4  -0.3459575000E+00  0.3036456585E+00 
 2008  6612    4  -0.1811950000E+00  0.3407303598E+00 
 2008  6618    4  -0.2936792500E+00  0.3628887137E+00 
 2008  6624    4  -0.5394750000E+00  0.3858297706E+00 
 2008  6630    4  -0.7698250000E+00  0.3181753713E+00 
 2008  6636    4  -0.3275575000E+00  0.3448547351E+00 
 2008  6642    4  -0.5805000000E+00  0.3473582517E+00 
 2008  6648    4  -0.8148500000E+00  0.3681294439E+00 
 2008  6654    4  -0.7930750000E+00  0.2995803012E+00 
 2008  6660    4  -0.4405500000E+00  0.3865848063E+00 
 2008  6666    4  -0.2572550000E+00  0.4242960962E+00 
 2008  6672    4  -0.8975250000E+00  0.3275267575E+00 
 2008  6678    4  -0.7447750000E+00  0.2542617389E+00 
 2008  6684    4  -0.4750000000E+00  0.3182448428E+00 
 2008  6690    4  -0.3039715000E+00  0.3490322217E+00 
 2008  6696    4  -0.9224250000E+00  0.2841903796E+00 
 2008  6702    4  -0.9002750000E+00  0.2715607885E+00 
 2008  6708    4  -0.7657750000E+00  0.3156111561E+00 
 2008  6714    4  -0.3529450000E+00  0.4351463582E+00 
 2008  6720    4  -0.1022575000E+01  0.3575881596E+00 
 2008  6726    4  -0.1323000000E+01  0.3472239911E+00 
 2008  6732    4  -0.7755500000E+00  0.3811155107E+00 
 2008  6738    4  -0.3938325000E+00  0.4581755872E+00 
 2008  6744    4  -0.7039250000E+00  0.4018317271E+00 
 2008  6750    4  -0.5385000000E-02  0.4805930781E+00 
 2008  6756    4  0.4031000000E+00  0.4460825708E+00 
 2008  6762    4  0.5716500000E+00  0.4683854956E+00 
 2008  6768    4  0.4014000000E-01  0.4412724440E+00 
 2008  6774    4  -0.6438500000E-01  0.3705452613E+00 
 2008  6780    4  0.4509500000E+00  0.4217362594E+00 
 2008  6786    4  0.2698250000E+00  0.4320437962E+00 
 2008  6792    4  -0.2774250000E-01  0.3930327091E+00 
 2008  6798    4  -0.6007750000E+00  0.3851648632E+00 
 2008  6804    4  0.1593500000E-01  0.3908332581E+00 
 2008  6810    4  -0.1845250000E+00  0.4472169461E+00 
 2008  6816    4  -0.5963500000E+00  0.3935010451E+00 
 2008  6822    4  -0.7165000000E+00  0.3104513730E+00 
 2008  6828    4  -0.5595000000E+00  0.3759268479E+00 
 2008  6834    4  -0.7555250000E+00  0.3951249889E+00 
 2008  6840    4  -0.1153100000E+01  0.3163122745E+00 
 2008  6846    4  -0.1036175000E+01  0.3507546035E+00 
 2008  6852    4  -0.6709750000E+00  0.3765964709E+00 
 2008  6858    4  -0.4931250000E+00  0.4040062461E+00 
 2008  6864    4  -0.9713250000E+00  0.3107699099E+00 
 2008  6870    4  -0.1421500000E+01  0.2661019541E+00 
 2008  6876    4  -0.7166750000E+00  0.3680866296E+00 
 2008  6882    4  -0.4034400000E+00  0.3908217443E+00 
 2008  6888    4  -0.7616000000E+00  0.3924247125E+00 
 2008  6894    4  -0.9789750000E+00  0.3543281627E+00 
 2008  6900    4  -0.6450500000E+00  0.3463347838E+00 
 2008  6906    4  -0.1083742500E+00  0.4901493841E+00 
 2008  6912    4  0.3270250000E-01  0.4197349509E+00 
 2008  6918    4  -0.2103100000E+00  0.4077578587E+00 
 2008  6924    4  0.2055500000E+00  0.4414737676E+00 
 2008  6930    4  0.7925000000E-02  0.4184820986E+00 
 2008  6936    4  -0.3774925000E+00  0.3746936698E+00 
 2008  6942    4  -0.4438750000E+00  0.3320830948E+00 
 2008  6948    4  -0.2221900000E+00  0.4014168448E+00 
 2008  6954    4  -0.2678550000E+00  0.4453303516E+00 
 2008  6960    4  -0.1366400000E+00  0.3278839614E+00 
 2008  6966    4  -0.3365600000E+00  0.4241148955E+00 
 2008  6972    4  0.5290000000E+00  0.4174553090E+00 
 2008  6978    4  0.4607500000E+00  0.4197235906E+00 
 2008  6984    4  0.6255125000E+00  0.3628155530E+00 
 2008  6990    4  0.7965000000E-01  0.3325888490E+00 
 2008  6996    4  0.3700750000E+00  0.3903886997E+00 
 2008  7002    4  0.8482500000E-01  0.3869777989E+00 
 2008  7008    4  -0.3581725000E+00  0.3744102600E+00 
 2008  7014    4  -0.5242500000E+00  0.3350914838E+00 
 2008  7020    4  -0.1072600000E+00  0.3843193877E+00 
 2008  7026    4  -0.2295525000E+00  0.4203562730E+00 
 2008  7032    4  -0.6491250000E+00  0.4326633297E+00 
 2008  7038    4  -0.5461750000E+00  0.3254500989E+00 
 2008  7044    4  -0.1782025000E+00  0.3599411855E+00 
 2008  7050    4  0.1547500000E-01  0.4109713456E+00 
 2008  7056    4  -0.3923850000E+00  0.3297228255E+00 
 2008  7062    4  -0.2331625000E+00  0.3127163803E+00 
 2008  7068    4  0.1449000000E+00  0.4068511091E+00 
 2008  7074    4  0.2541250000E+00  0.4065332297E+00 
 2008  7080    4  -0.1030400000E+00  0.3357299507E+00 
 2008  7086    4  -0.7279000000E+00  0.3101823093E+00 
 2008  7092    4  -0.3243875000E+00  0.3568968485E+00 
 2008  7098    4  -0.1217575000E+00  0.4072717390E+00 
 2008  7104    4  -0.6323000000E+00  0.3728292438E+00 
 2008  7110    4  -0.1027050000E+01  0.3376588330E+00 
 2008  7116    4  -0.6532250000E+00  0.3809195937E+00 
 2008  7122    4  -0.4693500000E+00  0.3708071298E+00 
 2008  7128    4  -0.5619250000E+00  0.3435663791E+00 
 2008  7134    4  -0.6538250000E+00  0.2864659349E+00 
 2008  7140    4  -0.9086250000E-01  0.3663589895E+00 
 2008  7146    4  -0.1117432500E+00  0.3765652971E+00 
 2008  7152    4  -0.5214250000E+00  0.3609700775E+00 
 2008  7158    4  -0.6210750000E+00  0.3584444125E+00 
 2008  7164    4  -0.2462425000E+00  0.3950305810E+00 
 2008  7170    4  -0.2964950000E+00  0.4509575568E+00 
 2008  7176    4  -0.4793750000E+00  0.3321403873E+00 
 2008  7182    4  -0.2363200000E+00  0.3731963347E+00 
 2008  7188    4  -0.2286575000E+00  0.4010106095E+00 
 2008  7194    4  -0.8775000000E-01  0.4259287763E+00 
 2008  7200    4  -0.5341250000E+00  0.3749317630E+00 
 2008  7206    4  -0.8056250000E+00  0.3007579290E+00 
 2008  7212    4  -0.5094750000E+00  0.3699369566E+00 
 2008  7218    4  -0.4144550000E+00  0.4374533318E+00 
 2008  7224    4  -0.7022000000E+00  0.3417769667E+00 
 2008  7230    4  -0.6168750000E+00  0.3516237860E+00 
 2008  7236    4  -0.4659025000E+00  0.3607251031E+00 
 2008  7242    4  -0.5384500000E+00  0.3866155875E+00 
 2008  7248    4  -0.7885000000E+00  0.2710480954E+00 
 2008  7254    4  -0.6953750000E+00  0.3537383593E+00 
 2008  7260    4  -0.4346000000E+00  0.3614702685E+00 
 2008  7266    4  -0.3415850000E+00  0.3888537449E+00 
 2008  7272    4  -0.7823000000E+00  0.3468343048E+00 
 2008  7278    4  -0.1040550000E+01  0.3077407716E+00 
 2008  7284    4  -0.7852750000E+00  0.3826059812E+00 
 2008  7290    4  -0.7524250000E+00  0.4114495921E+00 
 2008  7296    4  -0.9940000000E+00  0.3880563683E+00 
 2008  7302    4  -0.9763250000E+00  0.3289620599E+00 
 2008  7308    4  -0.7624000000E+00  0.3818401302E+00 
 2008  7314    4  -0.5060750000E+00  0.4231132731E+00 
 2008  7320    4  -0.6805250000E+00  0.3989962492E+00 
 2008  7326    4  -0.5682500000E+00  0.3752017357E+00 
 2008  7332    4  -0.9056500000E-01  0.3755477728E+00 
 2008  7338    4  -0.2187500000E-02  0.4539411586E+00 
 2008  7344    4  -0.6251750000E+00  0.3819600200E+00 
 2008  7350    4  -0.9033000000E+00  0.3943060360E+00 
 2008  7356    4  -0.8353500000E+00  0.4648145248E+00 
 2008  7362    4  -0.7499750000E+00  0.4121159690E+00 
 2008  7368    4  -0.9267000000E+00  0.3383959072E+00 
 2008  7374    4  -0.9597000000E+00  0.3888401857E+00 
 2008  7380    4  -0.3173600000E+00  0.4196275537E+00 
 2008  7386    4  0.2188500000E-01  0.3849015039E+00 
 2008  7392    4  0.5825000000E-01  0.3696101358E+00 
 2008  7398    4  0.2051000000E+00  0.3812633998E+00 
 2008  7404    4  0.1730000000E+00  0.4090141746E+00 
 2008  7410    4  0.3085500000E-01  0.4786370672E+00 
 2008  7416    4  -0.1138750000E+00  0.4102157687E+00 
 2008  7422    4  -0.3183982500E+00  0.3845633701E+00 
 2008  7428    4  -0.9684000000E-01  0.3996170114E+00 
 2008  7434    4  0.2767250000E+00  0.4758081723E+00 
 2008  7440    4  0.2588500000E-01  0.3993171593E+00 
 2008  7446    4  -0.2469450000E+00  0.3854077237E+00 
 2008  7452    4  -0.1305000000E-01  0.4031786794E+00 
 2008  7458    4  0.2109500000E+00  0.4441291169E+00 
 2008  7464    4  -0.1943700000E+00  0.4195078208E+00 
 2008  7470    4  -0.4417750000E+00  0.3560685775E+00 
 2008  7476    4  -0.2425727500E+00  0.3341617151E+00 
 2008  7482    4  -0.1767250000E-01  0.3959509266E+00 
 2008  7488    4  -0.1817500000E-01  0.4065792873E+00 
 2008  7494    4  -0.4157500000E+00  0.3417260635E+00 
 2008  7500    4  -0.1638475000E+00  0.3412373750E+00 
 2008  7506    4  -0.3266975000E+00  0.4033897780E+00 
 2008  7512    4  -0.7288000000E+00  0.3506137832E+00 
 2008  7518    4  -0.9880250000E+00  0.3204044817E+00 
 2008  7524    4  -0.7137750000E+00  0.3617163970E+00 
 2008  7530    4  -0.6753500000E+00  0.3794870386E+00 
 2008  7536    4  -0.5070500000E+00  0.3623411135E+00 
 2008  7542    4  -0.9393250000E+00  0.3561510170E+00 
 2008  7548    4  -0.5929000000E+00  0.3543599230E+00 
 2008  7554    4  -0.4058225000E+00  0.4340727572E+00 
 2008  7560    4  -0.7362000000E+00  0.4196855668E+00 
 2008  7566    4  -0.1128050000E+01  0.3186841422E+00 
 2008  7572    4  -0.5996500000E+00  0.4141425751E+00 
 2008  7578    4  -0.6232250000E+00  0.4908226073E+00 
 2008  7584    4  -0.6796000000E+00  0.4383310564E+00 
 2008  7590    4  -0.8626250000E+00  0.3601821093E+00 
 2008  7596    4  -0.6539000000E+00  0.4068341493E+00 
 2008  7602    4  -0.5749500000E+00  0.4638480058E+00 
 2008  7608    4  -0.9712500000E+00  0.3356548115E+00 
 2008  7614    4  -0.1257000000E+01  0.3245142524E+00 
 2008  7620    4  -0.1047225000E+01  0.4004003520E+00 
 2008  7626    4  -0.8773250000E+00  0.4390948154E+00 
 2008  7632    4  -0.1116175000E+01  0.4035802050E+00 
 2008  7638    4  -0.1503250000E+01  0.3794564369E+00 
 2008  7644    4  -0.1164175000E+01  0.4021704015E+00 
 2008  7650    4  -0.1158725000E+01  0.4497523840E+00 
 2008  7656    4  -0.1585000000E+01  0.3915118134E+00 
 2008  7662    4  -0.1402000000E+01  0.3561060235E+00 
 2008  7668    4  -0.8975250000E+00  0.4099646166E+00 
 2008  7674    4  -0.7027250000E+00  0.4652483282E+00 
 2008  7680    4  -0.9414000000E+00  0.3617446959E+00 
 2008  7686    4  -0.1083400000E+01  0.3492680704E+00 
 2008  7692    4  -0.6215250000E+00  0.4102397188E+00 
 2008  7698    4  -0.7374000000E+00  0.4132780360E+00 
 2008  7704    4  -0.1064375000E+01  0.3657823559E+00 
 2008  7710    4  -0.9180250000E+00  0.3460076977E+00 
 2008  7716    4  -0.7130250000E+00  0.3646852093E+00 
 2008  7722    4  -0.8887000000E+00  0.4290773182E+00 
 2008  7728    4  -0.1001975000E+01  0.3439299084E+00 
 2008  7734    4  -0.1294500000E+01  0.3229167849E+00 
 2008  7740    4  -0.6590000000E+00  0.4719861862E+00 
 2008  7746    4  -0.1259250000E+01  0.3864366604E+00 
 2008  7752    4  -0.1375375000E+01  0.3846357652E+00 
 2008  7758    4  -0.1173500000E+01  0.3105175196E+00 
 2008  7764    4  -0.6440250000E+00  0.4281202949E+00 
 2008  7770    4  -0.9886250000E+00  0.3934479405E+00 
 2008  7776    4  -0.1270850000E+01  0.3683353465E+00 
 2008  7782    4  -0.1320000000E+01  0.3514960882E+00 
 2008  7788    4  -0.1082625000E+01  0.4293712460E+00 
 2008  7794    4  -0.1202675000E+01  0.4544170627E+00 
 2008  7800    4  -0.1223775000E+01  0.3986042923E+00 
 2008  7806    4  -0.1570500000E+01  0.3762635380E+00 
 2008  7812    4  -0.8583750000E+00  0.3887056623E+00 
 2008  7818    4  -0.1082050000E+01  0.4515242491E+00 
 2008  7824    4  -0.1490000000E+01  0.3005819356E+00 
 2008  7830    4  -0.1039375000E+01  0.3657262800E+00 
 2008  7836    4  -0.9722000000E+00  0.4042103908E+00 
 2008  7842    4  -0.7850500000E+00  0.4496822239E+00 
 2008  7848    4  -0.1050850000E+01  0.4101978334E+00 
 2008  7854    4  -0.9452500000E+00  0.3332080469E+00 
 2008  7860    4  -0.3088367500E+00  0.4021910744E+00 
 2008  7866    4  -0.5932750000E+00  0.3890911036E+00 
 2008  7872    4  -0.5094500000E+00  0.3475550424E+00 
 2008  7878    4  -0.9320250000E+00  0.3388281672E+00 
 2008  7884    4  -0.6387750000E+00  0.3677937763E+00 
 2008  7890    4  -0.9840000000E+00  0.4256218744E+00 
 2008  7896    4  -0.9270250000E+00  0.3656527750E+00 
 2008  7902    4  -0.1135925000E+01  0.3228431304E+00 
 2008  7908    4  -0.6018250000E+00  0.3374186745E+00 
 2008  7914    4  -0.4836900000E+00  0.4537177463E+00 
 2008  7920    4  -0.9117250000E+00  0.3277740485E+00 
 2008  7926    4  -0.1079875000E+01  0.3723407806E+00 
 2008  7932    4  -0.8562000000E+00  0.4276604670E+00 
 2008  7938    4  -0.7482000000E+00  0.5069438282E+00 
 2008  7944    4  -0.6881250000E+00  0.4534735515E+00 
 2008  7950    4  -0.6627250000E+00  0.3792046108E+00 
 2008  7956    4  -0.5676500000E+00  0.3840639953E+00 
 2008  7962    4  -0.3315325000E+00  0.4440278725E+00 
 2008  7968    4  -0.3610765000E+00  0.4159615670E+00 
 2008  7974    4  -0.4197000000E+00  0.3763958953E+00 
 2008  7980    4  0.4904250000E-01  0.4136561294E+00 
 2008  7986    4  -0.1339250000E+00  0.4154022591E+00 
 2008  7992    4  -0.5492750000E+00  0.3314869935E+00 
 2008  7998    4  -0.5166500000E+00  0.3100199389E+00 
 2008  8004    4  -0.1270625000E+00  0.3505974711E+00 
 2008  8010    4  -0.2863717500E+00  0.3932276296E+00 
 2008  8016    4  -0.4251150000E+00  0.3706317386E+00 
 2008  8022    4  -0.9127750000E+00  0.3067411724E+00 
 2008  8028    4  -0.7309500000E+00  0.4005875841E+00 
 2008  8034    4  -0.6261250000E+00  0.4356858810E+00 
 2008  8040    4  -0.6505250000E+00  0.3949567025E+00 
 2008  8046    4  -0.6513250000E+00  0.3751840640E+00 
 2008  8052    4  -0.3174300000E+00  0.4654244060E+00 
 2008  8058    4  -0.4308850000E+00  0.4847920778E+00 
 2008  8064    4  -0.2691625000E+00  0.4825417305E+00 
 2008  8070    4  -0.2934900000E+00  0.4223724462E+00 
 2008  8076    4  0.1569500000E-01  0.4202733802E+00 
 2008  8082    4  -0.6983500000E-01  0.4190392185E+00 
 2008  8088    4  -0.3370225000E+00  0.3672083292E+00 
 2008  8094    4  -0.2906000000E+00  0.4254221727E+00 
 2008  8100    4  -0.2659875000E+00  0.4464746247E+00 
 2008  8106    4  -0.4684255000E+00  0.4874948038E+00 
 2008  8112    4  -0.5481750000E+00  0.4046504132E+00 
 2008  8118    4  -0.8165000000E+00  0.3596668041E+00 
 2008  8124    4  -0.4092500000E+00  0.3399574495E+00 
 2008  8130    4  -0.2887620000E+00  0.3963986133E+00 
 2008  8136    4  -0.4642250000E+00  0.3747055002E+00 
 2008  8142    4  -0.1031250000E+01  0.2814777478E+00 
 2008  8148    4  -0.2709500000E+00  0.3587822032E+00 
 2008  8154    4  -0.1108600000E+00  0.4443563793E+00 
 2008  8160    4  -0.3417300000E+00  0.4032238717E+00 
 2008  8166    4  -0.5658250000E+00  0.3772670962E+00 
 2008  8172    4  -0.2188625000E+00  0.4590651007E+00 
 2008  8178    4  -0.1941900000E+00  0.5008717946E+00 
 2008  8184    4  -0.2843825000E+00  0.4361517096E+00 
 2008  8190    4  -0.4502175000E+00  0.4270245021E+00 
 2008  8196    4  -0.8346000000E-01  0.4349878513E+00 
 2008  8202    4  -0.2031500000E+00  0.4744153165E+00 
 2008  8208    4  -0.1367075000E+00  0.4515917993E+00 
 2008  8214    4  -0.5133250000E+00  0.4207787505E+00 
 2008  8220    4  -0.1385325000E+00  0.4519096648E+00 
 2008  8226    4  -0.2789280000E+00  0.4717033037E+00 
 2008  8232    4  -0.4188025000E+00  0.4404786976E+00 
 2008  8238    4  -0.7332000000E+00  0.4099935182E+00 
 2008  8244    4  -0.1147300000E+00  0.4881402490E+00 
 2008  8250    4  -0.3745125000E+00  0.4958404746E+00 
 2008  8256    4  -0.5876000000E+00  0.4206751538E+00 
 2008  8262    4  -0.9207000000E+00  0.4198444533E+00 
 2008  8268    4  -0.4305200000E+00  0.4426886662E+00 
 2008  8274    4  -0.4183075000E+00  0.4311800924E+00 
 2008  8280    4  -0.6660500000E+00  0.3993608174E+00 
 2008  8286    4  -0.7489750000E+00  0.3902431382E+00 
 2008  8292    4  -0.5685750000E+00  0.4063102532E+00 
 2008  8298    4  -0.7917750000E+00  0.4218296124E+00 
 2008  8304    4  -0.5688500000E+00  0.3918203255E+00 
 2008  8310    4  -0.9343000000E+00  0.3265637533E+00 
 2008  8316    4  -0.6646250000E+00  0.3740319263E+00 
 2008  8322    4  -0.7132250000E+00  0.4067072926E+00 
 2008  8328    4  -0.4084550000E+00  0.3809590963E+00 
 2008  8334    4  -0.1121925000E+01  0.3390500949E+00 
 2008  8340    4  -0.5060250000E+00  0.4056473985E+00 
 2008  8346    4  -0.5617750000E+00  0.4248278497E+00 
 2008  8352    4  -0.6464250000E+00  0.4150792176E+00 
 2008  8358    4  -0.7233750000E+00  0.3759931673E+00 
 2008  8364    4  -0.5794500000E+00  0.4417569326E+00 
 2008  8370    4  -0.3588525000E+00  0.4851960375E+00 
 2008  8376    4  -0.7741500000E-01  0.4500090862E+00 
 2008  8382    4  -0.2040750000E+00  0.4337457002E+00 
 2008  8388    4  0.4070000000E-01  0.4353255563E+00 
 2008  8394    4  -0.3861825000E-01  0.4616054012E+00 
 2008  8400    4  -0.4285025000E+00  0.4395576754E+00 
 2008  8406    4  -0.9413750000E+00  0.3277618066E+00 
 2008  8412    4  -0.6734250000E+00  0.3938265315E+00 
 2008  8418    4  -0.8404500000E+00  0.4206698557E+00 
 2008  8424    4  -0.1123325000E+01  0.3906634829E+00 
 2008  8430    4  -0.1529500000E+01  0.3327810842E+00 
 2008  8436    4  -0.1248450000E+01  0.3882703343E+00 
 2008  8442    4  -0.1000975000E+01  0.4295165327E+00 
 2008  8448    4  -0.1368250000E+01  0.4089910604E+00 
 2008  8454    4  -0.1500500000E+01  0.3734102971E+00 
 2008  8460    4  -0.9027000000E+00  0.4199809341E+00 
 2008  8466    4  -0.7716250000E+00  0.4438559585E+00 
 2008  8472    4  -0.6163750000E+00  0.3919874767E+00 
 2008  8478    4  -0.5541750000E+00  0.4068749462E+00 
 2008  8484    4  -0.2014525000E+00  0.4229894364E+00 
 2008  8490    4  -0.5896500000E+00  0.4437166523E+00 
 2008  8496    4  -0.6984750000E+00  0.4127113300E+00 
 2008  8502    4  -0.9258250000E+00  0.3883498511E+00 
 2008  8508    4  -0.5604250000E+00  0.4020474373E+00 
 2008  8514    4  -0.3778675000E+00  0.4193278326E+00 
 2008  8520    4  -0.5464750000E+00  0.3804841349E+00 
 2008  8526    4  -0.1089525000E+01  0.3738211161E+00 
 2008  8532    4  -0.6806000000E+00  0.4249225518E+00 
 2008  8538    4  -0.9450250000E+00  0.3967747558E+00 
 2008  8544    4  -0.9954500000E+00  0.3579891444E+00 
 2008  8550    4  -0.1122125000E+01  0.3377566089E+00 
 2008  8556    4  -0.8544000000E+00  0.4507408735E+00 
 2008  8562    4  -0.1005600000E+01  0.4463830586E+00 
 2008  8568    4  -0.8886000000E+00  0.4276962883E+00 
 2008  8574    4  -0.1397000000E+01  0.3578421440E+00 
 2008  8580    4  -0.1184950000E+01  0.4574231602E+00 
 2008  8586    4  -0.6358750000E+00  0.4493220915E+00 
 2008  8592    4  -0.4299975000E+00  0.4510531493E+00 
 2008  8598    4  -0.8355500000E+00  0.4067638904E+00 
 2008  8604    4  -0.5565250000E+00  0.4692129707E+00 
 2008  8610    4  -0.5267750000E+00  0.4805047990E+00 
 2008  8616    4  -0.1874750000E+00  0.5516277249E+00 
 2008  8622    4  -0.3118200000E+00  0.4493683436E+00 
 2008  8628    4  0.2117250000E-01  0.4773101479E+00 
 2008  8634    4  0.4296250000E-01  0.5062384979E+00 
 2008  8640    4  -0.2325575000E+00  0.4689577448E+00 
 2008  8646    4  -0.8585000000E+00  0.3760014428E+00 
 2008  8652    4  -0.5204750000E+00  0.4427585085E+00 
 2008  8658    4  -0.4522475000E+00  0.4928044114E+00 
 2008  8664    4  -0.4790850000E+00  0.4630046713E+00 
 2008  8670    4  -0.1243675000E+01  0.3940194245E+00 
 2008  8676    4  -0.7005500000E+00  0.4385910766E+00 
 2008  8682    4  -0.6605500000E+00  0.5009404680E+00 
 2008  8688    4  -0.8936500000E+00  0.4695083838E+00 
 2008  8694    4  -0.9594250000E+00  0.4053054920E+00 
 2008  8700    4  -0.5450750000E+00  0.4354167738E+00 
 2008  8706    4  -0.7073000000E+00  0.4595468311E+00 
 2008  8712    4  -0.6279500000E+00  0.4255955269E+00 
 2008  8718    4  -0.1059300000E+01  0.3631137219E+00 
 2008  8724    4  -0.5469750000E+00  0.4393131365E+00 
 2008  8730    4  -0.3654000000E+00  0.5008080423E+00 
 2008  8736    4  -0.3104800000E+00  0.4589608896E+00 
 2008  8742    4  -0.5672500000E+00  0.4188321054E+00 
 2008  8748    4  -0.1986950000E+00  0.4388389774E+00 
 2008  8754    4  -0.2798150000E+00  0.4484076289E+00 
 2008  8760    4  -0.1710250000E+00  0.4673245841E+00 
 2008  8766    4  -0.6313000000E+00  0.3994171942E+00 
 2008  8772    4  -0.2099250000E+00  0.4860758653E+00 
 2008  8778    4  -0.2809425000E+00  0.4845127072E+00 
 2008  8784    4  -0.6821500000E-01  0.4926183743E+00 
