 2008  0006    8  0.4657500000E+01  0.1193583261E+01 
 2008  0012    8  0.4140375000E+01  0.1137715028E+01 
 2008  0018    8  0.4268875000E+01  0.1111911129E+01 
 2008  0024    8  0.4517375000E+01  0.9523520800E+00 
 2008  0030    8  0.4514000000E+01  0.1124927998E+01 
 2008  0036    8  0.3884375000E+01  0.1338093134E+01 
 2008  0042    8  0.3779625000E+01  0.1294714345E+01 
 2008  0048    8  0.3643625000E+01  0.1193228387E+01 
 2008  0054    8  0.3354875000E+01  0.8919018216E+00 
 2008  0060    8  0.2880375000E+01  0.9664009180E+00 
 2008  0066    8  0.2553875000E+01  0.7133727002E+00 
 2008  0072    8  0.2708750000E+01  0.5416573525E+00 
 2008  0078    8  0.2536125000E+01  0.3170238309E+00 
 2008  0084    8  0.2288250000E+01  0.2972342300E+00 
 2008  0090    8  0.1903375000E+01  0.3297184168E+00 
 2008  0096    8  0.2059875000E+01  0.3103987103E+00 
 2008  0102    8  0.2144875000E+01  0.3499955134E+00 
 2008  0108    8  0.1849750000E+01  0.4175044161E+00 
 2008  0114    8  0.1782000000E+01  0.3127327134E+00 
 2008  0120    8  0.1808875000E+01  0.3020688818E+00 
 2008  0126    8  0.1798750000E+01  0.2917480720E+00 
 2008  0132    8  0.1786000000E+01  0.2998095229E+00 
 2008  0138    8  0.1493625000E+01  0.4035365341E+00 
 2008  0144    8  0.1805625000E+01  0.2812551944E+00 
 2008  0150    8  0.1828625000E+01  0.4770049626E+00 
 2008  0156    8  0.1533250000E+01  0.4162057033E+00 
 2008  0162    8  0.1078462500E+01  0.5912900514E+00 
 2008  0168    8  0.1049000000E+01  0.3402382254E+00 
 2008  0174    8  0.9053625000E+00  0.5393307819E+00 
 2008  0180    8  0.6138500000E+00  0.3897506863E+00 
 2008  0186    8  0.4303750000E+00  0.3358525486E+00 
 2008  0192    8  0.6176500000E+00  0.3155561638E+00 
 2008  0198    8  0.5817500000E+00  0.3564943828E+00 
 2008  0204    8  0.7943500000E-01  0.2814926622E+00 
 2008  0210    8  -0.8971000000E-01  0.2268393945E+00 
 2008  0216    8  0.5879750000E-01  0.2602239089E+00 
 2008  0222    8  0.7382750000E-01  0.2514699034E+00 
 2008  0228    8  -0.2481687500E+00  0.2518748484E+00 
 2008  0234    8  -0.6179125000E+00  0.2143704296E+00 
 2008  0240    8  -0.4441691250E+00  0.2756556078E+00 
 2008  0246    8  -0.6040250000E+00  0.2283407199E+00 
 2008  0252    8  -0.1177425000E+01  0.2674966577E+00 
 2008  0258    8  -0.1391425000E+01  0.3469660133E+00 
 2008  0264    8  -0.8619625000E+00  0.2589696263E+00 
 2008  0270    8  -0.6658625000E+00  0.4949501918E+00 
 2008  0276    8  -0.8561000000E+00  0.5146379504E+00 
 2008  0282    8  -0.7933750000E+00  0.4537031016E+00 
 2008  0288    8  0.1733000000E+00  0.4903914151E+00 
 2008  0294    8  0.8706500000E+00  0.6612270979E+00 
 2008  0300    8  0.1341087500E+01  0.1098439017E+01 
 2008  0306    8  0.2554862500E+01  0.1890133509E+01 
 2008  0312    8  0.3224950000E+01  0.2347694447E+01 
 2008  0318    8  0.3674125000E+01  0.2481323812E+01 
 2008  0324    8  0.2916162500E+01  0.2521780327E+01 
 2008  0330    8  0.3072112500E+01  0.2520615434E+01 
 2008  0336    8  0.3169800000E+01  0.2628635637E+01 
 2008  0342    8  0.3247100000E+01  0.2254505028E+01 
 2008  0348    8  0.2896825000E+01  0.2072441969E+01 
 2008  0354    8  0.3305625000E+01  0.1853356141E+01 
 2008  0360    8  0.3644875000E+01  0.1314386115E+01 
 2008  0366    8  0.3704875000E+01  0.1164327428E+01 
 2008  0372    8  0.3041125000E+01  0.1357810962E+01 
 2008  0378    8  0.3439000000E+01  0.1668856270E+01 
 2008  0384    8  0.3879875000E+01  0.1796152098E+01 
 2008  0390    8  0.4437125000E+01  0.2124607754E+01 
 2008  0396    8  0.3818000000E+01  0.1743624816E+01 
 2008  0402    8  0.3868500000E+01  0.2204585902E+01 
 2008  0408    8  0.3752000000E+01  0.2141364927E+01 
 2008  0414    8  0.3510375000E+01  0.2220464306E+01 
 2008  0420    8  0.2657750000E+01  0.1787489283E+01 
 2008  0426    8  0.2513087500E+01  0.1827889023E+01 
 2008  0432    8  0.2404250000E+01  0.1372344140E+01 
 2008  0438    8  0.1950700000E+01  0.1432478264E+01 
 2008  0444    8  0.1451200000E+01  0.1457361089E+01 
 2008  0450    8  0.1217311250E+01  0.1457219421E+01 
 2008  0456    8  0.1254862500E+01  0.1062956706E+01 
 2008  0462    8  0.9830875000E+00  0.8311931581E+00 
 2008  0468    8  0.5601125000E+00  0.8080974762E+00 
 2008  0474    8  0.5168351250E+00  0.4814206688E+00 
 2008  0480    8  0.1084262500E+01  0.3910672159E+00 
 2008  0486    8  0.1090850000E+01  0.4643390006E+00 
 2008  0492    8  0.1103525000E+01  0.4619868363E+00 
 2008  0498    8  0.1061650000E+01  0.5253715185E+00 
 2008  0504    8  0.1791450000E+01  0.8666081684E+00 
 2008  0510    8  0.1877950000E+01  0.8332081178E+00 
 2008  0516    8  0.1935750000E+01  0.8006397052E+00 
 2008  0522    8  0.2223250000E+01  0.1055978663E+01 
 2008  0528    8  0.2500875000E+01  0.1080813170E+01 
 2008  0534    8  0.2364125000E+01  0.1082515062E+01 
 2008  0540    8  0.2060737500E+01  0.1210532243E+01 
 2008  0546    8  0.2521625000E+01  0.1124998660E+01 
 2008  0552    8  0.2867875000E+01  0.1162723896E+01 
 2008  0558    8  0.3505000000E+01  0.1324840273E+01 
 2008  0564    8  0.3762500000E+01  0.1450004224E+01 
 2008  0570    8  0.4052500000E+01  0.1930829744E+01 
 2008  0576    8  0.4108750000E+01  0.2164092578E+01 
 2008  0582    8  0.3754000000E+01  0.2276733735E+01 
 2008  0588    8  0.3259750000E+01  0.2082887704E+01 
 2008  0594    8  0.3028687500E+01  0.1926246949E+01 
 2008  0600    8  0.2706312500E+01  0.1725827826E+01 
 2008  0606    8  0.2562250000E+01  0.1329625770E+01 
 2008  0612    8  0.2784625000E+01  0.8996015698E+00 
 2008  0618    8  0.2793875000E+01  0.8522548676E+00 
 2008  0624    8  0.2825875000E+01  0.7947445246E+00 
 2008  0630    8  0.2899750000E+01  0.6662615384E+00 
 2008  0636    8  0.2941375000E+01  0.7872207342E+00 
 2008  0642    8  0.2865250000E+01  0.9732507064E+00 
 2008  0648    8  0.2388475000E+01  0.1377654086E+01 
 2008  0654    8  0.1992162500E+01  0.1485133920E+01 
 2008  0660    8  0.1297137500E+01  0.1160004636E+01 
 2008  0666    8  0.1246412500E+01  0.8741332671E+00 
 2008  0672    8  0.1200537500E+01  0.8750762680E+00 
 2008  0678    8  0.1291550000E+01  0.6169699324E+00 
 2008  0684    8  0.1261387500E+01  0.2732837373E+00 
 2008  0690    8  0.1430837500E+01  0.4882121156E+00 
 2008  0696    8  0.1403062500E+01  0.4015917110E+00 
 2008  0702    8  0.1746875000E+01  0.4767212072E+00 
 2008  0708    8  0.1923375000E+01  0.6400599459E+00 
 2008  0714    8  0.2283000000E+01  0.5987326198E+00 
 2008  0720    8  0.2321625000E+01  0.6541853593E+00 
 2008  0726    8  0.3018125000E+01  0.9001054713E+00 
 2008  0732    8  0.3025750000E+01  0.8735602083E+00 
 2008  0738    8  0.3320375000E+01  0.1096106625E+01 
 2008  0744    8  0.3221750000E+01  0.1310819376E+01 
 2008  0750    8  0.2916250000E+01  0.1417074076E+01 
 2008  0756    8  0.2725750000E+01  0.1534576306E+01 
 2008  0762    8  0.2598750000E+01  0.1287015710E+01 
 2008  0768    8  0.2545587500E+01  0.1488496210E+01 
 2008  0774    8  0.2084500000E+01  0.7903363208E+00 
 2008  0780    8  0.2093750000E+01  0.7372916231E+00 
 2008  0786    8  0.1806500000E+01  0.6580423619E+00 
 2008  0792    8  0.1998500000E+01  0.5587183996E+00 
 2008  0798    8  0.2374750000E+01  0.4006075854E+00 
 2008  0804    8  0.2144250000E+01  0.5386046208E+00 
 2008  0810    8  0.2188750000E+01  0.5515035698E+00 
 2008  0816    8  0.2424625000E+01  0.7138068607E+00 
 2008  0822    8  0.2332625000E+01  0.7254551912E+00 
 2008  0828    8  0.2133500000E+01  0.9512391918E+00 
 2008  0834    8  0.1785887500E+01  0.1306952287E+01 
 2008  0840    8  0.1906950000E+01  0.1300486249E+01 
 2008  0846    8  0.1975750000E+01  0.7737814210E+00 
 2008  0852    8  0.1928250000E+01  0.6298034912E+00 
 2008  0858    8  0.1670125000E+01  0.3923991710E+00 
 2008  0864    8  0.2200250000E+01  0.4141997556E+00 
 2008  0870    8  0.2240750000E+01  0.4767509177E+00 
 2008  0876    8  0.2065375000E+01  0.4472208452E+00 
 2008  0882    8  0.2127625000E+01  0.6246949130E+00 
 2008  0888    8  0.2384500000E+01  0.7866671787E+00 
 2008  0894    8  0.2613375000E+01  0.1032920851E+01 
 2008  0900    8  0.2369625000E+01  0.1083407465E+01 
 2008  0906    8  0.2372587500E+01  0.1465183475E+01 
 2008  0912    8  0.2522125000E+01  0.1435271180E+01 
 2008  0918    8  0.2662875000E+01  0.1107828330E+01 
 2008  0924    8  0.2577875000E+01  0.7962505004E+00 
 2008  0930    8  0.2958750000E+01  0.7076282128E+00 
 2008  0936    8  0.3111250000E+01  0.5232926404E+00 
 2008  0942    8  0.3254250000E+01  0.5982958612E+00 
 2008  0948    8  0.2826500000E+01  0.7566582782E+00 
 2008  0954    8  0.2543125000E+01  0.9871463212E+00 
 2008  0960    8  0.2615500000E+01  0.9087302955E+00 
 2008  0966    8  0.2949375000E+01  0.8852498147E+00 
 2008  0972    8  0.2759750000E+01  0.8315077796E+00 
 2008  0978    8  0.2360500000E+01  0.1065660241E+01 
 2008  0984    8  0.2626625000E+01  0.1114863213E+01 
 2008  0990    8  0.2727500000E+01  0.9101061751E+00 
 2008  0996    8  0.2710875000E+01  0.4656051002E+00 
 2008  1002    8  0.3010875000E+01  0.5618799777E+00 
 2008  1008    8  0.3235500000E+01  0.4782622189E+00 
 2008  1014    8  0.3450625000E+01  0.5934159455E+00 
 2008  1020    8  0.2877000000E+01  0.6028826586E+00 
 2008  1026    8  0.3330250000E+01  0.9133804998E+00 
 2008  1032    8  0.3638000000E+01  0.8849916666E+00 
 2008  1038    8  0.4045875000E+01  0.1364561691E+01 
 2008  1044    8  0.3870125000E+01  0.1471103620E+01 
 2008  1050    8  0.4120750000E+01  0.1760828054E+01 
 2008  1056    8  0.4258625000E+01  0.1649421712E+01 
 2008  1062    8  0.4271625000E+01  0.1671946391E+01 
 2008  1068    8  0.3855625000E+01  0.1247318718E+01 
 2008  1074    8  0.3754250000E+01  0.1060228484E+01 
 2008  1080    8  0.3877625000E+01  0.5470763058E+00 
 2008  1086    8  0.3862375000E+01  0.4958936220E+00 
 2008  1092    8  0.3002875000E+01  0.4382118316E+00 
 2008  1098    8  0.2799375000E+01  0.8003310155E+00 
 2008  1104    8  0.3138250000E+01  0.7171001935E+00 
 2008  1110    8  0.3114750000E+01  0.8671298562E+00 
 2008  1116    8  0.2770625000E+01  0.6963808113E+00 
 2008  1122    8  0.2755125000E+01  0.7206067647E+00 
 2008  1128    8  0.3081750000E+01  0.6214591197E+00 
 2008  1134    8  0.3375500000E+01  0.8119304157E+00 
 2008  1140    8  0.3216000000E+01  0.6460592078E+00 
 2008  1146    8  0.3249875000E+01  0.8990667992E+00 
 2008  1152    8  0.3691875000E+01  0.7352383011E+00 
 2008  1158    8  0.3812000000E+01  0.6505049961E+00 
 2008  1164    8  0.3834750000E+01  0.5256462094E+00 
 2008  1170    8  0.4007750000E+01  0.8231021732E+00 
 2008  1176    8  0.4252750000E+01  0.9964815289E+00 
 2008  1182    8  0.4409500000E+01  0.1161099264E+01 
 2008  1188    8  0.4069000000E+01  0.9097248210E+00 
 2008  1194    8  0.3891500000E+01  0.1101197303E+01 
 2008  1200    8  0.3839375000E+01  0.8808573859E+00 
 2008  1206    8  0.3562625000E+01  0.1018864679E+01 
 2008  1212    8  0.2746875000E+01  0.8739929115E+00 
 2008  1218    8  0.2593500000E+01  0.1411418170E+01 
 2008  1224    8  0.2524125000E+01  0.1041923754E+01 
 2008  1230    8  0.2747625000E+01  0.9292787442E+00 
 2008  1236    8  0.2210875000E+01  0.6050488488E+00 
 2008  1242    8  0.2104750000E+01  0.6963143597E+00 
 2008  1248    8  0.1636912500E+01  0.4929601440E+00 
 2008  1254    8  0.1594750000E+01  0.3710106973E+00 
 2008  1260    8  0.1305000000E+01  0.2318048748E+00 
 2008  1266    8  0.1150112500E+01  0.2473441703E+00 
 2008  1272    8  0.1261000000E+01  0.2745195804E+00 
 2008  1278    8  0.1113987500E+01  0.4611129049E+00 
 2008  1284    8  0.7788375000E+00  0.5168963168E+00 
 2008  1290    8  0.1048225000E+01  0.3179623317E+00 
 2008  1296    8  0.1460237500E+01  0.5730977184E+00 
 2008  1302    8  0.1871375000E+01  0.7174965048E+00 
 2008  1308    8  0.1764887500E+01  0.1042521141E+01 
 2008  1314    8  0.1938212500E+01  0.1761038636E+01 
 2008  1320    8  0.2109290000E+01  0.2098532284E+01 
 2008  1326    8  0.2068421250E+01  0.2022175290E+01 
 2008  1332    8  0.1684175000E+01  0.1855814175E+01 
 2008  1338    8  0.1419735000E+01  0.1609236864E+01 
 2008  1344    8  0.1810437500E+01  0.9646804341E+00 
 2008  1350    8  0.2277750000E+01  0.3790724700E+00 
 2008  1356    8  0.2618875000E+01  0.8535211534E+00 
 2008  1362    8  0.3189000000E+01  0.7628107563E+00 
 2008  1368    8  0.3929500000E+01  0.6719211263E+00 
 2008  1374    8  0.4288375000E+01  0.5988459605E+00 
 2008  1380    8  0.3997375000E+01  0.5886320874E+00 
 2008  1386    8  0.4108250000E+01  0.9636702950E+00 
 2008  1392    8  0.4286500000E+01  0.7391921266E+00 
 2008  1398    8  0.4017750000E+01  0.1050993072E+01 
 2008  1404    8  0.3065000000E+01  0.1059488320E+01 
 2008  1410    8  0.2719000000E+01  0.1199654742E+01 
 2008  1416    8  0.2414625000E+01  0.5374976599E+00 
 2008  1422    8  0.2197000000E+01  0.3833666652E+00 
 2008  1428    8  0.1965250000E+01  0.6520657080E+00 
 2008  1434    8  0.1740375000E+01  0.4504514229E+00 
 2008  1440    8  0.1646650000E+01  0.7100516583E+00 
 2008  1446    8  0.2065375000E+01  0.6238881986E+00 
 2008  1452    8  0.1320450000E+01  0.7338777725E+00 
 2008  1458    8  0.1241712500E+01  0.3975999102E+00 
 2008  1464    8  0.1663500000E+01  0.4487844694E+00 
 2008  1470    8  0.1583875000E+01  0.5195443767E+00 
 2008  1476    8  0.8983500000E+00  0.5694848154E+00 
 2008  1482    8  0.9178125000E+00  0.3494883884E+00 
 2008  1488    8  0.1466700000E+01  0.5090485046E+00 
 2008  1494    8  0.1834250000E+01  0.8007684981E+00 
 2008  1500    8  0.1474350000E+01  0.7200320444E+00 
 2008  1506    8  0.1469500000E+01  0.3704362293E+00 
 2008  1512    8  0.1834625000E+01  0.3823751226E+00 
 2008  1518    8  0.2040250000E+01  0.4570584618E+00 
 2008  1524    8  0.1707312500E+01  0.5666655174E+00 
 2008  1530    8  0.1880625000E+01  0.8453466652E+00 
 2008  1536    8  0.2493000000E+01  0.6948665339E+00 
 2008  1542    8  0.2742250000E+01  0.7658347978E+00 
 2008  1548    8  0.2251750000E+01  0.8919881936E+00 
 2008  1554    8  0.2221750000E+01  0.1068081077E+01 
 2008  1560    8  0.2510250000E+01  0.7310902390E+00 
 2008  1566    8  0.2521125000E+01  0.2926296454E+00 
 2008  1572    8  0.1863500000E+01  0.2802891364E+00 
 2008  1578    8  0.1780125000E+01  0.5822208424E+00 
 2008  1584    8  0.1917375000E+01  0.4126832737E+00 
 2008  1590    8  0.1837375000E+01  0.4227215211E+00 
 2008  1596    8  0.1446737500E+01  0.4567650242E+00 
 2008  1602    8  0.1827000000E+01  0.5553388605E+00 
 2008  1608    8  0.2487375000E+01  0.4377033634E+00 
 2008  1614    8  0.2737875000E+01  0.4381099855E+00 
 2008  1620    8  0.2422625000E+01  0.5326724926E+00 
 2008  1626    8  0.2363125000E+01  0.7546885844E+00 
 2008  1632    8  0.2405750000E+01  0.6396719374E+00 
 2008  1638    8  0.2387000000E+01  0.4548815780E+00 
 2008  1644    8  0.1702750000E+01  0.5161406664E+00 
 2008  1650    8  0.1472137500E+01  0.4998284079E+00 
 2008  1656    8  0.1540537500E+01  0.4920456507E+00 
 2008  1662    8  0.1281362500E+01  0.4956336347E+00 
 2008  1668    8  0.6570412500E+00  0.6435144195E+00 
 2008  1674    8  0.8655750000E+00  0.5489196179E+00 
 2008  1680    8  0.1162925000E+01  0.4592124365E+00 
 2008  1686    8  0.1169975000E+01  0.2863875947E+00 
 2008  1692    8  0.6611250000E+00  0.3154423630E+00 
 2008  1698    8  0.2275333750E+00  0.3177211282E+00 
 2008  1704    8  0.5827125000E+00  0.3384215583E+00 
 2008  1710    8  0.6859750000E+00  0.3386147544E+00 
 2008  1716    8  0.2050437500E+00  0.3326700682E+00 
 2008  1722    8  0.3144012500E+00  0.3102806291E+00 
 2008  1728    8  0.6347125000E+00  0.2947316001E+00 
 2008  1734    8  0.9636625000E+00  0.3357123208E+00 
 2008  1740    8  0.7689625000E+00  0.3783891844E+00 
 2008  1746    8  0.7514375000E+00  0.3731366202E+00 
 2008  1752    8  0.8524500000E+00  0.3855785685E+00 
 2008  1758    8  0.8637375000E+00  0.4599081428E+00 
 2008  1764    8  0.6191750000E+00  0.4899560331E+00 
 2008  1770    8  0.8243875000E+00  0.4717216458E+00 
 2008  1776    8  0.9295750000E+00  0.5028804449E+00 
 2008  1782    8  0.1170262500E+01  0.7219391421E+00 
 2008  1788    8  0.8639000000E+00  0.7718131591E+00 
 2008  1794    8  0.1104262500E+01  0.9363517314E+00 
 2008  1800    8  0.1051625000E+01  0.7794097619E+00 
 2008  1806    8  0.1022887500E+01  0.6972505745E+00 
 2008  1812    8  0.3964075000E+00  0.4222894883E+00 
 2008  1818    8  -0.1418625000E-01  0.4474516751E+00 
 2008  1824    8  0.1053317500E+00  0.4568545780E+00 
 2008  1830    8  -0.6944250000E-01  0.3543886096E+00 
 2008  1836    8  -0.6937000000E+00  0.4146619527E+00 
 2008  1842    8  -0.8273375000E+00  0.6714947448E+00 
 2008  1848    8  -0.6470362500E+00  0.5973905230E+00 
 2008  1854    8  -0.7553850000E+00  0.3988673158E+00 
 2008  1860    8  -0.8099537500E+00  0.4194009153E+00 
 2008  1866    8  -0.9734625000E+00  0.4244634935E+00 
 2008  1872    8  -0.6398512500E+00  0.3441690520E+00 
 2008  1878    8  -0.2122750000E+00  0.3920963936E+00 
 2008  1884    8  -0.3125375000E+00  0.4825808687E+00 
 2008  1890    8  -0.1784875000E+00  0.4290662724E+00 
 2008  1896    8  0.3273150000E+00  0.6507649426E+00 
 2008  1902    8  0.5469075000E+00  0.9490474505E+00 
 2008  1908    8  0.3369975000E+00  0.1194806559E+01 
 2008  1914    8  0.5844625000E+00  0.1486571947E+01 
 2008  1920    8  0.7212412500E+00  0.1529574288E+01 
 2008  1926    8  0.4471625000E+00  0.1321010434E+01 
 2008  1932    8  -0.4396250000E-01  0.1163130771E+01 
 2008  1938    8  -0.3388712500E+00  0.1218770051E+01 
 2008  1944    8  -0.5071125000E+00  0.1086112245E+01 
 2008  1950    8  -0.9329750000E+00  0.6605631173E+00 
 2008  1956    8  -0.7111125000E+00  0.5313914434E+00 
 2008  1962    8  -0.4366125000E+00  0.4000827491E+00 
 2008  1968    8  -0.2124300000E+00  0.4327628573E+00 
 2008  1974    8  0.2082062500E+00  0.4275914918E+00 
 2008  1980    8  0.4370225000E+00  0.3799082503E+00 
 2008  1986    8  0.5986625000E+00  0.4092192290E+00 
 2008  1992    8  0.1061662500E+01  0.5553328843E+00 
 2008  1998    8  0.1396687500E+01  0.4526385684E+00 
 2008  2004    8  0.1001500000E+01  0.3932830279E+00 
 2008  2010    8  0.7989625000E+00  0.6238359921E+00 
 2008  2016    8  0.1037212500E+01  0.4597948060E+00 
 2008  2022    8  0.1030275000E+01  0.5142722814E+00 
 2008  2028    8  0.7279750000E+00  0.3500952397E+00 
 2008  2034    8  0.8988375000E+00  0.3174471450E+00 
 2008  2040    8  0.7435875000E+00  0.3478772608E+00 
 2008  2046    8  0.8180750000E+00  0.4319902741E+00 
 2008  2052    8  0.2336236375E+00  0.3304138416E+00 
 2008  2058    8  -0.4073687500E+00  0.3287340785E+00 
 2008  2064    8  -0.4667875000E+00  0.3768611662E+00 
 2008  2070    8  -0.3994750000E+00  0.3156740477E+00 
 2008  2076    8  -0.8367125000E+00  0.3337944256E+00 
 2008  2082    8  -0.8805625000E+00  0.3192929843E+00 
 2008  2088    8  -0.9320375000E+00  0.3472247901E+00 
 2008  2094    8  -0.8866125000E+00  0.3515218430E+00 
 2008  2100    8  -0.1245437500E+01  0.2881995226E+00 
 2008  2106    8  -0.1291962500E+01  0.3431099093E+00 
 2008  2112    8  -0.9571875000E+00  0.3328049821E+00 
 2008  2118    8  -0.9139000000E+00  0.3068137505E+00 
 2008  2124    8  -0.1232512500E+01  0.3270086216E+00 
 2008  2130    8  -0.1322537500E+01  0.4313615622E+00 
 2008  2136    8  -0.1054050000E+01  0.4266169418E+00 
 2008  2142    8  -0.9711250000E+00  0.3704939836E+00 
 2008  2148    8  -0.8211275000E+00  0.4106176163E+00 
 2008  2154    8  -0.3924575000E+00  0.3733743030E+00 
 2008  2160    8  -0.1504637500E+00  0.3704284660E+00 
 2008  2166    8  0.4011100000E+00  0.4750564935E+00 
 2008  2172    8  0.7689425000E+00  0.8009818001E+00 
 2008  2178    8  0.1227987500E+01  0.1153188718E+01 
 2008  2184    8  0.1533431500E+01  0.1854644294E+01 
 2008  2190    8  0.1894712500E+01  0.1753490979E+01 
 2008  2196    8  0.2088762500E+01  0.1588026612E+01 
 2008  2202    8  0.1807825000E+01  0.1298560101E+01 
 2008  2208    8  0.1663925000E+01  0.1220390672E+01 
 2008  2214    8  0.1224000000E+01  0.6410712772E+00 
 2008  2220    8  0.1424262500E+01  0.3730622701E+00 
 2008  2226    8  0.1239237500E+01  0.2519866065E+00 
 2008  2232    8  0.1337562500E+01  0.3366232536E+00 
 2008  2238    8  0.1218975000E+01  0.4134616117E+00 
 2008  2244    8  0.1059500000E+01  0.4418452699E+00 
 2008  2250    8  0.5105875000E+00  0.3279261633E+00 
 2008  2256    8  0.4143312500E+00  0.5531330294E+00 
 2008  2262    8  0.5682500000E+00  0.3739342790E+00 
 2008  2268    8  0.5939125000E+00  0.3330858727E+00 
 2008  2274    8  0.5269000000E+00  0.3205678633E+00 
 2008  2280    8  0.8184625000E+00  0.3186648864E+00 
 2008  2286    8  0.9027875000E+00  0.2868918195E+00 
 2008  2292    8  0.6499750000E+00  0.2895704955E+00 
 2008  2298    8  0.4779125000E+00  0.2873904028E+00 
 2008  2304    8  0.4994000000E+00  0.3787380988E+00 
 2008  2310    8  0.4573350000E+00  0.5739744882E+00 
 2008  2316    8  0.1051900000E+00  0.5507369591E+00 
 2008  2322    8  -0.4106362500E+00  0.4118237887E+00 
 2008  2328    8  -0.5440125000E+00  0.3062928233E+00 
 2008  2334    8  -0.6034375000E+00  0.4582756020E+00 
 2008  2340    8  -0.1038575000E+01  0.2886209138E+00 
 2008  2346    8  -0.1684050000E+01  0.3324121952E+00 
 2008  2352    8  -0.1471387500E+01  0.3650182202E+00 
 2008  2358    8  -0.1827625000E+01  0.2951126639E+00 
 2008  2364    8  -0.2155000000E+01  0.4002124436E+00 
 2008  2370    8  -0.2462000000E+01  0.4552515788E+00 
 2008  2376    8  -0.2247000000E+01  0.4847473569E+00 
 2008  2382    8  -0.2031750000E+01  0.3088586853E+00 
 2008  2388    8  -0.1896875000E+01  0.3841495274E+00 
 2008  2394    8  -0.1755250000E+01  0.4185480110E+00 
 2008  2400    8  -0.1490237500E+01  0.3677603769E+00 
 2008  2406    8  -0.1647400000E+01  0.4813895720E+00 
 2008  2412    8  -0.1700475000E+01  0.5572774707E+00 
 2008  2418    8  -0.1842375000E+01  0.3721414172E+00 
 2008  2424    8  -0.1468056250E+01  0.6018054168E+00 
 2008  2430    8  -0.1419422500E+01  0.6265964838E+00 
 2008  2436    8  -0.1062562500E+01  0.8323680615E+00 
 2008  2442    8  -0.1002637500E+01  0.1017483965E+01 
 2008  2448    8  -0.5464500000E+00  0.1291443440E+01 
 2008  2454    8  -0.4553625000E+00  0.8517078665E+00 
 2008  2460    8  -0.2340375000E+00  0.6522640166E+00 
 2008  2466    8  -0.2778662500E+00  0.2902490374E+00 
 2008  2472    8  -0.9498125000E-01  0.5437466448E+00 
 2008  2478    8  -0.1925812500E+00  0.3966844904E+00 
 2008  2484    8  0.1074155000E+00  0.4019426780E+00 
 2008  2490    8  0.9595000000E-01  0.4954786701E+00 
 2008  2496    8  0.2741812500E+00  0.6160146267E+00 
 2008  2502    8  0.3877850000E+00  0.5047016039E+00 
 2008  2508    8  -0.9011000000E-01  0.5925434910E+00 
 2008  2514    8  -0.1813637500E+00  0.7821766884E+00 
 2008  2520    8  -0.1401862500E+00  0.8137091950E+00 
 2008  2526    8  -0.2032500000E-01  0.5611277223E+00 
 2008  2532    8  -0.2410875000E+00  0.5083162929E+00 
 2008  2538    8  -0.7795625000E+00  0.5235791438E+00 
 2008  2544    8  -0.6707687500E+00  0.6317297439E+00 
 2008  2550    8  -0.8025425000E+00  0.4296036914E+00 
 2008  2556    8  -0.1030562500E+01  0.3884313386E+00 
 2008  2562    8  -0.9358625000E+00  0.3657922701E+00 
 2008  2568    8  -0.8926625000E+00  0.3808517459E+00 
 2008  2574    8  -0.6145125000E+00  0.3829105393E+00 
 2008  2580    8  -0.6835137500E+00  0.3584725451E+00 
 2008  2586    8  -0.3994787500E+00  0.4878872920E+00 
 2008  2592    8  -0.1811625000E+00  0.6627313161E+00 
 2008  2598    8  -0.1839887500E+00  0.8183682928E+00 
 2008  2604    8  -0.2319375000E+00  0.1193216936E+01 
 2008  2610    8  -0.3972887500E+00  0.1061624157E+01 
 2008  2616    8  -0.3045125000E+00  0.1537632991E+01 
 2008  2622    8  -0.6955250000E+00  0.1533932668E+01 
 2008  2628    8  -0.1268762500E+01  0.1742107451E+01 
 2008  2634    8  -0.2524225000E+01  0.1028356190E+01 
 2008  2640    8  -0.1889962500E+01  0.1184607859E+01 
 2008  2646    8  -0.1709875000E+01  0.4918733164E+00 
 2008  2652    8  -0.1707762500E+01  0.7070206325E+00 
 2008  2658    8  -0.1911412500E+01  0.4890455154E+00 
 2008  2664    8  -0.1614517500E+01  0.8327430292E+00 
 2008  2670    8  -0.1784000000E+01  0.3478947398E+00 
 2008  2676    8  -0.1659437500E+01  0.4625103673E+00 
 2008  2682    8  -0.1826500000E+01  0.3437579090E+00 
 2008  2688    8  -0.1196837500E+01  0.3793770023E+00 
 2008  2694    8  -0.7831000000E+00  0.5966339246E+00 
 2008  2700    8  -0.4160625000E+00  0.5932759917E+00 
 2008  2706    8  -0.1902837500E+00  0.4662942146E+00 
 2008  2712    8  0.3953271250E+00  0.5498068133E+00 
 2008  2718    8  0.9702750000E+00  0.5895708031E+00 
 2008  2724    8  0.1382150000E+01  0.7004016205E+00 
 2008  2730    8  0.1723750000E+01  0.5054712529E+00 
 2008  2736    8  0.2069750000E+01  0.6599215389E+00 
 2008  2742    8  0.2086500000E+01  0.6642685827E+00 
 2008  2748    8  0.1797512500E+01  0.8576333299E+00 
 2008  2754    8  0.1635312500E+01  0.8550231071E+00 
 2008  2760    8  0.1996487500E+01  0.1268986422E+01 
 2008  2766    8  0.1755412500E+01  0.6588808626E+00 
 2008  2772    8  0.2003025000E+01  0.8917389329E+00 
 2008  2778    8  0.1310487500E+01  0.4407878215E+00 
 2008  2784    8  0.1371675000E+01  0.4865897727E+00 
 2008  2790    8  0.8359250000E+00  0.4769675769E+00 
 2008  2796    8  0.3413462500E+00  0.3975834758E+00 
 2008  2802    8  0.1158675000E+00  0.7266031719E+00 
 2008  2808    8  0.3436425000E+00  0.4496591503E+00 
 2008  2814    8  0.8612375000E-01  0.4438142087E+00 
 2008  2820    8  -0.2387125000E-01  0.4466877962E+00 
 2008  2826    8  -0.3764250000E-01  0.3735460885E+00 
 2008  2832    8  -0.1619125000E-01  0.3825727836E+00 
 2008  2838    8  0.3230875000E+00  0.3649911600E+00 
 2008  2844    8  0.2986262500E+00  0.4138490619E+00 
 2008  2850    8  0.4500875000E+00  0.3050477235E+00 
 2008  2856    8  0.4014775000E+00  0.3008730888E+00 
 2008  2862    8  0.4388000000E+00  0.2979651657E+00 
 2008  2868    8  0.1713225000E+00  0.2571231548E+00 
 2008  2874    8  -0.1276000000E+00  0.2758513866E+00 
 2008  2880    8  -0.1495250000E+00  0.3002363434E+00 
 2008  2886    8  -0.1224250000E+00  0.3008881099E+00 
 2008  2892    8  -0.6050737500E+00  0.3573002824E+00 
 2008  2898    8  -0.9029675000E+00  0.4043558203E+00 
 2008  2904    8  -0.8895750000E+00  0.3843439695E+00 
 2008  2910    8  -0.8750875000E+00  0.2705023079E+00 
 2008  2916    8  -0.1028337500E+01  0.2205393896E+00 
 2008  2922    8  -0.1429550000E+01  0.2785331533E+00 
 2008  2928    8  -0.1414462500E+01  0.2885342568E+00 
 2008  2934    8  -0.1257700000E+01  0.3026505906E+00 
 2008  2940    8  -0.1113125000E+01  0.3236948515E+00 
 2008  2946    8  -0.1224362500E+01  0.4039786440E+00 
 2008  2952    8  -0.1104187500E+01  0.4071029582E+00 
 2008  2958    8  -0.9680250000E+00  0.3026159891E+00 
 2008  2964    8  -0.1052650000E+01  0.4034301303E+00 
 2008  2970    8  -0.1360612500E+01  0.3925287583E+00 
 2008  2976    8  -0.9264125000E+00  0.3130463601E+00 
 2008  2982    8  -0.1233075000E+01  0.2992134136E+00 
 2008  2988    8  -0.1514812500E+01  0.3823414653E+00 
 2008  2994    8  -0.1602212500E+01  0.3645180600E+00 
 2008  3000    8  -0.1405325000E+01  0.3790868988E+00 
 2008  3006    8  -0.1312750000E+01  0.4471212783E+00 
 2008  3012    8  -0.1316937500E+01  0.4231096517E+00 
 2008  3018    8  -0.9656750000E+00  0.4343902760E+00 
 2008  3024    8  -0.4718750000E+00  0.7677072794E+00 
 2008  3030    8  -0.3706375000E+00  0.7713332012E+00 
 2008  3036    8  -0.4353250000E+00  0.9420320612E+00 
 2008  3042    8  -0.5095000000E+00  0.1040820730E+01 
 2008  3048    8  -0.5583125000E+00  0.1148003448E+01 
 2008  3054    8  -0.6939875000E+00  0.6433071534E+00 
 2008  3060    8  -0.9645125000E+00  0.4176311633E+00 
 2008  3066    8  -0.1601212500E+01  0.3613412391E+00 
 2008  3072    8  -0.1494850000E+01  0.2779760017E+00 
 2008  3078    8  -0.1819250000E+01  0.3199217678E+00 
 2008  3084    8  -0.2518500000E+01  0.3209890964E+00 
 2008  3090    8  -0.3088750000E+01  0.3383462539E+00 
 2008  3096    8  -0.2886625000E+01  0.4104107508E+00 
 2008  3102    8  -0.2924875000E+01  0.3689347630E+00 
 2008  3108    8  -0.3223500000E+01  0.4151797803E+00 
 2008  3114    8  -0.2619000000E+01  0.4247054862E+00 
 2008  3120    8  -0.2060375000E+01  0.4415141384E+00 
 2008  3126    8  -0.1940800000E+01  0.5498514618E+00 
 2008  3132    8  -0.1273225000E+01  0.4391143978E+00 
 2008  3138    8  -0.7375625000E+00  0.6514974538E+00 
 2008  3144    8  -0.5440625000E+00  0.1223876408E+01 
 2008  3150    8  -0.3005500000E+00  0.1696990735E+01 
 2008  3156    8  -0.3057125000E+00  0.1912144746E+01 
 2008  3162    8  -0.3099875000E+00  0.2110038307E+01 
 2008  3168    8  -0.2525375000E+00  0.1973413546E+01 
 2008  3174    8  -0.1140000000E-01  0.1997990280E+01 
 2008  3180    8  -0.2735250000E+00  0.2060959832E+01 
 2008  3186    8  -0.9641250000E-01  0.2252637707E+01 
 2008  3192    8  0.1485625000E+00  0.1473181240E+01 
 2008  3198    8  0.7201475000E+00  0.1312957588E+01 
 2008  3204    8  0.2306375000E+00  0.1051979288E+01 
 2008  3210    8  0.2903250000E+00  0.1593498920E+01 
 2008  3216    8  0.3615500000E+00  0.1118105769E+01 
 2008  3222    8  0.5717800000E+00  0.1178462011E+01 
 2008  3228    8  0.2805000000E-01  0.1094591218E+01 
 2008  3234    8  0.5255000000E-01  0.1557338664E+01 
 2008  3240    8  -0.3018750000E-01  0.1261728920E+01 
 2008  3246    8  0.1246375000E+00  0.1376417203E+01 
 2008  3252    8  -0.5810625000E+00  0.1338777718E+01 
 2008  3258    8  -0.9620625000E+00  0.1425593977E+01 
 2008  3264    8  -0.7296125000E+00  0.9464629423E+00 
 2008  3270    8  -0.7634500000E+00  0.9011047692E+00 
 2008  3276    8  -0.1111092500E+01  0.9146100239E+00 
 2008  3282    8  -0.1309160000E+01  0.1044727303E+01 
 2008  3288    8  -0.1191687500E+01  0.8361357058E+00 
 2008  3294    8  -0.1254781250E+01  0.6568521218E+00 
 2008  3300    8  -0.1437387500E+01  0.5871249663E+00 
 2008  3306    8  -0.1790250000E+01  0.6767604358E+00 
 2008  3312    8  -0.1808925000E+01  0.7321576465E+00 
 2008  3318    8  -0.2147537500E+01  0.6546180927E+00 
 2008  3324    8  -0.2345750000E+01  0.6271813434E+00 
 2008  3330    8  -0.1969250000E+01  0.5072207976E+00 
 2008  3336    8  -0.1674012500E+01  0.4816210659E+00 
 2008  3342    8  -0.1460175000E+01  0.3515341582E+00 
 2008  3348    8  -0.8157750000E+00  0.3115143125E+00 
 2008  3354    8  -0.6291425000E+00  0.3402272838E+00 
 2008  3360    8  -0.4711250000E+00  0.4473390625E+00 
 2008  3366    8  -0.4600125000E+00  0.6711311113E+00 
 2008  3372    8  -0.2740125000E+00  0.9369079603E+00 
 2008  3378    8  -0.3502250000E+00  0.8744934802E+00 
 2008  3384    8  -0.5706000000E+00  0.1158077096E+01 
 2008  3390    8  -0.1060350000E+01  0.1043574667E+01 
 2008  3396    8  -0.1312437500E+01  0.8448594853E+00 
 2008  3402    8  -0.1448287500E+01  0.5210253147E+00 
 2008  3408    8  -0.1403387500E+01  0.5048266099E+00 
 2008  3414    8  -0.1391925000E+01  0.3425153856E+00 
 2008  3420    8  -0.1329462500E+01  0.3506857102E+00 
 2008  3426    8  -0.1531437500E+01  0.3134493019E+00 
 2008  3432    8  -0.1249337500E+01  0.2762922680E+00 
 2008  3438    8  -0.1347262500E+01  0.3257382497E+00 
 2008  3444    8  -0.1512750000E+01  0.2764799948E+00 
 2008  3450    8  -0.1767625000E+01  0.2759718906E+00 
 2008  3456    8  -0.1662000000E+01  0.2942379989E+00 
 2008  3462    8  -0.1713000000E+01  0.3263881891E+00 
 2008  3468    8  -0.1955875000E+01  0.3345446299E+00 
 2008  3474    8  -0.1862875000E+01  0.3109973623E+00 
 2008  3480    8  -0.1843375000E+01  0.3763691464E+00 
 2008  3486    8  -0.1624025000E+01  0.3227832932E+00 
 2008  3492    8  -0.1672500000E+01  0.3232657575E+00 
 2008  3498    8  -0.1986625000E+01  0.3387557887E+00 
 2008  3504    8  -0.1807475000E+01  0.4569591660E+00 
 2008  3510    8  -0.1761125000E+01  0.3468599997E+00 
 2008  3516    8  -0.1564875000E+01  0.3273906067E+00 
 2008  3522    8  -0.1867875000E+01  0.3234584353E+00 
 2008  3528    8  -0.1724050000E+01  0.3962831280E+00 
 2008  3534    8  -0.2045000000E+01  0.3443929442E+00 
 2008  3540    8  -0.2374750000E+01  0.3444828552E+00 
 2008  3546    8  -0.2757250000E+01  0.4790257691E+00 
 2008  3552    8  -0.2742000000E+01  0.3747665940E+00 
 2008  3558    8  -0.2730750000E+01  0.3220662781E+00 
 2008  3564    8  -0.2929125000E+01  0.3451859780E+00 
 2008  3570    8  -0.2824500000E+01  0.3331996399E+00 
 2008  3576    8  -0.3215375000E+01  0.3731731962E+00 
 2008  3582    8  -0.3149250000E+01  0.3945312884E+00 
 2008  3588    8  -0.3172375000E+01  0.4052866077E+00 
 2008  3594    8  -0.2949625000E+01  0.5134055262E+00 
 2008  3600    8  -0.2869500000E+01  0.4902909850E+00 
 2008  3606    8  -0.2804625000E+01  0.5051776760E+00 
 2008  3612    8  -0.2573500000E+01  0.3968028478E+00 
 2008  3618    8  -0.2087000000E+01  0.4000465598E+00 
 2008  3624    8  -0.1989500000E+01  0.3749976667E+00 
 2008  3630    8  -0.1650487500E+01  0.4046304964E+00 
 2008  3636    8  -0.1309775000E+01  0.4018231880E+00 
 2008  3642    8  -0.1237162500E+01  0.4753119343E+00 
 2008  3648    8  -0.1484636250E+01  0.7278200347E+00 
 2008  3654    8  -0.1632000000E+01  0.9917743493E+00 
 2008  3660    8  -0.2027300000E+01  0.8399301042E+00 
 2008  3666    8  -0.2115775000E+01  0.8182878493E+00 
 2008  3672    8  -0.2204812500E+01  0.6225854328E+00 
 2008  3678    8  -0.2258750000E+01  0.3568013278E+00 
 2008  3684    8  -0.2419000000E+01  0.3517950398E+00 
 2008  3690    8  -0.2105000000E+01  0.2842736358E+00 
 2008  3696    8  -0.1946250000E+01  0.3638556548E+00 
 2008  3702    8  -0.1732000000E+01  0.3523591917E+00 
 2008  3708    8  -0.1393125000E+01  0.3779373386E+00 
 2008  3714    8  -0.1205325000E+01  0.3370621558E+00 
 2008  3720    8  -0.1223762500E+01  0.4130399041E+00 
 2008  3726    8  -0.1438300000E+01  0.3869493248E+00 
 2008  3732    8  -0.1598837500E+01  0.3584471158E+00 
 2008  3738    8  -0.1553200000E+01  0.4134145982E+00 
 2008  3744    8  -0.1679375000E+01  0.3115713953E+00 
 2008  3750    8  -0.1505312500E+01  0.4646347421E+00 
 2008  3756    8  -0.1512875000E+01  0.3458729671E+00 
 2008  3762    8  -0.1373700000E+01  0.3108771140E+00 
 2008  3768    8  -0.1564425000E+01  0.3809471937E+00 
 2008  3774    8  -0.1720825000E+01  0.6646932784E+00 
 2008  3780    8  -0.1635950000E+01  0.5777256421E+00 
 2008  3786    8  -0.1445187500E+01  0.5914473739E+00 
 2008  3792    8  -0.1367425000E+01  0.5070423571E+00 
 2008  3798    8  -0.1370737500E+01  0.3756419004E+00 
 2008  3804    8  -0.1127512500E+01  0.4240403502E+00 
 2008  3810    8  -0.1298812500E+01  0.2986925612E+00 
 2008  3816    8  -0.1161712500E+01  0.2617736209E+00 
 2008  3822    8  -0.1126337500E+01  0.2887052257E+00 
 2008  3828    8  -0.1179187500E+01  0.3486347029E+00 
 2008  3834    8  -0.1133137500E+01  0.2295674462E+00 
 2008  3840    8  -0.1178537500E+01  0.3996717683E+00 
 2008  3846    8  -0.1015775000E+01  0.3047818595E+00 
 2008  3852    8  -0.1422225000E+01  0.4009259338E+00 
 2008  3858    8  -0.1428775000E+01  0.2717808021E+00 
 2008  3864    8  -0.1486225000E+01  0.2723321582E+00 
 2008  3870    8  -0.1501625000E+01  0.2432755318E+00 
 2008  3876    8  -0.1618637500E+01  0.3184310676E+00 
 2008  3882    8  -0.1724125000E+01  0.2886847058E+00 
 2008  3888    8  -0.1553637500E+01  0.4586033088E+00 
 2008  3894    8  -0.1470862500E+01  0.5313691347E+00 
 2008  3900    8  -0.1709000000E+01  0.5167627599E+00 
 2008  3906    8  -0.1794250000E+01  0.4037944248E+00 
 2008  3912    8  -0.1958975000E+01  0.5837884928E+00 
 2008  3918    8  -0.2041875000E+01  0.4686431045E+00 
 2008  3924    8  -0.2437250000E+01  0.3943623809E+00 
 2008  3930    8  -0.2517750000E+01  0.2796103315E+00 
 2008  3936    8  -0.2829125000E+01  0.4248059667E+00 
 2008  3942    8  -0.3118750000E+01  0.5764849846E+00 
 2008  3948    8  -0.3219500000E+01  0.5740450766E+00 
 2008  3954    8  -0.2986625000E+01  0.4102352793E+00 
 2008  3960    8  -0.2753500000E+01  0.4170479589E+00 
 2008  3966    8  -0.2763500000E+01  0.3510619603E+00 
 2008  3972    8  -0.2631000000E+01  0.3760525229E+00 
 2008  3978    8  -0.2629750000E+01  0.4088672615E+00 
 2008  3984    8  -0.2526750000E+01  0.2949337849E+00 
 2008  3990    8  -0.2722375000E+01  0.2922130804E+00 
 2008  3996    8  -0.2954625000E+01  0.3048942183E+00 
 2008  4002    8  -0.2809250000E+01  0.2689190166E+00 
 2008  4008    8  -0.3029125000E+01  0.3434084439E+00 
 2008  4014    8  -0.3179000000E+01  0.3693795473E+00 
 2008  4020    8  -0.3292375000E+01  0.3239154741E+00 
 2008  4026    8  -0.2839000000E+01  0.3077860458E+00 
 2008  4032    8  -0.2867250000E+01  0.3723223570E+00 
 2008  4038    8  -0.2773375000E+01  0.4140500989E+00 
 2008  4044    8  -0.2695250000E+01  0.4038198082E+00 
 2008  4050    8  -0.2607625000E+01  0.3656405125E+00 
 2008  4056    8  -0.2478625000E+01  0.3561274131E+00 
 2008  4062    8  -0.2127625000E+01  0.2944142224E+00 
 2008  4068    8  -0.1647387500E+01  0.5286998923E+00 
 2008  4074    8  -0.1232175000E+01  0.3919267175E+00 
 2008  4080    8  -0.1224400000E+01  0.4649324870E+00 
 2008  4086    8  -0.9932875000E+00  0.4030554690E+00 
 2008  4092    8  -0.1087450000E+01  0.4045710506E+00 
 2008  4098    8  -0.1187562500E+01  0.2870291794E+00 
 2008  4104    8  -0.9804612500E+00  0.5311861430E+00 
 2008  4110    8  -0.8311387500E+00  0.4741781601E+00 
 2008  4116    8  -0.1198100000E+01  0.3831403822E+00 
 2008  4122    8  -0.1587375000E+01  0.2123634488E+00 
 2008  4128    8  -0.1399787500E+01  0.2791430477E+00 
 2008  4134    8  -0.1541087500E+01  0.2461021203E+00 
 2008  4140    8  -0.2038500000E+01  0.3426521560E+00 
 2008  4146    8  -0.2387500000E+01  0.2110154023E+00 
 2008  4152    8  -0.2564750000E+01  0.4329488278E+00 
 2008  4158    8  -0.2193250000E+01  0.2179815072E+00 
 2008  4164    8  -0.2923375000E+01  0.4914386883E+00 
 2008  4170    8  -0.3333750000E+01  0.3900101761E+00 
 2008  4176    8  -0.3368000000E+01  0.3187730384E+00 
 2008  4182    8  -0.3119250000E+01  0.3457617496E+00 
 2008  4188    8  -0.3659125000E+01  0.3404953882E+00 
 2008  4194    8  -0.3545000000E+01  0.6458320215E+00 
 2008  4200    8  -0.3392250000E+01  0.4915449496E+00 
 2008  4206    8  -0.3191375000E+01  0.7136893472E+00 
 2008  4212    8  -0.3630250000E+01  0.6959051210E+00 
 2008  4218    8  -0.3904750000E+01  0.8184556723E+00 
 2008  4224    8  -0.4349000000E+01  0.4691191213E+00 
 2008  4230    8  -0.4824875000E+01  0.6413693237E+00 
 2008  4236    8  -0.4586375000E+01  0.6474084757E+00 
 2008  4242    8  -0.4026000000E+01  0.5927353963E+00 
 2008  4248    8  -0.3757375000E+01  0.5499227076E+00 
 2008  4254    8  -0.3647000000E+01  0.4371595818E+00 
 2008  4260    8  -0.3478750000E+01  0.3777584380E+00 
 2008  4266    8  -0.3169875000E+01  0.3490563842E+00 
 2008  4272    8  -0.2980875000E+01  0.3736142521E+00 
 2008  4278    8  -0.2568375000E+01  0.3159275777E+00 
 2008  4284    8  -0.2404375000E+01  0.3330716655E+00 
 2008  4290    8  -0.2217125000E+01  0.2588080551E+00 
 2008  4296    8  -0.2435250000E+01  0.3694444309E+00 
 2008  4302    8  -0.2368125000E+01  0.2922124388E+00 
 2008  4308    8  -0.2385625000E+01  0.5037851570E+00 
 2008  4314    8  -0.2340875000E+01  0.2764328298E+00 
 2008  4320    8  -0.2390375000E+01  0.3981795881E+00 
 2008  4326    8  -0.2254875000E+01  0.2830448010E+00 
 2008  4332    8  -0.2318375000E+01  0.3688156509E+00 
 2008  4338    8  -0.2148625000E+01  0.2509451820E+00 
 2008  4344    8  -0.2015750000E+01  0.4043549647E+00 
 2008  4350    8  -0.1605750000E+01  0.2656650852E+00 
 2008  4356    8  -0.1446987500E+01  0.2907806323E+00 
 2008  4362    8  -0.1136625000E+01  0.2411912817E+00 
 2008  4368    8  -0.9638750000E+00  0.2556074273E+00 
 2008  4374    8  -0.7028125000E+00  0.2564108005E+00 
 2008  4380    8  -0.4806250000E+00  0.2546816824E+00 
 2008  4386    8  -0.6393212500E+00  0.2995331817E+00 
 2008  4392    8  -0.5371250000E+00  0.3953692349E+00 
 2008  4398    8  -0.3222250000E+00  0.5200025186E+00 
 2008  4404    8  -0.3317875000E+00  0.5304203933E+00 
 2008  4410    8  -0.5861375000E+00  0.3919564674E+00 
 2008  4416    8  -0.3402287500E+00  0.4634818967E+00 
 2008  4422    8  -0.4202025000E+00  0.3812615559E+00 
 2008  4428    8  -0.5414650000E+00  0.5193149830E+00 
 2008  4434    8  -0.7556000000E+00  0.4983398088E+00 
 2008  4440    8  -0.6492962500E+00  0.6404204534E+00 
 2008  4446    8  -0.5713375000E+00  0.4417883541E+00 
 2008  4452    8  -0.9927912500E+00  0.5421989750E+00 
 2008  4458    8  -0.1228187500E+01  0.1918299927E+00 
 2008  4464    8  -0.9435500000E+00  0.3750899859E+00 
 2008  4470    8  -0.1088887500E+01  0.2769239852E+00 
 2008  4476    8  -0.1560700000E+01  0.4014786794E+00 
 2008  4482    8  -0.1984250000E+01  0.2185896555E+00 
 2008  4488    8  -0.1923000000E+01  0.2867625324E+00 
 2008  4494    8  -0.2094375000E+01  0.2436944488E+00 
 2008  4500    8  -0.2141125000E+01  0.3233571700E+00 
 2008  4506    8  -0.2167500000E+01  0.3028287470E+00 
 2008  4512    8  -0.2541000000E+01  0.3174405456E+00 
 2008  4518    8  -0.2858500000E+01  0.3036029479E+00 
 2008  4524    8  -0.3121500000E+01  0.3044671575E+00 
 2008  4530    8  -0.3206875000E+01  0.3407955536E+00 
 2008  4536    8  -0.2992250000E+01  0.3766658831E+00 
 2008  4542    8  -0.2632500000E+01  0.4147773499E+00 
 2008  4548    8  -0.2394750000E+01  0.3214532431E+00 
 2008  4554    8  -0.1777000000E+01  0.3198741940E+00 
 2008  4560    8  -0.1542562500E+01  0.3428957055E+00 
 2008  4566    8  -0.1350850000E+01  0.2946205314E+00 
 2008  4572    8  -0.1540362500E+01  0.3450385411E+00 
 2008  4578    8  -0.1490162500E+01  0.3113575675E+00 
 2008  4584    8  -0.1850550000E+01  0.3753037670E+00 
 2008  4590    8  -0.1507750000E+01  0.2614616368E+00 
 2008  4596    8  -0.2010000000E+01  0.4497643828E+00 
 2008  4602    8  -0.2154000000E+01  0.3138060707E+00 
 2008  4608    8  -0.2245750000E+01  0.3410164036E+00 
 2008  4614    8  -0.2245500000E+01  0.2931978854E+00 
 2008  4620    8  -0.2677000000E+01  0.3492044530E+00 
 2008  4626    8  -0.2535250000E+01  0.3435479406E+00 
 2008  4632    8  -0.2610375000E+01  0.3655194720E+00 
 2008  4638    8  -0.2450625000E+01  0.2768103762E+00 
 2008  4644    8  -0.2635500000E+01  0.3156247772E+00 
 2008  4650    8  -0.2501000000E+01  0.3445460782E+00 
 2008  4656    8  -0.2500750000E+01  0.3408693848E+00 
 2008  4662    8  -0.2703750000E+01  0.3272498090E+00 
 2008  4668    8  -0.2657000000E+01  0.3380591664E+00 
 2008  4674    8  -0.2416250000E+01  0.3564606395E+00 
 2008  4680    8  -0.2257250000E+01  0.3235087905E+00 
 2008  4686    8  -0.2080125000E+01  0.3318653483E+00 
 2008  4692    8  -0.2233500000E+01  0.2995617632E+00 
 2008  4698    8  -0.2237125000E+01  0.3817081469E+00 
 2008  4704    8  -0.2403250000E+01  0.4017171735E+00 
 2008  4710    8  -0.2550875000E+01  0.6005975020E+00 
 2008  4716    8  -0.2661750000E+01  0.5287832141E+00 
 2008  4722    8  -0.2531875000E+01  0.6144939864E+00 
 2008  4728    8  -0.2408125000E+01  0.5034730473E+00 
 2008  4734    8  -0.2584625000E+01  0.6407243825E+00 
 2008  4740    8  -0.2784375000E+01  0.5580279871E+00 
 2008  4746    8  -0.2826750000E+01  0.7427108707E+00 
 2008  4752    8  -0.2889000000E+01  0.5877646213E+00 
 2008  4758    8  -0.2756250000E+01  0.7077497351E+00 
 2008  4764    8  -0.2874250000E+01  0.6165169807E+00 
 2008  4770    8  -0.2663625000E+01  0.7276266105E+00 
 2008  4776    8  -0.2815000000E+01  0.6706166938E+00 
 2008  4782    8  -0.2547750000E+01  0.5309017682E+00 
 2008  4788    8  -0.2660125000E+01  0.4613497690E+00 
 2008  4794    8  -0.2420250000E+01  0.3597491313E+00 
 2008  4800    8  -0.2161875000E+01  0.3448588253E+00 
 2008  4806    8  -0.1961512500E+01  0.4849417889E+00 
 2008  4812    8  -0.2144575000E+01  0.6110581514E+00 
 2008  4818    8  -0.2084087500E+01  0.6870026773E+00 
 2008  4824    8  -0.2171875000E+01  0.8995948307E+00 
 2008  4830    8  -0.1955850000E+01  0.1398109820E+01 
 2008  4836    8  -0.1932487500E+01  0.1319194741E+01 
 2008  4842    8  -0.1878457500E+01  0.1173372784E+01 
 2008  4848    8  -0.1830205000E+01  0.1044919289E+01 
 2008  4854    8  -0.1940562500E+01  0.8467979540E+00 
 2008  4860    8  -0.2453250000E+01  0.7743906879E+00 
 2008  4866    8  -0.2602375000E+01  0.3160347835E+00 
 2008  4872    8  -0.2260500000E+01  0.4123872573E+00 
 2008  4878    8  -0.2280625000E+01  0.2886268948E+00 
 2008  4884    8  -0.2562875000E+01  0.3186218125E+00 
 2008  4890    8  -0.2641375000E+01  0.2835947538E+00 
 2008  4896    8  -0.2344750000E+01  0.2659463057E+00 
 2008  4902    8  -0.2133750000E+01  0.1967121946E+00 
 2008  4908    8  -0.2360250000E+01  0.3143655317E+00 
 2008  4914    8  -0.2195250000E+01  0.2309457458E+00 
 2008  4920    8  -0.1865625000E+01  0.3087672819E+00 
 2008  4926    8  -0.1783125000E+01  0.2927765520E+00 
 2008  4932    8  -0.2005250000E+01  0.4229845594E+00 
 2008  4938    8  -0.1877750000E+01  0.2759917345E+00 
 2008  4944    8  -0.1807675000E+01  0.4023912143E+00 
 2008  4950    8  -0.1649512500E+01  0.3339750568E+00 
 2008  4956    8  -0.1978137500E+01  0.5472953794E+00 
 2008  4962    8  -0.2131375000E+01  0.3192346071E+00 
 2008  4968    8  -0.2090625000E+01  0.3589815237E+00 
 2008  4974    8  -0.2065375000E+01  0.3762505606E+00 
 2008  4980    8  -0.2358000000E+01  0.3650825249E+00 
 2008  4986    8  -0.2450000000E+01  0.5746290108E+00 
 2008  4992    8  -0.2413375000E+01  0.3876280232E+00 
 2008  4998    8  -0.2268125000E+01  0.5808867010E+00 
 2008  5004    8  -0.2676000000E+01  0.6120471796E+00 
 2008  5010    8  -0.2976500000E+01  0.7379061593E+00 
 2008  5016    8  -0.3116750000E+01  0.8180196743E+00 
 2008  5022    8  -0.3387750000E+01  0.8470877685E+00 
 2008  5028    8  -0.3753250000E+01  0.1082511403E+01 
 2008  5034    8  -0.4295500000E+01  0.1316548518E+01 
 2008  5040    8  -0.4151825000E+01  0.1689007894E+01 
 2008  5046    8  -0.4255875000E+01  0.1261659566E+01 
 2008  5052    8  -0.4141375000E+01  0.1081220137E+01 
 2008  5058    8  -0.4206375000E+01  0.8294687965E+00 
 2008  5064    8  -0.4276000000E+01  0.6149821136E+00 
 2008  5070    8  -0.4354375000E+01  0.3296304512E+00 
 2008  5076    8  -0.4147625000E+01  0.4616148117E+00 
 2008  5082    8  -0.3973750000E+01  0.6073770966E+00 
 2008  5088    8  -0.3309250000E+01  0.8882126364E+00 
 2008  5094    8  -0.2893250000E+01  0.8829095013E+00 
 2008  5100    8  -0.2716500000E+01  0.8204660261E+00 
 2008  5106    8  -0.2017600000E+01  0.7061414306E+00 
 2008  5112    8  -0.1742975000E+01  0.8986425621E+00 
 2008  5118    8  -0.1607250000E+01  0.6377581340E+00 
 2008  5124    8  -0.1340550000E+01  0.8165216041E+00 
 2008  5130    8  -0.1080650000E+01  0.6556297945E+00 
 2008  5136    8  -0.1336475000E+01  0.4636348557E+00 
 2008  5142    8  -0.1183625000E+01  0.5031045238E+00 
 2008  5148    8  -0.1585225000E+01  0.4869580622E+00 
 2008  5154    8  -0.2055000000E+01  0.2878002780E+00 
 2008  5160    8  -0.1764125000E+01  0.2472652612E+00 
 2008  5166    8  -0.1963750000E+01  0.2842383463E+00 
 2008  5172    8  -0.2039750000E+01  0.4091847841E+00 
 2008  5178    8  -0.2107500000E+01  0.3717505884E+00 
 2008  5184    8  -0.2083500000E+01  0.3502035123E+00 
 2008  5190    8  -0.2409625000E+01  0.3411209234E+00 
 2008  5196    8  -0.2766625000E+01  0.4282945650E+00 
 2008  5202    8  -0.2690250000E+01  0.6093317549E+00 
 2008  5208    8  -0.2640125000E+01  0.4487054818E+00 
 2008  5214    8  -0.2880500000E+01  0.7293246876E+00 
 2008  5220    8  -0.3197250000E+01  0.8714642491E+00 
 2008  5226    8  -0.3734625000E+01  0.1079778095E+01 
 2008  5232    8  -0.4213375000E+01  0.1449902233E+01 
 2008  5238    8  -0.4809500000E+01  0.1586395127E+01 
 2008  5244    8  -0.5020625000E+01  0.1450242905E+01 
 2008  5250    8  -0.4684625000E+01  0.1469097932E+01 
 2008  5256    8  -0.3928625000E+01  0.1444362224E+01 
 2008  5262    8  -0.3732250000E+01  0.9786985938E+00 
 2008  5268    8  -0.3080750000E+01  0.8339281669E+00 
 2008  5274    8  -0.2664375000E+01  0.6643393217E+00 
 2008  5280    8  -0.2435250000E+01  0.4953207925E+00 
 2008  5286    8  -0.2329000000E+01  0.4343172803E+00 
 2008  5292    8  -0.2349000000E+01  0.3096675637E+00 
 2008  5298    8  -0.2214375000E+01  0.5257130723E+00 
 2008  5304    8  -0.2540875000E+01  0.5594797667E+00 
 2008  5310    8  -0.2550250000E+01  0.4398209153E+00 
 2008  5316    8  -0.2775625000E+01  0.3828690826E+00 
 2008  5322    8  -0.2766000000E+01  0.5591940629E+00 
 2008  5328    8  -0.2723625000E+01  0.5752305923E+00 
 2008  5334    8  -0.2840250000E+01  0.6170763223E+00 
 2008  5340    8  -0.2974750000E+01  0.6129603882E+00 
 2008  5346    8  -0.2756875000E+01  0.7562591218E+00 
 2008  5352    8  -0.2600000000E+01  0.6277143060E+00 
 2008  5358    8  -0.2324375000E+01  0.4276028933E+00 
 2008  5364    8  -0.1713437500E+01  0.3617123717E+00 
 2008  5370    8  -0.1140812500E+01  0.2967549428E+00 
 2008  5376    8  -0.1329287500E+01  0.4132574302E+00 
 2008  5382    8  -0.1262762500E+01  0.2947094668E+00 
 2008  5388    8  -0.1112212500E+01  0.3072860696E+00 
 2008  5394    8  -0.1176162500E+01  0.2824639532E+00 
 2008  5400    8  -0.1116900000E+01  0.3471340951E+00 
 2008  5406    8  -0.1092462500E+01  0.4233096353E+00 
 2008  5412    8  -0.1098987500E+01  0.4513922641E+00 
 2008  5418    8  -0.1507675000E+01  0.2523159515E+00 
 2008  5424    8  -0.1524600000E+01  0.2885957727E+00 
 2008  5430    8  -0.1718300000E+01  0.4311362662E+00 
 2008  5436    8  -0.1900387500E+01  0.5014957638E+00 
 2008  5442    8  -0.2194750000E+01  0.3145777924E+00 
 2008  5448    8  -0.2268000000E+01  0.3494992847E+00 
 2008  5454    8  -0.2222125000E+01  0.3023187215E+00 
 2008  5460    8  -0.2660750000E+01  0.3221524290E+00 
 2008  5466    8  -0.2753375000E+01  0.3965980136E+00 
 2008  5472    8  -0.2538250000E+01  0.2901343439E+00 
 2008  5478    8  -0.2325375000E+01  0.2767710866E+00 
 2008  5484    8  -0.2673125000E+01  0.3739767498E+00 
 2008  5490    8  -0.2763125000E+01  0.3223121304E+00 
 2008  5496    8  -0.2299375000E+01  0.2738215375E+00 
 2008  5502    8  -0.2130750000E+01  0.2243372183E+00 
 2008  5508    8  -0.2150375000E+01  0.3925114449E+00 
 2008  5514    8  -0.1825625000E+01  0.2527206647E+00 
 2008  5520    8  -0.1229900000E+01  0.3366159087E+00 
 2008  5526    8  -0.1185537500E+01  0.4355058465E+00 
 2008  5532    8  -0.1109350000E+01  0.3496979625E+00 
 2008  5538    8  -0.1092562500E+01  0.3229165912E+00 
 2008  5544    8  -0.7235875000E+00  0.3824649410E+00 
 2008  5550    8  -0.8402026250E+00  0.3876107452E+00 
 2008  5556    8  -0.8330875000E+00  0.5633116221E+00 
 2008  5562    8  -0.1149750000E+01  0.4341395945E+00 
 2008  5568    8  -0.1034014625E+01  0.4822688386E+00 
 2008  5574    8  -0.1624662500E+01  0.5276060769E+00 
 2008  5580    8  -0.2018125000E+01  0.3552571032E+00 
 2008  5586    8  -0.2581750000E+01  0.3351614350E+00 
 2008  5592    8  -0.2735000000E+01  0.4012829426E+00 
 2008  5598    8  -0.2710250000E+01  0.3922657741E+00 
 2008  5604    8  -0.3044875000E+01  0.5383050802E+00 
 2008  5610    8  -0.2904237500E+01  0.1113260637E+01 
 2008  5616    8  -0.2895265000E+01  0.1411526465E+01 
 2008  5622    8  -0.2845087500E+01  0.1784764802E+01 
 2008  5628    8  -0.4652625000E+01  0.6471668907E+00 
 2008  5634    8  -0.4359375000E+01  0.9804948926E+00 
 2008  5640    8  -0.4627875000E+01  0.6388447459E+00 
 2008  5646    8  -0.4228000000E+01  0.1048323662E+01 
 2008  5652    8  -0.3573500000E+01  0.1719784798E+01 
 2008  5658    8  -0.3010125000E+01  0.1200306048E+01 
 2008  5664    8  -0.2461737500E+01  0.9021928742E+00 
 2008  5670    8  -0.1831512500E+01  0.5014964492E+00 
 2008  5676    8  -0.1572337500E+01  0.4564059567E+00 
 2008  5682    8  -0.1502137500E+01  0.3321337191E+00 
 2008  5688    8  -0.1240996250E+01  0.6135291204E+00 
 2008  5694    8  -0.1378037500E+01  0.5727303073E+00 
 2008  5700    8  -0.1421487500E+01  0.5739738832E+00 
 2008  5706    8  -0.1516212500E+01  0.3634609554E+00 
 2008  5712    8  -0.1369262500E+01  0.3602708805E+00 
 2008  5718    8  -0.1408275000E+01  0.3958533559E+00 
 2008  5724    8  -0.1762050000E+01  0.3525004504E+00 
 2008  5730    8  -0.1720250000E+01  0.2700406219E+00 
 2008  5736    8  -0.1565150000E+01  0.2700409367E+00 
 2008  5742    8  -0.1363400000E+01  0.4500521859E+00 
 2008  5748    8  -0.1461187500E+01  0.3096399055E+00 
 2008  5754    8  -0.1265137500E+01  0.3232762941E+00 
 2008  5760    8  -0.1046437500E+01  0.3741786002E+00 
 2008  5766    8  -0.1030412500E+01  0.3745871208E+00 
 2008  5772    8  -0.1467275000E+01  0.4667119153E+00 
 2008  5778    8  -0.1535262500E+01  0.4702836244E+00 
 2008  5784    8  -0.1274912500E+01  0.5009633006E+00 
 2008  5790    8  -0.1270687500E+01  0.4345805950E+00 
 2008  5796    8  -0.1568012500E+01  0.4660726350E+00 
 2008  5802    8  -0.1510425000E+01  0.4247498698E+00 
 2008  5808    8  -0.1290150000E+01  0.5110767824E+00 
 2008  5814    8  -0.1246625000E+01  0.3103765324E+00 
 2008  5820    8  -0.1468025000E+01  0.3870718982E+00 
 2008  5826    8  -0.1592912500E+01  0.3533050433E+00 
 2008  5832    8  -0.1159912500E+01  0.4786184060E+00 
 2008  5838    8  -0.1041637500E+01  0.3104581008E+00 
 2008  5844    8  -0.1214900000E+01  0.4052085512E+00 
 2008  5850    8  -0.1383937500E+01  0.3473766362E+00 
 2008  5856    8  -0.1242225000E+01  0.3677579019E+00 
 2008  5862    8  -0.1292050000E+01  0.4081890095E+00 
 2008  5868    8  -0.1459625000E+01  0.3651379662E+00 
 2008  5874    8  -0.1372437500E+01  0.3310969871E+00 
 2008  5880    8  -0.1315387500E+01  0.4436409709E+00 
 2008  5886    8  -0.1155162500E+01  0.3492920409E+00 
 2008  5892    8  -0.1145187500E+01  0.3859582472E+00 
 2008  5898    8  -0.1212512500E+01  0.4287393014E+00 
 2008  5904    8  -0.1133037500E+01  0.7176117995E+00 
 2008  5910    8  -0.1082425000E+01  0.3897173744E+00 
 2008  5916    8  -0.1309262500E+01  0.5384535563E+00 
 2008  5922    8  -0.1335537500E+01  0.4161742992E+00 
 2008  5928    8  -0.1412437500E+01  0.4741355343E+00 
 2008  5934    8  -0.1552125000E+01  0.2708465606E+00 
 2008  5940    8  -0.1670000000E+01  0.3015609391E+00 
 2008  5946    8  -0.1828625000E+01  0.2334303630E+00 
 2008  5952    8  -0.1604900000E+01  0.4296530810E+00 
 2008  5958    8  -0.1611750000E+01  0.2990780626E+00 
 2008  5964    8  -0.1429287500E+01  0.2953887753E+00 
 2008  5970    8  -0.1138562500E+01  0.2436320788E+00 
 2008  5976    8  -0.9745375000E+00  0.2831359167E+00 
 2008  5982    8  -0.8613750000E+00  0.3110286351E+00 
 2008  5988    8  -0.6530750000E+00  0.3325024502E+00 
 2008  5994    8  -0.4892125000E+00  0.3075700670E+00 
 2008  6000    8  -0.5605500000E+00  0.3049089905E+00 
 2008  6006    8  -0.4595750000E+00  0.3391671150E+00 
 2008  6012    8  -0.6602400000E+00  0.3460136879E+00 
 2008  6018    8  -0.5846407500E+00  0.3472534799E+00 
 2008  6024    8  -0.6248575000E+00  0.3576877844E+00 
 2008  6030    8  -0.6368950000E+00  0.3988996505E+00 
 2008  6036    8  -0.8789762500E+00  0.4858810600E+00 
 2008  6042    8  -0.8431425000E+00  0.6579190270E+00 
 2008  6048    8  -0.7387500000E+00  0.7073593076E+00 
 2008  6054    8  -0.6178500000E+00  0.5457188058E+00 
 2008  6060    8  -0.1163975000E+01  0.4910345068E+00 
 2008  6066    8  -0.1121570000E+01  0.8269804978E+00 
 2008  6072    8  -0.7271750000E+00  0.7643904185E+00 
 2008  6078    8  -0.5674125000E+00  0.5959147809E+00 
 2008  6084    8  -0.1010881250E+01  0.5630894012E+00 
 2008  6090    8  -0.1254475000E+01  0.7934672642E+00 
 2008  6096    8  -0.1126562500E+01  0.7473051969E+00 
 2008  6102    8  -0.9933000000E+00  0.6619591302E+00 
 2008  6108    8  -0.1462950000E+01  0.6888372340E+00 
 2008  6114    8  -0.1837800000E+01  0.8094979756E+00 
 2008  6120    8  -0.1382387500E+01  0.7915348230E+00 
 2008  6126    8  -0.1540062500E+01  0.6628277773E+00 
 2008  6132    8  -0.1946075000E+01  0.6891780535E+00 
 2008  6138    8  -0.2056850000E+01  0.8528380210E+00 
 2008  6144    8  -0.2006287500E+01  0.8971018218E+00 
 2008  6150    8  -0.1831587500E+01  0.8400044947E+00 
 2008  6156    8  -0.2094312500E+01  0.8478532058E+00 
 2008  6162    8  -0.2051482375E+01  0.1040595472E+01 
 2008  6168    8  -0.1865387500E+01  0.1242586629E+01 
 2008  6174    8  -0.1813700000E+01  0.1176382829E+01 
 2008  6180    8  -0.1864462625E+01  0.1470975963E+01 
 2008  6186    8  -0.1813052500E+01  0.1485709234E+01 
 2008  6192    8  -0.1611412500E+01  0.1730115008E+01 
 2008  6198    8  -0.1541588750E+01  0.1303446686E+01 
 2008  6204    8  -0.1762452500E+01  0.1338769122E+01 
 2008  6210    8  -0.2053887500E+01  0.1128723052E+01 
 2008  6216    8  -0.1910187500E+01  0.1004548820E+01 
 2008  6222    8  -0.1938000000E+01  0.4629827211E+00 
 2008  6228    8  -0.1996875000E+01  0.3918237606E+00 
 2008  6234    8  -0.2171625000E+01  0.3937457738E+00 
 2008  6240    8  -0.1924625000E+01  0.4210890457E+00 
 2008  6246    8  -0.1639750000E+01  0.3124018846E+00 
 2008  6252    8  -0.1961875000E+01  0.3559678488E+00 
 2008  6258    8  -0.1773625000E+01  0.3381327171E+00 
 2008  6264    8  -0.1686500000E+01  0.3010489993E+00 
 2008  6270    8  -0.1561237500E+01  0.3762294444E+00 
 2008  6276    8  -0.1696750000E+01  0.3257333073E+00 
 2008  6282    8  -0.1323325000E+01  0.3199513547E+00 
 2008  6288    8  -0.1294387500E+01  0.3556054430E+00 
 2008  6294    8  -0.1048650000E+01  0.2631101433E+00 
 2008  6300    8  -0.1121412500E+01  0.2682274428E+00 
 2008  6306    8  -0.1118150000E+01  0.2076375689E+00 
 2008  6312    8  -0.1087425000E+01  0.2146848723E+00 
 2008  6318    8  -0.1170237500E+01  0.3351009696E+00 
 2008  6324    8  -0.1343625000E+01  0.2438026546E+00 
 2008  6330    8  -0.1654500000E+01  0.3064951060E+00 
 2008  6336    8  -0.1640375000E+01  0.3638811404E+00 
 2008  6342    8  -0.1799250000E+01  0.2785541913E+00 
 2008  6348    8  -0.2017750000E+01  0.3132916971E+00 
 2008  6354    8  -0.2299500000E+01  0.3180931467E+00 
 2008  6360    8  -0.2285250000E+01  0.3486845817E+00 
 2008  6366    8  -0.2523125000E+01  0.4206493306E+00 
 2008  6372    8  -0.3203375000E+01  0.5093480974E+00 
 2008  6378    8  -0.3497000000E+01  0.8785798199E+00 
 2008  6384    8  -0.4016000000E+01  0.1084231295E+01 
 2008  6390    8  -0.3976600000E+01  0.1569830061E+01 
 2008  6396    8  -0.3950712500E+01  0.2239098558E+01 
 2008  6402    8  -0.2823125000E+01  0.4007049209E+01 
 2008  6408    8  -0.2818125000E+01  0.4896663620E+01 
 2008  6414    8  -0.3822850000E+01  0.3360069085E+01 
 2008  6420    8  -0.2368638750E+01  0.1716108613E+01 
 2008  6426    8  -0.2337500000E+01  0.5147581957E+00 
 2008  6432    8  -0.2009000000E+01  0.2947613441E+00 
 2008  6438    8  -0.1354237500E+01  0.6239802440E+00 
 2008  6444    8  -0.1242550000E+01  0.6368138935E+00 
 2008  6450    8  -0.1466125000E+01  0.3104671631E+00 
 2008  6456    8  -0.1345900000E+01  0.3678459630E+00 
 2008  6462    8  -0.1484250000E+01  0.3018897771E+00 
 2008  6468    8  -0.2074750000E+01  0.3058368642E+00 
 2008  6474    8  -0.1368750000E+01  0.3688088089E+00 
 2008  6480    8  -0.1027125000E+01  0.4377091950E+00 
 2008  6486    8  -0.1084962500E+01  0.5390149394E+00 
 2008  6492    8  -0.1079783750E+01  0.9630931722E+00 
 2008  6498    8  -0.7318625000E+00  0.1788261553E+01 
 2008  6504    8  -0.7368391250E+00  0.2248587578E+01 
 2008  6510    8  -0.6859250000E+00  0.2488092008E+01 
 2008  6516    8  -0.1158841250E+01  0.2509122561E+01 
 2008  6522    8  -0.1060715000E+01  0.2397737573E+01 
 2008  6528    8  -0.8417087500E+00  0.2191469832E+01 
 2008  6534    8  -0.9317000000E+00  0.1975863717E+01 
 2008  6540    8  -0.1089062500E+01  0.2001546659E+01 
 2008  6546    8  -0.5091625000E+00  0.1911106118E+01 
 2008  6552    8  -0.6231250000E-01  0.1721977020E+01 
 2008  6558    8  0.1708000000E+00  0.1186376039E+01 
 2008  6564    8  -0.9920000000E-01  0.9618102581E+00 
 2008  6570    8  -0.1203250000E+00  0.6327157789E+00 
 2008  6576    8  0.5113750000E-02  0.2559109656E+00 
 2008  6582    8  -0.1690412500E+00  0.3739624532E+00 
 2008  6588    8  -0.4022000000E+00  0.2786771564E+00 
 2008  6594    8  -0.5201175000E+00  0.3636541216E+00 
 2008  6600    8  -0.5868500000E+00  0.6931049596E+00 
 2008  6606    8  -0.2982500000E+00  0.6422679250E+00 
 2008  6612    8  -0.6176500000E+00  0.7205894514E+00 
 2008  6618    8  -0.3788162500E+00  0.7901089554E+00 
 2008  6624    8  -0.5595000000E+00  0.7550484140E+00 
 2008  6630    8  -0.6008250000E+00  0.7162694077E+00 
 2008  6636    8  -0.1143203750E+01  0.6594811543E+00 
 2008  6642    8  -0.1224825000E+01  0.4799200734E+00 
 2008  6648    8  -0.1499237500E+01  0.7128470347E+00 
 2008  6654    8  -0.1792500000E+01  0.4457255321E+00 
 2008  6660    8  -0.2064500000E+01  0.6460946138E+00 
 2008  6666    8  -0.2434625000E+01  0.6811018532E+00 
 2008  6672    8  -0.2340400000E+01  0.7850550745E+00 
 2008  6678    8  -0.2346875000E+01  0.5894337192E+00 
 2008  6684    8  -0.2243500000E+01  0.4614926868E+00 
 2008  6690    8  -0.2694875000E+01  0.5499694168E+00 
 2008  6696    8  -0.1986875000E+01  0.4716565057E+00 
 2008  6702    8  -0.1818887500E+01  0.6023036515E+00 
 2008  6708    8  -0.1560950000E+01  0.5334869891E+00 
 2008  6714    8  -0.9379875000E+00  0.6102145861E+00 
 2008  6720    8  -0.4339125000E+00  0.4481706049E+00 
 2008  6726    8  0.4985250000E-01  0.4182365030E+00 
 2008  6732    8  -0.4648750000E-01  0.3144623365E+00 
 2008  6738    8  0.2573537500E+00  0.7200828728E+00 
 2008  6744    8  0.4106062500E+00  0.8790863780E+00 
 2008  6750    8  0.5742000000E+00  0.8203584354E+00 
 2008  6756    8  0.2921125000E+00  0.8215969365E+00 
 2008  6762    8  0.3669250000E+00  0.1007794990E+01 
 2008  6768    8  0.4894287500E+00  0.7742294871E+00 
 2008  6774    8  0.6064487500E+00  0.4926812363E+00 
 2008  6780    8  0.4233575000E+00  0.4754327904E+00 
 2008  6786    8  0.3785750000E+00  0.3949396655E+00 
 2008  6792    8  0.6462012500E+00  0.4214265998E+00 
 2008  6798    8  0.5752600000E+00  0.3883735947E+00 
 2008  6804    8  0.3075375000E+00  0.4798874612E+00 
 2008  6810    8  0.5115362500E+00  0.5569061718E+00 
 2008  6816    8  0.2638950000E+00  0.4835105194E+00 
 2008  6822    8  0.4964375000E+00  0.5738395049E+00 
 2008  6828    8  0.3261800000E+00  0.5810941712E+00 
 2008  6834    8  0.6269750000E+00  0.9120012606E+00 
 2008  6840    8  0.7523650000E+00  0.8572063071E+00 
 2008  6846    8  0.1033985000E+01  0.1020612728E+01 
 2008  6852    8  0.8065500000E+00  0.1302354785E+01 
 2008  6858    8  0.9050500000E+00  0.1231227486E+01 
 2008  6864    8  0.8898375000E+00  0.1448805508E+01 
 2008  6870    8  0.7454000000E+00  0.1212873744E+01 
 2008  6876    8  0.9773975000E+00  0.1066438583E+01 
 2008  6882    8  0.9798000000E+00  0.6983934010E+00 
 2008  6888    8  0.6174875000E+00  0.7098158501E+00 
 2008  6894    8  0.6713362500E+00  0.4802764589E+00 
 2008  6900    8  0.5418675000E+00  0.6946265906E+00 
 2008  6906    8  0.4251537500E+00  0.5939122668E+00 
 2008  6912    8  0.3093500000E+00  0.5872851288E+00 
 2008  6918    8  0.3202887500E+00  0.5470899600E+00 
 2008  6924    8  0.3363250000E+00  0.7817047680E+00 
 2008  6930    8  0.3101850000E+00  0.7575545420E+00 
 2008  6936    8  0.2173750000E+00  0.1114645974E+01 
 2008  6942    8  0.3300375000E+00  0.1078529603E+01 
 2008  6948    8  -0.3487500000E-01  0.1332682262E+01 
 2008  6954    8  -0.6535000000E-01  0.1339995998E+01 
 2008  6960    8  -0.6418750000E-01  0.1513930038E+01 
 2008  6966    8  -0.2014750000E+00  0.1209209980E+01 
 2008  6972    8  -0.3207750000E+00  0.1290670146E+01 
 2008  6978    8  -0.2159125000E+00  0.8541682130E+00 
 2008  6984    8  -0.4823750000E-01  0.9905027738E+00 
 2008  6990    8  0.7237500000E-02  0.6268298911E+00 
 2008  6996    8  0.8185000000E-01  0.6768633595E+00 
 2008  7002    8  0.1403125000E+00  0.6043826281E+00 
 2008  7008    8  0.4454062500E+00  0.7426825522E+00 
 2008  7014    8  0.4551850000E+00  0.4843014224E+00 
 2008  7020    8  0.2769325000E+00  0.5956606723E+00 
 2008  7026    8  0.1906625000E+00  0.5042096388E+00 
 2008  7032    8  0.2371462500E+00  0.7286304336E+00 
 2008  7038    8  0.3704937500E+00  0.4865176811E+00 
 2008  7044    8  0.2074087500E+00  0.4589541511E+00 
 2008  7050    8  0.8189875000E-01  0.5483766931E+00 
 2008  7056    8  0.4745000000E-01  0.6354476670E+00 
 2008  7062    8  0.2525000000E-01  0.4241538901E+00 
 2008  7068    8  -0.4759125000E+00  0.3502974769E+00 
 2008  7074    8  -0.6128237125E+00  0.4272210370E+00 
 2008  7080    8  -0.7393750000E+00  0.3854127714E+00 
 2008  7086    8  -0.4257750000E+00  0.2350792513E+00 
 2008  7092    8  -0.7795875000E+00  0.2627404634E+00 
 2008  7098    8  -0.8053750000E+00  0.2357329037E+00 
 2008  7104    8  -0.7663375000E+00  0.4443932969E+00 
 2008  7110    8  -0.6904000000E+00  0.4572847226E+00 
 2008  7116    8  -0.6902687500E+00  0.6789337757E+00 
 2008  7122    8  -0.2063750000E+00  0.5952979795E+00 
 2008  7128    8  0.2410450000E+00  0.5625099716E+00 
 2008  7134    8  0.7646875000E+00  0.6019379587E+00 
 2008  7140    8  0.7491200000E+00  0.5572645972E+00 
 2008  7146    8  0.1324412500E+01  0.4432382667E+00 
 2008  7152    8  0.1552575000E+01  0.6440052518E+00 
 2008  7158    8  0.1787312500E+01  0.7486106689E+00 
 2008  7164    8  0.1582625000E+01  0.8797552000E+00 
 2008  7170    8  0.1676025000E+01  0.7985058966E+00 
 2008  7176    8  0.1544087500E+01  0.5725890093E+00 
 2008  7182    8  0.1419425000E+01  0.5204560806E+00 
 2008  7188    8  0.8699125000E+00  0.3400388045E+00 
 2008  7194    8  0.9448625000E+00  0.4003469056E+00 
 2008  7200    8  0.1096162500E+01  0.5562673322E+00 
 2008  7206    8  0.1429487500E+01  0.5704605496E+00 
 2008  7212    8  0.1108950000E+01  0.3815521033E+00 
 2008  7218    8  0.1425700000E+01  0.3681352061E+00 
 2008  7224    8  0.1601525000E+01  0.6022865696E+00 
 2008  7230    8  0.1607287500E+01  0.6114048688E+00 
 2008  7236    8  0.9327700000E+00  0.8782988620E+00 
 2008  7242    8  0.7941225000E+00  0.7437641448E+00 
 2008  7248    8  0.8061000000E+00  0.5633294152E+00 
 2008  7254    8  0.4380612500E+00  0.3687576379E+00 
 2008  7260    8  0.5490000000E-01  0.3259901149E+00 
 2008  7266    8  -0.8913750000E-01  0.2402631835E+00 
 2008  7272    8  -0.1630962500E+00  0.3944619279E+00 
 2008  7278    8  0.3562750000E-01  0.2868258325E+00 
 2008  7284    8  -0.9882875000E-01  0.3214200776E+00 
 2008  7290    8  0.7103250000E-01  0.4673324554E+00 
 2008  7296    8  0.3754750000E+00  0.3113532630E+00 
 2008  7302    8  0.4953750000E+00  0.3859412382E+00 
 2008  7308    8  0.4831750000E+00  0.2852219651E+00 
 2008  7314    8  0.4506162500E+00  0.3290756157E+00 
 2008  7320    8  0.6677875000E+00  0.3580778806E+00 
 2008  7326    8  0.6396875000E+00  0.3283021148E+00 
 2008  7332    8  0.3492037500E+00  0.4629676701E+00 
 2008  7338    8  0.3504537500E+00  0.4480906395E+00 
 2008  7344    8  0.3353150000E+00  0.7648538675E+00 
 2008  7350    8  0.1723750000E+00  0.6877208295E+00 
 2008  7356    8  0.2435875000E+00  0.6024901025E+00 
 2008  7362    8  0.5084225000E+00  0.3350411572E+00 
 2008  7368    8  0.8813750000E+00  0.3303000823E+00 
 2008  7374    8  0.1236812500E+01  0.7514867355E+00 
 2008  7380    8  0.1355460250E+01  0.8949221658E+00 
 2008  7386    8  0.1145862500E+01  0.4705720188E+00 
 2008  7392    8  0.9017125000E+00  0.3391475469E+00 
 2008  7398    8  0.1191300000E+01  0.4146650214E+00 
 2008  7404    8  0.1340062500E+01  0.2885292920E+00 
 2008  7410    8  0.1339475000E+01  0.3629680935E+00 
 2008  7416    8  0.1171837500E+01  0.5477901604E+00 
 2008  7422    8  0.1270000000E+01  0.4992927097E+00 
 2008  7428    8  0.9986250000E+00  0.3691509540E+00 
 2008  7434    8  0.8332125000E+00  0.3852911511E+00 
 2008  7440    8  0.5802250000E+00  0.4214537037E+00 
 2008  7446    8  0.3016962500E+00  0.2552502842E+00 
 2008  7452    8  -0.9120835000E-01  0.2139881203E+00 
 2008  7458    8  -0.1183375000E+00  0.3104902693E+00 
 2008  7464    8  -0.2111725000E+00  0.2373637584E+00 
 2008  7470    8  -0.5300250000E+00  0.3519831344E+00 
 2008  7476    8  -0.5881400000E+00  0.5876750907E+00 
 2008  7482    8  -0.2330875000E+00  0.6407134294E+00 
 2008  7488    8  -0.2622500000E+00  0.5902067773E+00 
 2008  7494    8  -0.1785875000E-01  0.8081185895E+00 
 2008  7500    8  -0.5543875000E-01  0.6818513469E+00 
 2008  7506    8  0.3307237500E+00  0.4723243641E+00 
 2008  7512    8  0.6281000000E+00  0.3997897916E+00 
 2008  7518    8  0.1198762500E+01  0.9083350758E+00 
 2008  7524    8  0.1342512500E+01  0.1323722430E+01 
 2008  7530    8  0.2273475000E+01  0.2065475969E+01 
 2008  7536    8  0.2589537500E+01  0.2397568191E+01 
 2008  7542    8  0.2962425000E+01  0.2605733005E+01 
 2008  7548    8  0.2344387500E+01  0.2322549985E+01 
 2008  7554    8  0.2561862500E+01  0.2579819835E+01 
 2008  7560    8  0.2586191010E+01  0.2664600867E+01 
 2008  7566    8  0.2740112500E+01  0.2572587030E+01 
 2008  7572    8  0.2201925000E+01  0.2602891682E+01 
 2008  7578    8  0.2202487500E+01  0.2471172578E+01 
 2008  7584    8  0.2111617500E+01  0.2230028431E+01 
 2008  7590    8  0.1989060000E+01  0.1999264951E+01 
 2008  7596    8  0.1414337500E+01  0.2386475703E+01 
 2008  7602    8  0.1286166250E+01  0.2317609570E+01 
 2008  7608    8  0.1472212500E+01  0.2304725469E+01 
 2008  7614    8  0.1660237500E+01  0.1881217565E+01 
 2008  7620    8  0.1388932500E+01  0.1825511727E+01 
 2008  7626    8  0.1100300000E+01  0.1430598304E+01 
 2008  7632    8  0.1306622500E+01  0.1545142456E+01 
 2008  7638    8  0.1303512500E+01  0.1082841295E+01 
 2008  7644    8  0.8507612500E+00  0.1128502425E+01 
 2008  7650    8  0.6817000000E+00  0.9549639313E+00 
 2008  7656    8  0.1009680000E+01  0.9903440918E+00 
 2008  7662    8  0.1123250000E+01  0.5629188352E+00 
 2008  7668    8  0.2345500000E+00  0.7647569205E+00 
 2008  7674    8  -0.1573225000E+00  0.8009089449E+00 
 2008  7680    8  -0.1569175000E+00  0.6864135362E+00 
 2008  7686    8  0.1103000000E-01  0.3965855321E+00 
 2008  7692    8  -0.3145500000E+00  0.4657094507E+00 
 2008  7698    8  -0.1665312500E+00  0.4931132305E+00 
 2008  7704    8  0.1750375000E+00  0.5903376278E+00 
 2008  7710    8  0.4802253750E+00  0.7446324525E+00 
 2008  7716    8  0.6492500000E-01  0.8143753738E+00 
 2008  7722    8  0.5591487500E+00  0.9087639766E+00 
 2008  7728    8  0.1280175000E+01  0.9042704667E+00 
 2008  7734    8  0.1976750000E+01  0.9537707730E+00 
 2008  7740    8  0.2005875000E+01  0.9909637276E+00 
 2008  7746    8  0.2571625000E+01  0.1264711127E+01 
 2008  7752    8  0.3037000000E+01  0.1178580926E+01 
 2008  7758    8  0.3947250000E+01  0.1552925284E+01 
 2008  7764    8  0.3714625000E+01  0.1460149645E+01 
 2008  7770    8  0.4491750000E+01  0.1546265158E+01 
 2008  7776    8  0.4684625000E+01  0.1436642608E+01 
 2008  7782    8  0.4850250000E+01  0.1995960968E+01 
 2008  7788    8  0.3705875000E+01  0.1862379958E+01 
 2008  7794    8  0.3645875000E+01  0.1921641254E+01 
 2008  7800    8  0.3481875000E+01  0.1683203749E+01 
 2008  7806    8  0.3441125000E+01  0.1246460934E+01 
 2008  7812    8  0.2659125000E+01  0.9691311105E+00 
 2008  7818    8  0.2563500000E+01  0.9693236044E+00 
 2008  7824    8  0.2416625000E+01  0.7664660686E+00 
 2008  7830    8  0.2210500000E+01  0.5209133805E+00 
 2008  7836    8  0.1656375000E+01  0.3167818403E+00 
 2008  7842    8  0.1372237500E+01  0.3585182629E+00 
 2008  7848    8  0.1258862500E+01  0.5462163421E+00 
 2008  7854    8  0.1028612500E+01  0.4171896554E+00 
 2008  7860    8  0.7585500000E+00  0.4156943859E+00 
 2008  7866    8  0.9692625000E+00  0.4177014123E+00 
 2008  7872    8  0.1027175000E+01  0.4560551385E+00 
 2008  7878    8  0.1390712500E+01  0.7174662352E+00 
 2008  7884    8  0.9311875000E+00  0.4790795405E+00 
 2008  7890    8  0.1352275000E+01  0.4176369229E+00 
 2008  7896    8  0.1866000000E+01  0.4223402065E+00 
 2008  7902    8  0.2279125000E+01  0.7029895870E+00 
 2008  7908    8  0.1959512500E+01  0.1086782321E+01 
 2008  7914    8  0.2131312500E+01  0.1309988919E+01 
 2008  7920    8  0.2399850000E+01  0.1742579762E+01 
 2008  7926    8  0.2429287500E+01  0.1469602975E+01 
 2008  7932    8  0.1789975000E+01  0.1448731721E+01 
 2008  7938    8  0.2357500000E+01  0.1189379775E+01 
 2008  7944    8  0.3030500000E+01  0.5809819274E+00 
 2008  7950    8  0.3309750000E+01  0.4252839493E+00 
 2008  7956    8  0.2942875000E+01  0.5140171295E+00 
 2008  7962    8  0.3058125000E+01  0.4150859662E+00 
 2008  7968    8  0.3215375000E+01  0.6627948283E+00 
 2008  7974    8  0.3382250000E+01  0.6032515541E+00 
 2008  7980    8  0.2808500000E+01  0.9516368793E+00 
 2008  7986    8  0.2918500000E+01  0.9014083425E+00 
 2008  7992    8  0.3217250000E+01  0.1064046492E+01 
 2008  7998    8  0.3215125000E+01  0.8023262176E+00 
 2008  8004    8  0.2647875000E+01  0.1076032694E+01 
 2008  8010    8  0.3097000000E+01  0.7176668795E+00 
 2008  8016    8  0.3357750000E+01  0.6262401197E+00 
 2008  8022    8  0.3477000000E+01  0.4042845533E+00 
 2008  8028    8  0.3005000000E+01  0.4171147924E+00 
 2008  8034    8  0.2872000000E+01  0.4027610954E+00 
 2008  8040    8  0.2956250000E+01  0.6153835694E+00 
 2008  8046    8  0.2882875000E+01  0.4399788170E+00 
 2008  8052    8  0.2094625000E+01  0.4081975433E+00 
 2008  8058    8  0.1880750000E+01  0.4061569124E+00 
 2008  8064    8  0.1843500000E+01  0.3496519698E+00 
 2008  8070    8  0.2003750000E+01  0.3483797318E+00 
 2008  8076    8  0.1318175000E+01  0.3273957305E+00 
 2008  8082    8  0.8793500000E+00  0.4824831966E+00 
 2008  8088    8  0.7478487500E+00  0.6347401314E+00 
 2008  8094    8  0.4523150000E+00  0.3829028658E+00 
 2008  8100    8  -0.8986625000E-01  0.3878543521E+00 
 2008  8106    8  -0.2570250000E+00  0.4516517900E+00 
 2008  8112    8  0.4087625000E-01  0.4247183366E+00 
 2008  8118    8  0.3620275000E+00  0.4637254400E+00 
 2008  8124    8  0.2772312500E+00  0.3401714999E+00 
 2008  8130    8  0.1278487500E+01  0.5444814906E+00 
 2008  8136    8  0.2246587500E+01  0.1270601594E+01 
 2008  8142    8  0.3016875000E+01  0.6519040262E+00 
 2008  8148    8  0.2753000000E+01  0.6464093131E+00 
 2008  8154    8  0.3717000000E+01  0.1606970597E+01 
 2008  8160    8  0.4255625000E+01  0.1658774242E+01 
 2008  8166    8  0.4825875000E+01  0.2362685571E+01 
 2008  8172    8  0.4309500000E+01  0.2644408157E+01 
 2008  8178    8  0.4632125000E+01  0.3185721560E+01 
 2008  8184    8  0.4853125000E+01  0.2718309421E+01 
 2008  8190    8  0.4498625000E+01  0.2400656365E+01 
 2008  8196    8  0.3457125000E+01  0.1973982234E+01 
 2008  8202    8  0.3206750000E+01  0.1381228507E+01 
 2008  8208    8  0.3421125000E+01  0.8980561560E+00 
 2008  8214    8  0.3249500000E+01  0.3605915279E+00 
 2008  8220    8  0.2636250000E+01  0.3414878292E+00 
 2008  8226    8  0.2176250000E+01  0.3080587403E+00 
 2008  8232    8  0.1936375000E+01  0.3904349938E+00 
 2008  8238    8  0.1799000000E+01  0.3692959518E+00 
 2008  8244    8  0.1057412500E+01  0.5241308888E+00 
 2008  8250    8  0.1405375000E+01  0.2922849370E+00 
 2008  8256    8  0.1550000000E+01  0.2685498092E+00 
 2008  8262    8  0.1671875000E+01  0.3276131245E+00 
 2008  8268    8  0.7992250000E+00  0.3066265063E+00 
 2008  8274    8  0.1026212500E+01  0.3102044706E+00 
 2008  8280    8  0.1450625000E+01  0.3880476574E+00 
 2008  8286    8  0.1339662500E+01  0.4756987674E+00 
 2008  8292    8  0.6900125000E+00  0.3915413817E+00 
 2008  8298    8  0.7849450000E+00  0.5589559090E+00 
 2008  8304    8  0.6269250000E+00  0.4245082501E+00 
 2008  8310    8  0.4693037500E+00  0.3943363579E+00 
 2008  8316    8  0.1883750000E+00  0.5030779357E+00 
 2008  8322    8  0.3673612500E+00  0.5489762944E+00 
 2008  8328    8  0.7653625000E+00  0.4610698020E+00 
 2008  8334    8  0.9890500000E+00  0.3088992999E+00 
 2008  8340    8  0.9317500000E+00  0.3703643274E+00 
 2008  8346    8  0.1077087500E+01  0.5318347427E+00 
 2008  8352    8  0.1924875000E+01  0.5264754119E+00 
 2008  8358    8  0.2392125000E+01  0.6201016928E+00 
 2008  8364    8  0.2497750000E+01  0.8217170666E+00 
 2008  8370    8  0.2934500000E+01  0.9195887668E+00 
 2008  8376    8  0.3331250000E+01  0.1394016297E+01 
 2008  8382    8  0.3425500000E+01  0.1405751845E+01 
 2008  8388    8  0.2792625000E+01  0.1599714892E+01 
 2008  8394    8  0.2557275000E+01  0.1752462761E+01 
 2008  8400    8  0.2730762500E+01  0.1777511855E+01 
 2008  8406    8  0.2620250000E+01  0.1372817154E+01 
 2008  8412    8  0.2046287500E+01  0.1102119426E+01 
 2008  8418    8  0.2281250000E+01  0.1036594153E+01 
 2008  8424    8  0.2350750000E+01  0.5880371481E+00 
 2008  8430    8  0.2319250000E+01  0.3013145159E+00 
 2008  8436    8  0.1734750000E+01  0.2972174078E+00 
 2008  8442    8  0.2157875000E+01  0.3405486153E+00 
 2008  8448    8  0.2130000000E+01  0.3210591846E+00 
 2008  8454    8  0.2307625000E+01  0.4538854309E+00 
 2008  8460    8  0.1623187500E+01  0.5723658630E+00 
 2008  8466    8  0.1802000000E+01  0.5814254036E+00 
 2008  8472    8  0.2152625000E+01  0.6451273009E+00 
 2008  8478    8  0.2253500000E+01  0.3832897077E+00 
 2008  8484    8  0.1602400000E+01  0.7129501525E+00 
 2008  8490    8  0.1366637500E+01  0.7827043502E+00 
 2008  8496    8  0.1511350000E+01  0.8718011628E+00 
 2008  8502    8  0.1383625000E+01  0.4225782110E+00 
 2008  8508    8  0.6148875000E+00  0.2835369219E+00 
 2008  8514    8  0.3943575000E+00  0.2753853938E+00 
 2008  8520    8  0.5548875000E+00  0.3080447712E+00 
 2008  8526    8  0.4993912500E+00  0.7156019442E+00 
 2008  8532    8  0.4160543750E+00  0.7707801440E+00 
 2008  8538    8  0.8303250000E+00  0.6931514891E+00 
 2008  8544    8  0.2120500000E+01  0.5587991589E+00 
 2008  8550    8  0.3048125000E+01  0.7265559919E+00 
 2008  8556    8  0.3432000000E+01  0.7219423453E+00 
 2008  8562    8  0.4324875000E+01  0.1221867059E+01 
 2008  8568    8  0.4961625000E+01  0.1469877541E+01 
 2008  8574    8  0.5043000000E+01  0.2166215017E+01 
 2008  8580    8  0.3999250000E+01  0.2370034322E+01 
 2008  8586    8  0.3743550000E+01  0.2618774755E+01 
 2008  8592    8  0.3394250000E+01  0.1968118248E+01 
 2008  8598    8  0.2874800000E+01  0.1629146319E+01 
 2008  8604    8  0.1938850000E+01  0.8156045350E+00 
 2008  8610    8  0.1664462500E+01  0.6138221708E+00 
 2008  8616    8  0.1638750000E+01  0.3217210554E+00 
 2008  8622    8  0.1776750000E+01  0.5921112121E+00 
 2008  8628    8  0.1379437500E+01  0.6232273581E+00 
 2008  8634    8  0.1769500000E+01  0.4989303559E+00 
 2008  8640    8  0.2045750000E+01  0.5441345766E+00 
 2008  8646    8  0.2264250000E+01  0.7713904248E+00 
 2008  8652    8  0.2419625000E+01  0.1206568164E+01 
 2008  8658    8  0.2699250000E+01  0.1258107184E+01 
 2008  8664    8  0.2472675000E+01  0.1470295562E+01 
 2008  8670    8  0.1929650000E+01  0.1077995218E+01 
 2008  8676    8  0.1813187500E+01  0.1233146910E+01 
 2008  8682    8  0.1468275000E+01  0.8300696051E+00 
 2008  8688    8  0.1226812500E+01  0.9104132378E+00 
 2008  8694    8  0.1135150000E+01  0.4081414798E+00 
 2008  8700    8  0.1026525000E+01  0.4319785230E+00 
 2008  8706    8  0.9484500000E+00  0.3068444516E+00 
 2008  8712    8  0.9790000000E+00  0.3405314229E+00 
 2008  8718    8  0.8968375000E+00  0.4980161391E+00 
 2008  8724    8  0.1085700000E+01  0.3730791907E+00 
 2008  8730    8  0.1636500000E+01  0.4184399599E+00 
 2008  8736    8  0.2043875000E+01  0.3738192871E+00 
 2008  8742    8  0.2156500000E+01  0.5039218689E+00 
 2008  8748    8  0.2015000000E+01  0.6681526772E+00 
 2008  8754    8  0.2419000000E+01  0.9287186065E+00 
 2008  8760    8  0.2914000000E+01  0.8705413546E+00 
 2008  8766    8  0.3567500000E+01  0.1235377371E+01 
 2008  8772    8  0.3539500000E+01  0.1534366645E+01 
 2008  8778    8  0.3829375000E+01  0.1798441960E+01 
 2008  8784    8  0.4045125000E+01  0.1686586526E+01 
