 2008  0006    8  -0.7843875000E+00  0.3235093331E+00 
 2008  0012    8  -0.5643750000E+00  0.2978270461E+00 
 2008  0018    8  -0.5312625000E+00  0.2548909764E+00 
 2008  0024    8  -0.6126625000E+00  0.2489867262E+00 
 2008  0030    8  -0.6542125000E+00  0.3364705167E+00 
 2008  0036    8  -0.2813141250E+00  0.3061701673E+00 
 2008  0042    8  0.1948750000E-02  0.2806134607E+00 
 2008  0048    8  -0.7753712500E-01  0.2802065499E+00 
 2008  0054    8  -0.3770862500E+00  0.2582338539E+00 
 2008  0060    8  -0.5527750000E+00  0.2477045152E+00 
 2008  0066    8  -0.1321125000E+00  0.3194907537E+00 
 2008  0072    8  0.3462250000E-01  0.3719365398E+00 
 2008  0078    8  -0.2749407500E+00  0.3043185547E+00 
 2008  0084    8  -0.2427000000E+00  0.3270564783E+00 
 2008  0090    8  -0.2760062500E+00  0.3093173335E+00 
 2008  0096    8  -0.4055750000E+00  0.2805766061E+00 
 2008  0102    8  -0.3659162500E+00  0.3477620613E+00 
 2008  0108    8  -0.7397000000E+00  0.3649728483E+00 
 2008  0114    8  -0.7360625000E+00  0.4313190204E+00 
 2008  0120    8  -0.1073425000E+01  0.3372671966E+00 
 2008  0126    8  -0.1102850000E+01  0.3646598963E+00 
 2008  0132    8  -0.1206312500E+01  0.4576590309E+00 
 2008  0138    8  -0.1255525000E+01  0.4458935264E+00 
 2008  0144    8  -0.1384050000E+01  0.4169053220E+00 
 2008  0150    8  -0.1371350000E+01  0.2942301947E+00 
 2008  0156    8  -0.1249537500E+01  0.3252875379E+00 
 2008  0162    8  -0.1269712500E+01  0.3527077949E+00 
 2008  0168    8  -0.1278862500E+01  0.2845108651E+00 
 2008  0174    8  -0.1606750000E+01  0.2545401491E+00 
 2008  0180    8  -0.1090525000E+01  0.2909333719E+00 
 2008  0186    8  -0.1129562500E+01  0.2957850061E+00 
 2008  0192    8  -0.1400000000E+01  0.2743792995E+00 
 2008  0198    8  -0.1602500000E+01  0.2266379271E+00 
 2008  0204    8  -0.1272112500E+01  0.3341054528E+00 
 2008  0210    8  -0.1317625000E+01  0.3582841845E+00 
 2008  0216    8  -0.1918625000E+01  0.2618630069E+00 
 2008  0222    8  -0.1715750000E+01  0.2921462605E+00 
 2008  0228    8  -0.1548625000E+01  0.3153814902E+00 
 2008  0234    8  -0.1415200000E+01  0.3365576177E+00 
 2008  0240    8  -0.1640875000E+01  0.2813029672E+00 
 2008  0246    8  -0.1444412500E+01  0.2939408377E+00 
 2008  0252    8  -0.8777750000E+00  0.3784604231E+00 
 2008  0258    8  -0.8593625000E+00  0.3843391046E+00 
 2008  0264    8  -0.1201200000E+01  0.3259927031E+00 
 2008  0270    8  -0.9345375000E+00  0.2955665405E+00 
 2008  0276    8  -0.7059000000E+00  0.3445723872E+00 
 2008  0282    8  -0.8322375000E+00  0.3340243926E+00 
 2008  0288    8  -0.8770625000E+00  0.2893700569E+00 
 2008  0294    8  -0.3940162500E+00  0.3519631846E+00 
 2008  0300    8  -0.3797375000E+00  0.3671662632E+00 
 2008  0306    8  -0.1256375000E-01  0.3588379804E+00 
 2008  0312    8  -0.3157750000E+00  0.1794740911E+00 
 2008  0318    8  -0.4214750000E+00  0.2568698053E+00 
 2008  0324    8  -0.3930125000E+00  0.2862389537E+00 
 2008  0330    8  -0.5832750000E-01  0.2753147767E+00 
 2008  0336    8  -0.1093100000E+00  0.2527226033E+00 
 2008  0342    8  -0.4585000000E-01  0.3097043187E+00 
 2008  0348    8  -0.1101712500E+00  0.2562963728E+00 
 2008  0354    8  0.1736000000E+00  0.2850921095E+00 
 2008  0360    8  0.1859965000E+00  0.2885963065E+00 
 2008  0366    8  0.1513637500E+00  0.3095090882E+00 
 2008  0372    8  -0.7967500000E-02  0.2775841969E+00 
 2008  0378    8  -0.3270587500E+00  0.2583862160E+00 
 2008  0384    8  -0.3186625000E+00  0.3780741856E+00 
 2008  0390    8  -0.3238975000E+00  0.3324860261E+00 
 2008  0396    8  -0.5856200000E+00  0.3744830514E+00 
 2008  0402    8  -0.1156363750E+00  0.4326829689E+00 
 2008  0408    8  -0.5963875000E+00  0.3730189755E+00 
 2008  0414    8  -0.9354625000E+00  0.3904799225E+00 
 2008  0420    8  -0.5215762500E+00  0.3729918846E+00 
 2008  0426    8  -0.5170775000E+00  0.4428330793E+00 
 2008  0432    8  -0.1011137500E+01  0.3667240411E+00 
 2008  0438    8  -0.1124237500E+01  0.3588511423E+00 
 2008  0444    8  -0.9520375000E+00  0.4103988759E+00 
 2008  0450    8  -0.1083512500E+01  0.5334342988E+00 
 2008  0456    8  -0.1113175000E+01  0.4672869588E+00 
 2008  0462    8  -0.7628500000E+00  0.5055881946E+00 
 2008  0468    8  -0.1054275000E+01  0.5333329700E+00 
 2008  0474    8  -0.9334250000E+00  0.5443987779E+00 
 2008  0480    8  -0.1103850000E+01  0.3653172046E+00 
 2008  0486    8  -0.9149375000E+00  0.3721808093E+00 
 2008  0492    8  -0.9414375000E+00  0.4160971970E+00 
 2008  0498    8  -0.8247750000E+00  0.3718576870E+00 
 2008  0504    8  -0.7868625000E+00  0.2970712159E+00 
 2008  0510    8  -0.5995625000E+00  0.3159876933E+00 
 2008  0516    8  -0.5271000000E+00  0.2791640378E+00 
 2008  0522    8  -0.3823685000E+00  0.2663944236E+00 
 2008  0528    8  -0.2289212500E+00  0.2471635691E+00 
 2008  0534    8  -0.3163525000E+00  0.2720316669E+00 
 2008  0540    8  0.1090500000E+00  0.2763674501E+00 
 2008  0546    8  0.1387537500E+00  0.2781342236E+00 
 2008  0552    8  0.4138037500E+00  0.2931582168E+00 
 2008  0558    8  0.2842050000E+00  0.2728363212E+00 
 2008  0564    8  0.6652625000E+00  0.2921179554E+00 
 2008  0570    8  0.4864512500E+00  0.3006294910E+00 
 2008  0576    8  0.2955640000E+00  0.3140198542E+00 
 2008  0582    8  -0.1248112500E+00  0.2698958474E+00 
 2008  0588    8  -0.8022125000E-01  0.2989849246E+00 
 2008  0594    8  -0.1570987500E+00  0.3264003163E+00 
 2008  0600    8  -0.2507337500E+00  0.3027589059E+00 
 2008  0606    8  -0.3115343750E+00  0.2446053847E+00 
 2008  0612    8  -0.2079462500E+00  0.3302007703E+00 
 2008  0618    8  -0.5410125000E+00  0.2921419066E+00 
 2008  0624    8  -0.7545625000E+00  0.2621667024E+00 
 2008  0630    8  -0.9876625000E+00  0.2851148319E+00 
 2008  0636    8  -0.6701125000E+00  0.3055395655E+00 
 2008  0642    8  -0.5040050000E+00  0.2994198401E+00 
 2008  0648    8  -0.3362599625E+00  0.2951499388E+00 
 2008  0654    8  -0.4407700000E+00  0.2894355529E+00 
 2008  0660    8  -0.3221472500E+00  0.3187026967E+00 
 2008  0666    8  -0.1846250000E+00  0.3425088530E+00 
 2008  0672    8  -0.7033287500E-01  0.4494722172E+00 
 2008  0678    8  -0.4306050000E+00  0.3312500614E+00 
 2008  0684    8  -0.5931750000E+00  0.3374533959E+00 
 2008  0690    8  -0.1062412500E+01  0.3118597940E+00 
 2008  0696    8  -0.1388300000E+01  0.3443298273E+00 
 2008  0702    8  -0.1774625000E+01  0.2924166281E+00 
 2008  0708    8  -0.2035250000E+01  0.2643155075E+00 
 2008  0714    8  -0.2428000000E+01  0.3614083563E+00 
 2008  0720    8  -0.2605000000E+01  0.4239192140E+00 
 2008  0726    8  -0.2674000000E+01  0.4055573326E+00 
 2008  0732    8  -0.2841750000E+01  0.3996948054E+00 
 2008  0738    8  -0.3042750000E+01  0.4740162840E+00 
 2008  0744    8  -0.3328250000E+01  0.4106795436E+00 
 2008  0750    8  -0.3370375000E+01  0.3493540244E+00 
 2008  0756    8  -0.3105875000E+01  0.4776247056E+00 
 2008  0762    8  -0.2851500000E+01  0.4642461632E+00 
 2008  0768    8  -0.2851500000E+01  0.3943830625E+00 
 2008  0774    8  -0.2654375000E+01  0.4292114681E+00 
 2008  0780    8  -0.2404500000E+01  0.3534883308E+00 
 2008  0786    8  -0.2137500000E+01  0.4527935512E+00 
 2008  0792    8  -0.2278125000E+01  0.3612234203E+00 
 2008  0798    8  -0.1897250000E+01  0.4239586507E+00 
 2008  0804    8  -0.1462200000E+01  0.4167892663E+00 
 2008  0810    8  -0.1154475000E+01  0.4659746419E+00 
 2008  0816    8  -0.1281800000E+01  0.3569625225E+00 
 2008  0822    8  -0.1016100000E+01  0.3532508776E+00 
 2008  0828    8  -0.5068900000E+00  0.3252453494E+00 
 2008  0834    8  -0.2647500000E+00  0.3160500768E+00 
 2008  0840    8  -0.1483948750E+00  0.2033459463E+00 
 2008  0846    8  -0.1260237500E+00  0.2314194848E+00 
 2008  0852    8  0.1748362500E+00  0.2722548777E+00 
 2008  0858    8  -0.4786762500E-01  0.3474892656E+00 
 2008  0864    8  0.1799748750E+00  0.3045500292E+00 
 2008  0870    8  0.2942500000E-02  0.2840917503E+00 
 2008  0876    8  0.3115637500E+00  0.2851911455E+00 
 2008  0882    8  0.1357625000E+00  0.2685920137E+00 
 2008  0888    8  0.2487267500E+00  0.2516820622E+00 
 2008  0894    8  0.8182875000E-01  0.2163045042E+00 
 2008  0900    8  0.1109662500E+00  0.2536362971E+00 
 2008  0906    8  0.2171750000E+00  0.2895723474E+00 
 2008  0912    8  0.3322700000E+00  0.3347983260E+00 
 2008  0918    8  0.5969375000E+00  0.3472867437E+00 
 2008  0924    8  0.7014300000E+00  0.3324428361E+00 
 2008  0930    8  0.4215125000E+00  0.3396692635E+00 
 2008  0936    8  0.1027163750E+00  0.2760790605E+00 
 2008  0942    8  -0.5085312500E-01  0.2404811188E+00 
 2008  0948    8  0.2101937500E+00  0.3259153038E+00 
 2008  0954    8  -0.1006175000E+00  0.3320027216E+00 
 2008  0960    8  -0.5361375000E+00  0.3513422510E+00 
 2008  0966    8  -0.5907750000E+00  0.3605193467E+00 
 2008  0972    8  -0.4695225000E+00  0.3336402622E+00 
 2008  0978    8  -0.4082150000E+00  0.3924224244E+00 
 2008  0984    8  -0.7229125000E+00  0.2646180570E+00 
 2008  0990    8  -0.5613475000E+00  0.3144351297E+00 
 2008  0996    8  -0.7209750000E+00  0.3228229265E+00 
 2008  1002    8  -0.5480737500E+00  0.3539805543E+00 
 2008  1008    8  -0.7328500000E+00  0.3673629574E+00 
 2008  1014    8  -0.5889500000E+00  0.3604211287E+00 
 2008  1020    8  -0.5475500000E+00  0.3361861798E+00 
 2008  1026    8  -0.5501375000E+00  0.3446720613E+00 
 2008  1032    8  -0.5792500000E+00  0.3259094238E+00 
 2008  1038    8  -0.3093425000E+00  0.3447425915E+00 
 2008  1044    8  -0.4554487500E+00  0.3516556215E+00 
 2008  1050    8  -0.1210662500E+00  0.3340747411E+00 
 2008  1056    8  -0.2114637500E+00  0.2404946925E+00 
 2008  1062    8  -0.4034075000E+00  0.2434263480E+00 
 2008  1068    8  -0.2139225000E+00  0.3305124450E+00 
 2008  1074    8  -0.3094400000E+00  0.2752932880E+00 
 2008  1080    8  -0.5183000000E+00  0.2558818526E+00 
 2008  1086    8  -0.2847100000E+00  0.4495702249E+00 
 2008  1092    8  -0.1861562500E+00  0.2959380673E+00 
 2008  1098    8  -0.2860762500E+00  0.2583990418E+00 
 2008  1104    8  -0.1657675000E+00  0.2736873579E+00 
 2008  1110    8  -0.4161250000E+00  0.2124530051E+00 
 2008  1116    8  -0.1443950000E+00  0.2412646816E+00 
 2008  1122    8  0.6545250000E-01  0.2713456288E+00 
 2008  1128    8  -0.3739752500E+00  0.2300092698E+00 
 2008  1134    8  -0.4554250000E+00  0.3164614817E+00 
 2008  1140    8  -0.3709500000E+00  0.3162754891E+00 
 2008  1146    8  -0.4358387500E+00  0.2918032814E+00 
 2008  1152    8  -0.4149425000E+00  0.3297208913E+00 
 2008  1158    8  -0.6995000000E+00  0.3808166718E+00 
 2008  1164    8  -0.7721375000E+00  0.3706447590E+00 
 2008  1170    8  -0.5428500000E+00  0.3861260222E+00 
 2008  1176    8  -0.5464750000E+00  0.2862744214E+00 
 2008  1182    8  -0.4120232500E+00  0.3821627927E+00 
 2008  1188    8  -0.6882500000E-01  0.3204622167E+00 
 2008  1194    8  0.2846262500E+00  0.3216826974E+00 
 2008  1200    8  -0.4104312500E-01  0.2815012904E+00 
 2008  1206    8  -0.2647125000E+00  0.2729129223E+00 
 2008  1212    8  -0.2472850000E+00  0.3177220524E+00 
 2008  1218    8  -0.3761843750E+00  0.3104278082E+00 
 2008  1224    8  -0.1127500000E+01  0.3151143721E+00 
 2008  1230    8  -0.1458750000E+01  0.3920381837E+00 
 2008  1236    8  -0.1427487500E+01  0.4160470990E+00 
 2008  1242    8  -0.1294387500E+01  0.4784462468E+00 
 2008  1248    8  -0.1492062500E+01  0.3907342797E+00 
 2008  1254    8  -0.1294800000E+01  0.4042927281E+00 
 2008  1260    8  -0.9644625000E+00  0.4198342528E+00 
 2008  1266    8  -0.7726375000E+00  0.4161796725E+00 
 2008  1272    8  -0.9376875000E+00  0.3810865697E+00 
 2008  1278    8  -0.8667375000E+00  0.4196206648E+00 
 2008  1284    8  -0.3570250000E+00  0.4493598996E+00 
 2008  1290    8  -0.2865100000E+00  0.4698478740E+00 
 2008  1296    8  -0.8082000000E+00  0.3414783375E+00 
 2008  1302    8  -0.7678500000E+00  0.3978387362E+00 
 2008  1308    8  -0.7253625000E+00  0.4098971851E+00 
 2008  1314    8  -0.9190250000E+00  0.4470881114E+00 
 2008  1320    8  -0.1138550000E+01  0.3729885756E+00 
 2008  1326    8  -0.1130575000E+01  0.4048166954E+00 
 2008  1332    8  -0.9788625000E+00  0.3543589844E+00 
 2008  1338    8  -0.1242600000E+01  0.3997425672E+00 
 2008  1344    8  -0.1557500000E+01  0.2936443427E+00 
 2008  1350    8  -0.1784000000E+01  0.3260739947E+00 
 2008  1356    8  -0.1051050000E+01  0.3877755762E+00 
 2008  1362    8  -0.9212250000E+00  0.3684475870E+00 
 2008  1368    8  -0.9560625000E+00  0.2779912226E+00 
 2008  1374    8  -0.1142912500E+01  0.3265716209E+00 
 2008  1380    8  -0.8375875000E+00  0.2906153232E+00 
 2008  1386    8  -0.6768375000E+00  0.2874584315E+00 
 2008  1392    8  -0.9192500000E+00  0.2894393028E+00 
 2008  1398    8  -0.1127712500E+01  0.2633189769E+00 
 2008  1404    8  -0.8727500000E+00  0.2899252188E+00 
 2008  1410    8  -0.9038375000E+00  0.2993338978E+00 
 2008  1416    8  -0.1227837500E+01  0.2985186424E+00 
 2008  1422    8  -0.1586875000E+01  0.3031936005E+00 
 2008  1428    8  -0.1502375000E+01  0.2795554227E+00 
 2008  1434    8  -0.1698625000E+01  0.2935348946E+00 
 2008  1440    8  -0.2211125000E+01  0.3551550498E+00 
 2008  1446    8  -0.2323500000E+01  0.3364613648E+00 
 2008  1452    8  -0.2507500000E+01  0.3704493893E+00 
 2008  1458    8  -0.2696125000E+01  0.3995486321E+00 
 2008  1464    8  -0.3139625000E+01  0.3761758025E+00 
 2008  1470    8  -0.2881125000E+01  0.4077457656E+00 
 2008  1476    8  -0.2393625000E+01  0.4415325406E+00 
 2008  1482    8  -0.2110625000E+01  0.4810251910E+00 
 2008  1488    8  -0.2015250000E+01  0.4235070100E+00 
 2008  1494    8  -0.2177125000E+01  0.4339235064E+00 
 2008  1500    8  -0.1727375000E+01  0.4150544957E+00 
 2008  1506    8  -0.1740875000E+01  0.4717789306E+00 
 2008  1512    8  -0.1699625000E+01  0.4377450564E+00 
 2008  1518    8  -0.1685750000E+01  0.4314964513E+00 
 2008  1524    8  -0.1237050000E+01  0.4066836977E+00 
 2008  1530    8  -0.1138387500E+01  0.4047495288E+00 
 2008  1536    8  -0.1019600000E+01  0.3458143180E+00 
 2008  1542    8  -0.1267612500E+01  0.3856200281E+00 
 2008  1548    8  -0.1132200000E+01  0.4072519214E+00 
 2008  1554    8  -0.1181800000E+01  0.4434892022E+00 
 2008  1560    8  -0.1404862500E+01  0.3607821536E+00 
 2008  1566    8  -0.1798250000E+01  0.3662334467E+00 
 2008  1572    8  -0.1373575000E+01  0.3438837985E+00 
 2008  1578    8  -0.1222050000E+01  0.4137265371E+00 
 2008  1584    8  -0.1396312500E+01  0.3185078077E+00 
 2008  1590    8  -0.1588375000E+01  0.3019403656E+00 
 2008  1596    8  -0.1056062500E+01  0.2821407890E+00 
 2008  1602    8  -0.9217875000E+00  0.3234365295E+00 
 2008  1608    8  -0.8464500000E+00  0.2916088519E+00 
 2008  1614    8  -0.1040125000E+01  0.2666128783E+00 
 2008  1620    8  -0.6515625000E+00  0.2742621963E+00 
 2008  1626    8  -0.6693875000E+00  0.2925295987E+00 
 2008  1632    8  -0.8259500000E+00  0.2586370478E+00 
 2008  1638    8  -0.1012050000E+01  0.2663277774E+00 
 2008  1644    8  -0.4105412500E+00  0.3292313841E+00 
 2008  1650    8  -0.5250625000E+00  0.2857703271E+00 
 2008  1656    8  -0.6168250000E+00  0.2788285080E+00 
 2008  1662    8  -0.6427000000E+00  0.3086343387E+00 
 2008  1668    8  -0.5062250000E+00  0.2945184194E+00 
 2008  1674    8  -0.4616200000E+00  0.3026204104E+00 
 2008  1680    8  -0.8954000000E+00  0.2932753229E+00 
 2008  1686    8  -0.7527750000E+00  0.3026661269E+00 
 2008  1692    8  -0.5905475000E+00  0.3508309790E+00 
 2008  1698    8  -0.5280958750E+00  0.4209388582E+00 
 2008  1704    8  -0.1259900000E+01  0.3854135182E+00 
 2008  1710    8  -0.1458962500E+01  0.4176364865E+00 
 2008  1716    8  -0.1475462500E+01  0.4246423169E+00 
 2008  1722    8  -0.1373575000E+01  0.3857941574E+00 
 2008  1728    8  -0.1662750000E+01  0.4250399246E+00 
 2008  1734    8  -0.1936750000E+01  0.5045294218E+00 
 2008  1740    8  -0.1961750000E+01  0.4709917064E+00 
 2008  1746    8  -0.1805000000E+01  0.5224191325E+00 
 2008  1752    8  -0.2162625000E+01  0.3788515334E+00 
 2008  1758    8  -0.1527750000E+01  0.3523715191E+00 
 2008  1764    8  -0.1357875000E+01  0.3461247743E+00 
 2008  1770    8  -0.1168925000E+01  0.3713994909E+00 
 2008  1776    8  -0.9538375000E+00  0.2570661682E+00 
 2008  1782    8  -0.7511000000E+00  0.3057104226E+00 
 2008  1788    8  -0.8005750000E+00  0.3273183456E+00 
 2008  1794    8  -0.1017062500E+01  0.3249430255E+00 
 2008  1800    8  -0.8656500000E+00  0.2901774371E+00 
 2008  1806    8  -0.1066600000E+01  0.3567227109E+00 
 2008  1812    8  -0.9849500000E+00  0.3794683715E+00 
 2008  1818    8  -0.7022000000E+00  0.3032892885E+00 
 2008  1824    8  -0.3956500000E+00  0.2099605201E+00 
 2008  1830    8  -0.1679431250E+00  0.2866169571E+00 
 2008  1836    8  0.2278775000E+00  0.2541752380E+00 
 2008  1842    8  0.4038287500E+00  0.2394806981E+00 
 2008  1848    8  0.5284625000E+00  0.2977854258E+00 
 2008  1854    8  0.4454800000E+00  0.2509313607E+00 
 2008  1860    8  0.5808875000E+00  0.2767553000E+00 
 2008  1866    8  0.7616125000E+00  0.2651676519E+00 
 2008  1872    8  0.4933137500E+00  0.2639722283E+00 
 2008  1878    8  0.2078346250E+00  0.2428891011E+00 
 2008  1884    8  0.4696250000E+00  0.2214270577E+00 
 2008  1890    8  0.5209787500E+00  0.2366700586E+00 
 2008  1896    8  0.5345951250E+00  0.2719822129E+00 
 2008  1902    8  0.2908587500E+00  0.2580184149E+00 
 2008  1908    8  0.6406750000E+00  0.2696005691E+00 
 2008  1914    8  0.8579500000E+00  0.2708637296E+00 
 2008  1920    8  0.5703000000E+00  0.2966864296E+00 
 2008  1926    8  0.3309500000E-01  0.2819445906E+00 
 2008  1932    8  0.6432000000E-01  0.2793984025E+00 
 2008  1938    8  -0.6380000000E-01  0.2741261936E+00 
 2008  1944    8  -0.3780162500E+00  0.2825768778E+00 
 2008  1950    8  -0.2636600000E+00  0.2757617183E+00 
 2008  1956    8  -0.2389637500E+00  0.2725230320E+00 
 2008  1962    8  -0.1011475000E+00  0.2888352532E+00 
 2008  1968    8  -0.4923337500E+00  0.3044375757E+00 
 2008  1974    8  -0.3524000000E+00  0.3543665597E+00 
 2008  1980    8  -0.2450375000E+00  0.3539246810E+00 
 2008  1986    8  -0.2064462500E+00  0.3228559466E+00 
 2008  1992    8  -0.7928750000E+00  0.2408854902E+00 
 2008  1998    8  -0.7822500000E+00  0.2746883461E+00 
 2008  2004    8  -0.8934625000E+00  0.3435961508E+00 
 2008  2010    8  -0.7158000000E+00  0.3237829211E+00 
 2008  2016    8  -0.1036887500E+01  0.2227597104E+00 
 2008  2022    8  -0.8334625000E+00  0.2897831514E+00 
 2008  2028    8  -0.4133625000E+00  0.2612796774E+00 
 2008  2034    8  -0.4994250000E+00  0.3136959226E+00 
 2008  2040    8  -0.6170375000E+00  0.2073311659E+00 
 2008  2046    8  -0.5050750000E+00  0.2705058722E+00 
 2008  2052    8  -0.4891875000E-01  0.2552359080E+00 
 2008  2058    8  0.5522125000E-01  0.2588377907E+00 
 2008  2064    8  -0.2329137500E+00  0.2387959565E+00 
 2008  2070    8  -0.2498025000E+00  0.2744204882E+00 
 2008  2076    8  -0.2678180000E+00  0.2577779285E+00 
 2008  2082    8  -0.7246875000E+00  0.2978383431E+00 
 2008  2088    8  -0.1153600000E+01  0.2801474746E+00 
 2008  2094    8  -0.1351875000E+01  0.3079688813E+00 
 2008  2100    8  -0.9712625000E+00  0.3399737929E+00 
 2008  2106    8  -0.1291325000E+01  0.3475747069E+00 
 2008  2112    8  -0.1143975000E+01  0.3277122776E+00 
 2008  2118    8  -0.1463375000E+01  0.3177549911E+00 
 2008  2124    8  -0.7102250000E+00  0.3237329291E+00 
 2008  2130    8  -0.7089000000E+00  0.3409554150E+00 
 2008  2136    8  -0.8662500000E+00  0.3214374239E+00 
 2008  2142    8  -0.8279375000E+00  0.3581459302E+00 
 2008  2148    8  -0.4498637500E+00  0.4198122621E+00 
 2008  2154    8  -0.3455881250E+00  0.3989422926E+00 
 2008  2160    8  -0.5291625000E+00  0.2641776625E+00 
 2008  2166    8  -0.5801912500E+00  0.3134564847E+00 
 2008  2172    8  -0.9697375000E-01  0.2856021907E+00 
 2008  2178    8  -0.4062900000E+00  0.2530320092E+00 
 2008  2184    8  -0.7402625000E+00  0.2463907513E+00 
 2008  2190    8  -0.9368625000E+00  0.2598049313E+00 
 2008  2196    8  -0.6153375000E+00  0.2918553021E+00 
 2008  2202    8  -0.7806250000E+00  0.2908899609E+00 
 2008  2208    8  -0.1103225000E+01  0.2488728277E+00 
 2008  2214    8  -0.1433625000E+01  0.2735113972E+00 
 2008  2220    8  -0.1190987500E+01  0.3117822575E+00 
 2008  2226    8  -0.1149900000E+01  0.3448762350E+00 
 2008  2232    8  -0.9963500000E+00  0.4411740105E+00 
 2008  2238    8  -0.1413437500E+01  0.3797568036E+00 
 2008  2244    8  -0.1442925000E+01  0.4154381896E+00 
 2008  2250    8  -0.1634375000E+01  0.4409438563E+00 
 2008  2256    8  -0.1785250000E+01  0.3931411165E+00 
 2008  2262    8  -0.1735375000E+01  0.4257566610E+00 
 2008  2268    8  -0.1716000000E+01  0.3866002457E+00 
 2008  2274    8  -0.1774375000E+01  0.4122483892E+00 
 2008  2280    8  -0.1607375000E+01  0.3065925380E+00 
 2008  2286    8  -0.1581250000E+01  0.3627498277E+00 
 2008  2292    8  -0.1303550000E+01  0.3691115245E+00 
 2008  2298    8  -0.1327000000E+01  0.3250392284E+00 
 2008  2304    8  -0.1291125000E+01  0.2734608919E+00 
 2008  2310    8  -0.1109887500E+01  0.2462296816E+00 
 2008  2316    8  -0.8312000000E+00  0.2469809709E+00 
 2008  2322    8  -0.8717750000E+00  0.2435054299E+00 
 2008  2328    8  -0.8354750000E+00  0.2295983381E+00 
 2008  2334    8  -0.7448125000E+00  0.2608548707E+00 
 2008  2340    8  -0.5910250000E+00  0.2993556361E+00 
 2008  2346    8  -0.6608125000E+00  0.3368096808E+00 
 2008  2352    8  -0.8005375000E+00  0.2807805724E+00 
 2008  2358    8  -0.6709125000E+00  0.2818739720E+00 
 2008  2364    8  -0.5696875000E+00  0.2999717505E+00 
 2008  2370    8  -0.3676787500E+00  0.3167372331E+00 
 2008  2376    8  -0.4686550000E+00  0.2737555537E+00 
 2008  2382    8  -0.1719750000E+00  0.2572781069E+00 
 2008  2388    8  0.1908137500E+00  0.2499796633E+00 
 2008  2394    8  -0.5939125000E-01  0.2632359745E+00 
 2008  2400    8  -0.1644062500E+00  0.2193819434E+00 
 2008  2406    8  -0.3823600000E+00  0.2633046804E+00 
 2008  2412    8  -0.2636862500E+00  0.2694390559E+00 
 2008  2418    8  -0.3134625000E+00  0.3448416555E+00 
 2008  2424    8  -0.9062500000E+00  0.2995867654E+00 
 2008  2430    8  -0.8079375000E+00  0.3533449729E+00 
 2008  2436    8  -0.1040775000E+01  0.3649312016E+00 
 2008  2442    8  -0.1025162500E+01  0.4147730974E+00 
 2008  2448    8  -0.1424800000E+01  0.4295659204E+00 
 2008  2454    8  -0.1412525000E+01  0.4236432011E+00 
 2008  2460    8  -0.1441987500E+01  0.4430931066E+00 
 2008  2466    8  -0.1485725000E+01  0.4403803605E+00 
 2008  2472    8  -0.1400500000E+01  0.3391083898E+00 
 2008  2478    8  -0.8890500000E+00  0.5034941087E+00 
 2008  2484    8  -0.1458737500E+01  0.3652083068E+00 
 2008  2490    8  -0.1485950000E+01  0.4034977757E+00 
 2008  2496    8  -0.1798250000E+01  0.3574820800E+00 
 2008  2502    8  -0.1694750000E+01  0.4488033394E+00 
 2008  2508    8  -0.1646250000E+01  0.4564700839E+00 
 2008  2514    8  -0.1289450000E+01  0.4755643279E+00 
 2008  2520    8  -0.1593000000E+01  0.4057021691E+00 
 2008  2526    8  -0.1198212500E+01  0.4038708347E+00 
 2008  2532    8  -0.6383612500E+00  0.3962368465E+00 
 2008  2538    8  -0.4704750000E+00  0.3791727138E+00 
 2008  2544    8  -0.1180375000E+00  0.3205798926E+00 
 2008  2550    8  0.1711075000E+00  0.2761380233E+00 
 2008  2556    8  0.5174825000E+00  0.2864774121E+00 
 2008  2562    8  0.4420500000E+00  0.2649907168E+00 
 2008  2568    8  0.3962937500E+00  0.2175872647E+00 
 2008  2574    8  0.3860500000E+00  0.2824614885E+00 
 2008  2580    8  0.4401500000E+00  0.2740093840E+00 
 2008  2586    8  0.4160600000E+00  0.3171563151E+00 
 2008  2592    8  0.2599337500E+00  0.2410989418E+00 
 2008  2598    8  0.5709875000E+00  0.2445146899E+00 
 2008  2604    8  0.5137750000E+00  0.3259669069E+00 
 2008  2610    8  0.5270500000E+00  0.3133534123E+00 
 2008  2616    8  0.3323776250E+00  0.2442570758E+00 
 2008  2622    8  0.1668125000E+00  0.2831917214E+00 
 2008  2628    8  0.2474000000E+00  0.2666178539E+00 
 2008  2634    8  0.1142900000E+00  0.2747812252E+00 
 2008  2640    8  0.2607125000E-01  0.4180274196E+00 
 2008  2646    8  0.1310250000E+00  0.3442642000E+00 
 2008  2652    8  -0.3433437500E+00  0.2656320740E+00 
 2008  2658    8  -0.5366725000E+00  0.3912661623E+00 
 2008  2664    8  -0.3742750000E+00  0.2613860782E+00 
 2008  2670    8  -0.4786375000E+00  0.3031170192E+00 
 2008  2676    8  -0.5101250000E+00  0.2828017316E+00 
 2008  2682    8  -0.3160475000E+00  0.2875021269E+00 
 2008  2688    8  -0.1800725000E+00  0.2822429929E+00 
 2008  2694    8  -0.1227725000E+00  0.2876424739E+00 
 2008  2700    8  0.2055162500E+00  0.3166593222E+00 
 2008  2706    8  0.9955000000E-02  0.3037317816E+00 
 2008  2712    8  -0.3071187500E+00  0.3016353510E+00 
 2008  2718    8  -0.2115837500E+00  0.3468030873E+00 
 2008  2724    8  -0.4548600000E+00  0.3655499793E+00 
 2008  2730    8  -0.4494200000E+00  0.3795064753E+00 
 2008  2736    8  -0.6755000000E+00  0.3544323454E+00 
 2008  2742    8  -0.7626500000E+00  0.3664711244E+00 
 2008  2748    8  -0.6271000000E+00  0.3408598906E+00 
 2008  2754    8  -0.7792000000E+00  0.3963742392E+00 
 2008  2760    8  -0.8895250000E+00  0.3831469586E+00 
 2008  2766    8  -0.8617625000E+00  0.4316714692E+00 
 2008  2772    8  -0.6845750000E+00  0.4063983875E+00 
 2008  2778    8  -0.6806375000E+00  0.4156835122E+00 
 2008  2784    8  -0.8766750000E+00  0.3634969180E+00 
 2008  2790    8  -0.8426750000E+00  0.3921186898E+00 
 2008  2796    8  -0.7517000000E+00  0.4206782113E+00 
 2008  2802    8  -0.7216250000E+00  0.4110949031E+00 
 2008  2808    8  -0.7387750000E+00  0.4012752632E+00 
 2008  2814    8  -0.8269875000E+00  0.4051816335E+00 
 2008  2820    8  -0.4176287500E+00  0.3759774006E+00 
 2008  2826    8  -0.5459562500E+00  0.4016216033E+00 
 2008  2832    8  -0.8458625000E+00  0.3682384348E+00 
 2008  2838    8  -0.1016125000E+01  0.3748063192E+00 
 2008  2844    8  -0.9775625000E+00  0.3467076720E+00 
 2008  2850    8  -0.9650250000E+00  0.3525310545E+00 
 2008  2856    8  -0.1672125000E+01  0.3857098772E+00 
 2008  2862    8  -0.1436487500E+01  0.3898563243E+00 
 2008  2868    8  -0.1477075000E+01  0.4003185474E+00 
 2008  2874    8  -0.1453987500E+01  0.4069504652E+00 
 2008  2880    8  -0.1727875000E+01  0.4087788025E+00 
 2008  2886    8  -0.7876625000E+00  0.4160956979E+00 
 2008  2892    8  -0.9660250000E+00  0.5185066556E+00 
 2008  2898    8  -0.7652000000E+00  0.4024424773E+00 
 2008  2904    8  -0.5354625000E+00  0.3037572960E+00 
 2008  2910    8  -0.1811867500E+00  0.3877341790E+00 
 2008  2916    8  0.7438750000E-01  0.3543808630E+00 
 2008  2922    8  -0.2289362500E+00  0.3216042594E+00 
 2008  2928    8  -0.3625625000E+00  0.2152158680E+00 
 2008  2934    8  -0.7822750000E+00  0.2463505214E+00 
 2008  2940    8  -0.9060500000E+00  0.3149817892E+00 
 2008  2946    8  -0.1065300000E+01  0.4038163475E+00 
 2008  2952    8  -0.8689000000E+00  0.3144422165E+00 
 2008  2958    8  -0.1255475000E+01  0.4977958285E+00 
 2008  2964    8  -0.8260375000E+00  0.6338659419E+00 
 2008  2970    8  -0.6461750000E+00  0.8038206201E+00 
 2008  2976    8  -0.3968350000E+00  0.7355720981E+00 
 2008  2982    8  -0.1667950000E+00  0.6973862167E+00 
 2008  2988    8  0.1081875000E+00  0.5574417222E+00 
 2008  2994    8  0.9337500000E-01  0.5321184754E+00 
 2008  3000    8  0.2598025000E+00  0.4692091597E+00 
 2008  3006    8  0.1717987500E+00  0.5083448087E+00 
 2008  3012    8  0.4289325000E+00  0.4605611288E+00 
 2008  3018    8  0.2880937500E+00  0.5144532428E+00 
 2008  3024    8  0.1325762500E+00  0.5131228444E+00 
 2008  3030    8  0.1904250000E+00  0.5958707489E+00 
 2008  3036    8  0.2312750000E+00  0.6130633425E+00 
 2008  3042    8  0.1206125000E+00  0.6469420230E+00 
 2008  3048    8  -0.2822500000E-01  0.5650102914E+00 
 2008  3054    8  -0.1278362500E+00  0.5396522681E+00 
 2008  3060    8  0.7277500000E-01  0.4929730438E+00 
 2008  3066    8  0.4230000000E+00  0.5338293056E+00 
 2008  3072    8  0.3255800000E+00  0.4764663496E+00 
 2008  3078    8  0.2468000000E+00  0.3850406245E+00 
 2008  3084    8  0.3330612500E+00  0.4000169453E+00 
 2008  3090    8  0.2773012500E+00  0.4428529505E+00 
 2008  3096    8  -0.1723737500E+00  0.3756462440E+00 
 2008  3102    8  -0.3339287500E+00  0.4099971438E+00 
 2008  3108    8  -0.1069455000E+00  0.3410132372E+00 
 2008  3114    8  -0.8484687500E-01  0.3553957631E+00 
 2008  3120    8  -0.4121125000E-01  0.3014633878E+00 
 2008  3126    8  0.2472750000E+00  0.3352040712E+00 
 2008  3132    8  0.6165935000E+00  0.3310435506E+00 
 2008  3138    8  0.7592500000E+00  0.2986198336E+00 
 2008  3144    8  0.6946250000E+00  0.2362399138E+00 
 2008  3150    8  0.7584500000E+00  0.3412609083E+00 
 2008  3156    8  0.1037550000E+01  0.2779978057E+00 
 2008  3162    8  0.1088700000E+01  0.2931168368E+00 
 2008  3168    8  0.8370375000E+00  0.2853990274E+00 
 2008  3174    8  0.9818875000E+00  0.3137952853E+00 
 2008  3180    8  0.1165225000E+01  0.2916278868E+00 
 2008  3186    8  0.1133737500E+01  0.2671216153E+00 
 2008  3192    8  0.1095837500E+01  0.2878818505E+00 
 2008  3198    8  0.1176837500E+01  0.3091393454E+00 
 2008  3204    8  0.1256150000E+01  0.2975767590E+00 
 2008  3210    8  0.1409500000E+01  0.2563401061E+00 
 2008  3216    8  0.1095300000E+01  0.2798044004E+00 
 2008  3222    8  0.1032075000E+01  0.2874618225E+00 
 2008  3228    8  0.1215462500E+01  0.2655064356E+00 
 2008  3234    8  0.1201000000E+01  0.2464994473E+00 
 2008  3240    8  0.1157025000E+01  0.2663495577E+00 
 2008  3246    8  0.1140100000E+01  0.2922003936E+00 
 2008  3252    8  0.1195987500E+01  0.2944322182E+00 
 2008  3258    8  0.1149962500E+01  0.3069960013E+00 
 2008  3264    8  0.9052625000E+00  0.2643869037E+00 
 2008  3270    8  0.7759500000E+00  0.3122273090E+00 
 2008  3276    8  0.1019675000E+01  0.3211639603E+00 
 2008  3282    8  0.1282612500E+01  0.3355514731E+00 
 2008  3288    8  0.9477250000E+00  0.2915330502E+00 
 2008  3294    8  0.7683875000E+00  0.2718485398E+00 
 2008  3300    8  0.1177062500E+01  0.2986622463E+00 
 2008  3306    8  0.1324462500E+01  0.2319943369E+00 
 2008  3312    8  0.1030087500E+01  0.2252605793E+00 
 2008  3318    8  0.9597000000E+00  0.1991813684E+00 
 2008  3324    8  0.9058125000E+00  0.2361587201E+00 
 2008  3330    8  0.8648625000E+00  0.2717209089E+00 
 2008  3336    8  0.3300125000E+00  0.2922400359E+00 
 2008  3342    8  0.1452775000E+00  0.2949551467E+00 
 2008  3348    8  0.4045750000E+00  0.3147448242E+00 
 2008  3354    8  0.7194716250E+00  0.3424201618E+00 
 2008  3360    8  0.4821500000E+00  0.3024860038E+00 
 2008  3366    8  0.3947875000E+00  0.3013779829E+00 
 2008  3372    8  0.7532000000E+00  0.2893137786E+00 
 2008  3378    8  0.6848200000E+00  0.3539011886E+00 
 2008  3384    8  0.6533500000E+00  0.2720959298E+00 
 2008  3390    8  0.4324125000E+00  0.3523088611E+00 
 2008  3396    8  0.5772875000E+00  0.3153053339E+00 
 2008  3402    8  0.5762625000E+00  0.3329424648E+00 
 2008  3408    8  -0.6268250000E-01  0.3467153926E+00 
 2008  3414    8  -0.1041025000E+00  0.4063990404E+00 
 2008  3420    8  0.1390025000E+00  0.3736119297E+00 
 2008  3426    8  0.5540500000E+00  0.3882626559E+00 
 2008  3432    8  0.4022025000E+00  0.3355292924E+00 
 2008  3438    8  0.5843750000E-01  0.3620331820E+00 
 2008  3444    8  0.1693712500E+00  0.3736937774E+00 
 2008  3450    8  -0.4015000000E-01  0.4310745556E+00 
 2008  3456    8  -0.3344903750E+00  0.3769578870E+00 
 2008  3462    8  -0.4492738750E+00  0.3960906639E+00 
 2008  3468    8  -0.3024112500E+00  0.4030688438E+00 
 2008  3474    8  -0.7095250000E-01  0.4564324044E+00 
 2008  3480    8  -0.5433187500E+00  0.4487893785E+00 
 2008  3486    8  -0.1027200000E+01  0.5008800805E+00 
 2008  3492    8  -0.6108087500E+00  0.4292308732E+00 
 2008  3498    8  -0.6125250000E+00  0.4704103681E+00 
 2008  3504    8  -0.7363625000E+00  0.4049503455E+00 
 2008  3510    8  -0.6435737500E+00  0.4443160289E+00 
 2008  3516    8  -0.3961462500E+00  0.3719454909E+00 
 2008  3522    8  -0.2533000000E-01  0.4071134568E+00 
 2008  3528    8  -0.2023050000E+00  0.3685843643E+00 
 2008  3534    8  -0.1097662500E+00  0.3864592406E+00 
 2008  3540    8  0.1531487500E+00  0.3224417477E+00 
 2008  3546    8  0.4214500000E+00  0.3559391486E+00 
 2008  3552    8  -0.6190500000E-01  0.2975437547E+00 
 2008  3558    8  -0.5244500000E-01  0.2725763682E+00 
 2008  3564    8  0.2856325000E+00  0.2590718489E+00 
 2008  3570    8  0.2413775000E+00  0.2798553262E+00 
 2008  3576    8  -0.1962575000E+00  0.3039315129E+00 
 2008  3582    8  -0.5928025000E+00  0.3290916416E+00 
 2008  3588    8  -0.6031475000E+00  0.3711576839E+00 
 2008  3594    8  -0.1299900000E+00  0.3232333689E+00 
 2008  3600    8  -0.4492250000E-01  0.3967347752E+00 
 2008  3606    8  -0.4576450000E+00  0.4445537257E+00 
 2008  3612    8  -0.2612750000E+00  0.4926566420E+00 
 2008  3618    8  0.1092425000E+00  0.5463505835E+00 
 2008  3624    8  0.1764887500E+00  0.4335844902E+00 
 2008  3630    8  0.5929900000E+00  0.4079363016E+00 
 2008  3636    8  0.9403125000E+00  0.3723615361E+00 
 2008  3642    8  0.1026200000E+01  0.3498017010E+00 
 2008  3648    8  0.8533875000E+00  0.2283184532E+00 
 2008  3654    8  0.4092650000E+00  0.3389924654E+00 
 2008  3660    8  0.1090487500E+01  0.3776877197E+00 
 2008  3666    8  0.1242550000E+01  0.3759108006E+00 
 2008  3672    8  0.1403775000E+01  0.2870172022E+00 
 2008  3678    8  0.1126162500E+01  0.3209511331E+00 
 2008  3684    8  0.1417600000E+01  0.3196639759E+00 
 2008  3690    8  0.1397687500E+01  0.3430908387E+00 
 2008  3696    8  0.1135700000E+01  0.2630042918E+00 
 2008  3702    8  0.8571000000E+00  0.2994354814E+00 
 2008  3708    8  0.9821500000E+00  0.2648853337E+00 
 2008  3714    8  0.8351125000E+00  0.2939918895E+00 
 2008  3720    8  0.4400188750E+00  0.2700761066E+00 
 2008  3726    8  0.1939625000E-01  0.3141417677E+00 
 2008  3732    8  0.3733125000E+00  0.3169369316E+00 
 2008  3738    8  0.6751687500E+00  0.3646274768E+00 
 2008  3744    8  0.8541250000E+00  0.3012596544E+00 
 2008  3750    8  0.5346625000E+00  0.3041191335E+00 
 2008  3756    8  0.9285250000E+00  0.2884797339E+00 
 2008  3762    8  0.1194650000E+01  0.2982452682E+00 
 2008  3768    8  0.1114900000E+01  0.2431812544E+00 
 2008  3774    8  0.1023125000E+01  0.2638069311E+00 
 2008  3780    8  0.1187587500E+01  0.2459678660E+00 
 2008  3786    8  0.1512512500E+01  0.2864856255E+00 
 2008  3792    8  0.1168550000E+01  0.2679785066E+00 
 2008  3798    8  0.9436625000E+00  0.2852832712E+00 
 2008  3804    8  0.1082887500E+01  0.2443069608E+00 
 2008  3810    8  0.1210837500E+01  0.2398515371E+00 
 2008  3816    8  0.1001300000E+01  0.2033352712E+00 
 2008  3822    8  0.9411500000E+00  0.2173993675E+00 
 2008  3828    8  0.1069837500E+01  0.2198070173E+00 
 2008  3834    8  0.1027125000E+01  0.2531755703E+00 
 2008  3840    8  0.6448625000E+00  0.2350023348E+00 
 2008  3846    8  0.2971500000E+00  0.2613317815E+00 
 2008  3852    8  0.2393987500E+00  0.2882058080E+00 
 2008  3858    8  0.4742625000E+00  0.3130568077E+00 
 2008  3864    8  0.1072125000E-01  0.3996112168E+00 
 2008  3870    8  -0.3729625000E+00  0.4259399486E+00 
 2008  3876    8  -0.4837125000E+00  0.4948359815E+00 
 2008  3882    8  -0.5014262500E+00  0.5776625718E+00 
 2008  3888    8  -0.3326175000E+00  0.4604010561E+00 
 2008  3894    8  -0.5017625000E-01  0.4596218336E+00 
 2008  3900    8  0.4259250000E+00  0.3869234251E+00 
 2008  3906    8  0.8353000000E+00  0.3520207416E+00 
 2008  3912    8  0.6284625000E+00  0.2186057464E+00 
 2008  3918    8  0.5917875000E+00  0.2309463868E+00 
 2008  3924    8  0.7032750000E+00  0.2694720243E+00 
 2008  3930    8  0.1012012500E+01  0.2682993218E+00 
 2008  3936    8  0.8770750000E+00  0.2078911479E+00 
 2008  3942    8  0.1015937500E+01  0.2008094989E+00 
 2008  3948    8  0.1107437500E+01  0.2282367846E+00 
 2008  3954    8  0.9051500000E+00  0.2290703222E+00 
 2008  3960    8  0.6424625000E+00  0.2247990655E+00 
 2008  3966    8  0.1943637500E+00  0.2880859598E+00 
 2008  3972    8  0.1362196250E+00  0.3104323032E+00 
 2008  3978    8  0.1657750000E+00  0.3811497162E+00 
 2008  3984    8  -0.2097837500E+00  0.3529806731E+00 
 2008  3990    8  -0.6234587500E+00  0.4177815974E+00 
 2008  3996    8  -0.5108125000E+00  0.4775594556E+00 
 2008  4002    8  -0.4223937500E+00  0.5189946366E+00 
 2008  4008    8  -0.2689187500E+00  0.3666757627E+00 
 2008  4014    8  0.4194750000E-01  0.5465863795E+00 
 2008  4020    8  0.6987752500E+00  0.4300488988E+00 
 2008  4026    8  0.8707137500E+00  0.5216851831E+00 
 2008  4032    8  0.8823625000E+00  0.4202511063E+00 
 2008  4038    8  0.6102375000E+00  0.5024789074E+00 
 2008  4044    8  0.8474637500E+00  0.5172260645E+00 
 2008  4050    8  0.7857217500E+00  0.4630835449E+00 
 2008  4056    8  0.3406425000E+00  0.3955467803E+00 
 2008  4062    8  0.2975013750E+00  0.4105983530E+00 
 2008  4068    8  0.3183125000E+00  0.3221552632E+00 
 2008  4074    8  0.1960437500E+00  0.4013871570E+00 
 2008  4080    8  -0.3560931250E+00  0.3353573749E+00 
 2008  4086    8  -0.5126500000E+00  0.3403326865E+00 
 2008  4092    8  -0.1687238750E+00  0.3053940421E+00 
 2008  4098    8  0.1564501250E+00  0.3235882833E+00 
 2008  4104    8  -0.3372237500E+00  0.2816291788E+00 
 2008  4110    8  -0.5297000000E+00  0.3101775903E+00 
 2008  4116    8  -0.2331000000E+00  0.3285494141E+00 
 2008  4122    8  -0.2251250000E+00  0.3573403621E+00 
 2008  4128    8  -0.5711776250E+00  0.3717936258E+00 
 2008  4134    8  -0.7639625000E+00  0.3897244922E+00 
 2008  4140    8  -0.8669625000E+00  0.3797894217E+00 
 2008  4146    8  -0.8570875000E+00  0.5257098045E+00 
 2008  4152    8  -0.8135875000E+00  0.4608544142E+00 
 2008  4158    8  -0.7602625000E+00  0.5066977747E+00 
 2008  4164    8  -0.2731975000E+00  0.4698442110E+00 
 2008  4170    8  -0.6035000000E-02  0.4312565937E+00 
 2008  4176    8  0.1550575000E+00  0.3360007696E+00 
 2008  4182    8  0.1256500000E+00  0.4387194377E+00 
 2008  4188    8  0.4368612500E+00  0.3263015986E+00 
 2008  4194    8  0.5074075000E+00  0.4143335123E+00 
 2008  4200    8  0.6302875000E+00  0.2769782457E+00 
 2008  4206    8  0.7884375000E+00  0.3584496406E+00 
 2008  4212    8  0.1170562500E+01  0.3176769662E+00 
 2008  4218    8  0.1206587500E+01  0.3484739819E+00 
 2008  4224    8  0.1327975000E+01  0.3050841882E+00 
 2008  4230    8  0.1164237500E+01  0.3233276200E+00 
 2008  4236    8  0.1385550000E+01  0.3428732966E+00 
 2008  4242    8  0.1336287500E+01  0.3482497719E+00 
 2008  4248    8  0.1340612500E+01  0.3715236952E+00 
 2008  4254    8  0.1428775000E+01  0.3633014649E+00 
 2008  4260    8  0.1632250000E+01  0.3083004825E+00 
 2008  4266    8  0.1565125000E+01  0.2607218046E+00 
 2008  4272    8  0.9113875000E+00  0.2751814240E+00 
 2008  4278    8  0.7376375000E+00  0.2528381100E+00 
 2008  4284    8  0.1055400000E+01  0.2683189147E+00 
 2008  4290    8  0.1458000000E+01  0.2820474251E+00 
 2008  4296    8  0.1316850000E+01  0.3182925659E+00 
 2008  4302    8  0.1293662500E+01  0.2589526353E+00 
 2008  4308    8  0.1683000000E+01  0.3250015385E+00 
 2008  4314    8  0.1559875000E+01  0.3318544250E+00 
 2008  4320    8  0.1333100000E+01  0.3084270902E+00 
 2008  4326    8  0.1106875000E+01  0.2718809609E+00 
 2008  4332    8  0.1377775000E+01  0.2730752724E+00 
 2008  4338    8  0.1282350000E+01  0.2609583444E+00 
 2008  4344    8  0.1040300000E+01  0.2404882326E+00 
 2008  4350    8  0.9184625000E+00  0.2460886778E+00 
 2008  4356    8  0.1004275000E+01  0.2351736420E+00 
 2008  4362    8  0.1108650000E+01  0.2513695636E+00 
 2008  4368    8  0.8850500000E+00  0.2404773794E+00 
 2008  4374    8  0.6688812500E+00  0.2889900495E+00 
 2008  4380    8  0.8191250000E+00  0.2642100809E+00 
 2008  4386    8  0.8161750000E+00  0.3241126762E+00 
 2008  4392    8  0.6179850000E+00  0.2921522370E+00 
 2008  4398    8  0.5247837500E+00  0.2728096339E+00 
 2008  4404    8  0.9290750000E+00  0.2730327213E+00 
 2008  4410    8  0.1072250000E+01  0.2537758164E+00 
 2008  4416    8  0.1071600000E+01  0.2400120622E+00 
 2008  4422    8  0.7652625000E+00  0.2843960440E+00 
 2008  4428    8  0.9188625000E+00  0.3100181081E+00 
 2008  4434    8  0.8007625000E+00  0.3037488228E+00 
 2008  4440    8  0.5532200000E+00  0.3101284626E+00 
 2008  4446    8  0.4273550000E+00  0.3334916696E+00 
 2008  4452    8  0.6063125000E+00  0.3874186154E+00 
 2008  4458    8  0.7582712500E+00  0.4393303587E+00 
 2008  4464    8  0.4578387500E+00  0.3737846820E+00 
 2008  4470    8  0.6159450000E+00  0.4040224000E+00 
 2008  4476    8  0.1127262500E+01  0.3288689896E+00 
 2008  4482    8  0.1149337500E+01  0.3328847283E+00 
 2008  4488    8  0.9866875000E+00  0.2833198609E+00 
 2008  4494    8  0.7580375000E+00  0.2660298336E+00 
 2008  4500    8  0.1005787500E+01  0.2835464620E+00 
 2008  4506    8  0.1120750000E+01  0.2616014908E+00 
 2008  4512    8  0.8577500000E+00  0.2401005571E+00 
 2008  4518    8  0.6521000000E+00  0.2433556605E+00 
 2008  4524    8  0.1185950000E+01  0.2961545500E+00 
 2008  4530    8  0.1575125000E+01  0.2902776419E+00 
 2008  4536    8  0.1438725000E+01  0.3058111826E+00 
 2008  4542    8  0.1278362500E+01  0.3149274041E+00 
 2008  4548    8  0.1319112500E+01  0.3284403958E+00 
 2008  4554    8  0.1124087500E+01  0.3045904112E+00 
 2008  4560    8  0.6082812500E+00  0.3042246250E+00 
 2008  4566    8  0.7107625000E+00  0.2841025824E+00 
 2008  4572    8  0.1109862500E+01  0.3127979737E+00 
 2008  4578    8  0.1246412500E+01  0.2733478390E+00 
 2008  4584    8  0.1068937500E+01  0.2983387711E+00 
 2008  4590    8  0.8381000000E+00  0.2749229665E+00 
 2008  4596    8  0.1412350000E+01  0.3275408486E+00 
 2008  4602    8  0.1625875000E+01  0.3299861503E+00 
 2008  4608    8  0.1560125000E+01  0.3281049518E+00 
 2008  4614    8  0.1617375000E+01  0.2955304288E+00 
 2008  4620    8  0.1997250000E+01  0.3265959851E+00 
 2008  4626    8  0.1921875000E+01  0.3159879102E+00 
 2008  4632    8  0.1799500000E+01  0.3280182922E+00 
 2008  4638    8  0.1889375000E+01  0.3103952873E+00 
 2008  4644    8  0.2428125000E+01  0.3422318065E+00 
 2008  4650    8  0.2214625000E+01  0.2748676670E+00 
 2008  4656    8  0.1814250000E+01  0.2831513509E+00 
 2008  4662    8  0.1749500000E+01  0.2718974991E+00 
 2008  4668    8  0.2121125000E+01  0.3132959613E+00 
 2008  4674    8  0.2488000000E+01  0.3357108131E+00 
 2008  4680    8  0.2233750000E+01  0.3441590294E+00 
 2008  4686    8  0.1867875000E+01  0.2844544944E+00 
 2008  4692    8  0.2136125000E+01  0.2951683577E+00 
 2008  4698    8  0.2292750000E+01  0.3340530459E+00 
 2008  4704    8  0.2105125000E+01  0.3162888069E+00 
 2008  4710    8  0.1851375000E+01  0.2990238024E+00 
 2008  4716    8  0.1994375000E+01  0.3128865359E+00 
 2008  4722    8  0.2270875000E+01  0.3010915299E+00 
 2008  4728    8  0.2079250000E+01  0.2977808548E+00 
 2008  4734    8  0.2079000000E+01  0.2892611277E+00 
 2008  4740    8  0.2441625000E+01  0.2915231284E+00 
 2008  4746    8  0.2432375000E+01  0.2856185995E+00 
 2008  4752    8  0.2019375000E+01  0.2892330105E+00 
 2008  4758    8  0.1879750000E+01  0.2977951267E+00 
 2008  4764    8  0.1788375000E+01  0.3171170673E+00 
 2008  4770    8  0.1696812500E+01  0.3589590800E+00 
 2008  4776    8  0.1024850000E+01  0.3100421181E+00 
 2008  4782    8  0.5916362500E+00  0.3070222752E+00 
 2008  4788    8  0.8400362500E+00  0.3821263416E+00 
 2008  4794    8  0.6857100000E+00  0.3555771487E+00 
 2008  4800    8  0.3870375000E+00  0.3280054304E+00 
 2008  4806    8  0.3345500000E+00  0.2968930826E+00 
 2008  4812    8  0.4959375000E+00  0.2951405722E+00 
 2008  4818    8  0.8248625000E+00  0.3279083940E+00 
 2008  4824    8  0.5732812500E+00  0.2747743596E+00 
 2008  4830    8  0.5511212500E+00  0.2740576493E+00 
 2008  4836    8  0.1042800000E+01  0.2708058714E+00 
 2008  4842    8  0.1261562500E+01  0.2617894475E+00 
 2008  4848    8  0.9196500000E+00  0.2406290402E+00 
 2008  4854    8  0.8628125000E+00  0.2312410508E+00 
 2008  4860    8  0.9558125000E+00  0.2487315895E+00 
 2008  4866    8  0.9750625000E+00  0.2614553926E+00 
 2008  4872    8  0.8052875000E+00  0.2290463623E+00 
 2008  4878    8  0.4790212500E+00  0.2616546897E+00 
 2008  4884    8  0.4951762500E+00  0.3506821711E+00 
 2008  4890    8  0.7893625000E+00  0.3304452146E+00 
 2008  4896    8  0.4524853750E+00  0.3287395782E+00 
 2008  4902    8  0.2667475000E+00  0.3577291249E+00 
 2008  4908    8  0.3456362500E+00  0.3756882098E+00 
 2008  4914    8  0.4339875000E+00  0.3324120727E+00 
 2008  4920    8  0.8222500000E-01  0.2855966125E+00 
 2008  4926    8  -0.6199087500E-01  0.2766146682E+00 
 2008  4932    8  -0.5136000000E-01  0.3322386246E+00 
 2008  4938    8  0.6979375000E+00  0.2814731423E+00 
 2008  4944    8  0.6439150000E+00  0.3227761826E+00 
 2008  4950    8  0.4253375000E+00  0.3981577763E+00 
 2008  4956    8  0.4405125000E+00  0.3769218103E+00 
 2008  4962    8  0.5970625000E+00  0.4409626910E+00 
 2008  4968    8  0.3791087500E+00  0.3396974769E+00 
 2008  4974    8  0.8577125000E+00  0.2484391849E+00 
 2008  4980    8  0.1667000000E+01  0.3367354303E+00 
 2008  4986    8  0.1906750000E+01  0.3071419664E+00 
 2008  4992    8  0.1415250000E+01  0.2562780472E+00 
 2008  4998    8  0.1303937500E+01  0.2835216700E+00 
 2008  5004    8  0.1234475000E+01  0.2245669819E+00 
 2008  5010    8  0.1268712500E+01  0.2340682135E+00 
 2008  5016    8  0.8210000000E+00  0.2292077824E+00 
 2008  5022    8  0.8150750000E+00  0.2304759410E+00 
 2008  5028    8  0.1487125000E+01  0.2648152363E+00 
 2008  5034    8  0.1417400000E+01  0.2719605118E+00 
 2008  5040    8  0.1078387500E+01  0.2550570154E+00 
 2008  5046    8  0.9429750000E+00  0.2523936595E+00 
 2008  5052    8  0.1146262500E+01  0.2635883862E+00 
 2008  5058    8  0.1067637500E+01  0.2199932268E+00 
 2008  5064    8  0.7128875000E+00  0.2200084796E+00 
 2008  5070    8  0.3277500000E+00  0.2215294224E+00 
 2008  5076    8  0.4374000000E+00  0.2655215763E+00 
 2008  5082    8  0.3969000000E+00  0.2837642904E+00 
 2008  5088    8  0.3932250000E-01  0.2880350639E+00 
 2008  5094    8  -0.1841250000E+00  0.3211133046E+00 
 2008  5100    8  -0.6119125000E-01  0.3543559084E+00 
 2008  5106    8  -0.4694875000E-01  0.3082975096E+00 
 2008  5112    8  -0.2177962500E+00  0.2547861860E+00 
 2008  5118    8  -0.2231545000E+00  0.2404343409E+00 
 2008  5124    8  0.8488500000E-01  0.2489944378E+00 
 2008  5130    8  -0.1275237500E+00  0.2586317036E+00 
 2008  5136    8  -0.6230750000E+00  0.2513762108E+00 
 2008  5142    8  -0.7263375000E+00  0.3003408228E+00 
 2008  5148    8  -0.9960250000E+00  0.3696510542E+00 
 2008  5154    8  -0.7531375000E+00  0.4421521767E+00 
 2008  5160    8  -0.1033600000E+01  0.3526273387E+00 
 2008  5166    8  -0.1250937500E+01  0.4348944813E+00 
 2008  5172    8  -0.1256350000E+01  0.4386610508E+00 
 2008  5178    8  -0.8928500000E+00  0.5455523944E+00 
 2008  5184    8  -0.8539250000E+00  0.5141720839E+00 
 2008  5190    8  -0.4548037500E+00  0.5126241866E+00 
 2008  5196    8  0.8512500000E-01  0.4023192381E+00 
 2008  5202    8  -0.1141725000E+00  0.3967588881E+00 
 2008  5208    8  -0.4832625000E+00  0.3333943084E+00 
 2008  5214    8  -0.4428650000E+00  0.3437660172E+00 
 2008  5220    8  0.1088325000E+00  0.2959797819E+00 
 2008  5226    8  0.4788637500E+00  0.3015878010E+00 
 2008  5232    8  0.6403250000E+00  0.2755935175E+00 
 2008  5238    8  0.1130037500E+01  0.2680165197E+00 
 2008  5244    8  0.1424725000E+01  0.2825808369E+00 
 2008  5250    8  0.5107875000E+00  0.2090224476E+00 
 2008  5256    8  0.2854987500E+00  0.2459763688E+00 
 2008  5262    8  0.3339623750E+00  0.2183146828E+00 
 2008  5268    8  0.3704125000E+00  0.2521255513E+00 
 2008  5274    8  0.4016750000E-01  0.2865376134E+00 
 2008  5280    8  -0.5579875000E+00  0.2367371297E+00 
 2008  5286    8  0.2467000000E-01  0.2581979700E+00 
 2008  5292    8  0.5113125000E-01  0.3180443944E+00 
 2008  5298    8  0.3783750000E+00  0.2970182938E+00 
 2008  5304    8  0.6992275000E+00  0.3385439703E+00 
 2008  5310    8  0.8260875000E+00  0.3094079647E+00 
 2008  5316    8  0.7129375000E+00  0.2930201484E+00 
 2008  5322    8  0.3526225000E+00  0.3412485649E+00 
 2008  5328    8  -0.3131375000E+00  0.2577044387E+00 
 2008  5334    8  0.4517875000E+00  0.6695476616E+00 
 2008  5340    8  0.7450125000E+00  0.3090377179E+00 
 2008  5346    8  0.7399712500E+00  0.3814554840E+00 
 2008  5352    8  0.3618425000E+00  0.2232679528E+00 
 2008  5358    8  0.3553525000E+00  0.2690347093E+00 
 2008  5364    8  0.5351875000E+00  0.2124822724E+00 
 2008  5370    8  0.4143975000E+00  0.2272033815E+00 
 2008  5376    8  -0.3322500000E-02  0.2377811707E+00 
 2008  5382    8  -0.4888375000E-01  0.2455953259E+00 
 2008  5388    8  0.1847775000E+00  0.2950524505E+00 
 2008  5394    8  0.4441175000E+00  0.3376941698E+00 
 2008  5400    8  0.3926912500E+00  0.3684645329E+00 
 2008  5406    8  0.1897225000E+00  0.3775844032E+00 
 2008  5412    8  0.1569250000E+00  0.3888828865E+00 
 2008  5418    8  0.7535000000E-01  0.2547603874E+00 
 2008  5424    8  -0.8387500000E-01  0.2620218156E+00 
 2008  5430    8  -0.3493750000E+00  0.2005696684E+00 
 2008  5436    8  0.1264996250E+00  0.2542314049E+00 
 2008  5442    8  0.4037175000E+00  0.2421070768E+00 
 2008  5448    8  0.2539875000E-01  0.2261714794E+00 
 2008  5454    8  -0.3333750000E+00  0.2207506101E+00 
 2008  5460    8  -0.6677750000E-01  0.2962471804E+00 
 2008  5466    8  0.4170000000E+00  0.2729063484E+00 
 2008  5472    8  0.1150125000E+00  0.2531790692E+00 
 2008  5478    8  -0.3805750000E+00  0.2938999522E+00 
 2008  5484    8  -0.1551815625E+00  0.3335016692E+00 
 2008  5490    8  0.6031875000E-01  0.3398262851E+00 
 2008  5496    8  -0.3894350000E+00  0.2836563062E+00 
 2008  5502    8  -0.4909850000E+00  0.3062605208E+00 
 2008  5508    8  -0.2255125000E+00  0.3265833601E+00 
 2008  5514    8  -0.3945000000E-02  0.3236033376E+00 
 2008  5520    8  -0.2124196250E+00  0.2817800160E+00 
 2008  5526    8  -0.5341712500E+00  0.3073112051E+00 
 2008  5532    8  -0.2917787500E+00  0.3052591222E+00 
 2008  5538    8  0.1445725000E+00  0.3239428272E+00 
 2008  5544    8  -0.2711575000E+00  0.2855239607E+00 
 2008  5550    8  -0.3899275000E+00  0.2796687439E+00 
 2008  5556    8  0.8853500000E-01  0.2741231021E+00 
 2008  5562    8  0.4822187500E+00  0.2516255625E+00 
 2008  5568    8  0.1876125000E+00  0.2358946928E+00 
 2008  5574    8  0.1389487500E+00  0.2511826629E+00 
 2008  5580    8  0.2067875000E+00  0.2668805278E+00 
 2008  5586    8  0.5566637500E+00  0.2874944272E+00 
 2008  5592    8  0.2349262500E+00  0.2577612851E+00 
 2008  5598    8  -0.3814712500E-01  0.2810329071E+00 
 2008  5604    8  0.1678875000E+00  0.2928380971E+00 
 2008  5610    8  0.1839595000E+00  0.3121912625E+00 
 2008  5616    8  -0.4361425000E+00  0.2960317806E+00 
 2008  5622    8  -0.5949375000E+00  0.2671212503E+00 
 2008  5628    8  -0.2552350000E+00  0.2609042193E+00 
 2008  5634    8  0.8401625000E-01  0.2860398020E+00 
 2008  5640    8  -0.2029087500E+00  0.2233278179E+00 
 2008  5646    8  -0.1391125000E-01  0.2346165641E+00 
 2008  5652    8  0.7810500000E+00  0.2993843308E+00 
 2008  5658    8  0.1321975000E+01  0.2706923611E+00 
 2008  5664    8  0.1000600000E+01  0.3244480737E+00 
 2008  5670    8  0.1147037500E+01  0.3360789488E+00 
 2008  5676    8  0.1364887500E+01  0.2702395485E+00 
 2008  5682    8  0.1352737500E+01  0.2315357582E+00 
 2008  5688    8  0.8538000000E+00  0.2592691796E+00 
 2008  5694    8  0.8013500000E+00  0.2678155382E+00 
 2008  5700    8  0.1070612500E+01  0.2790898710E+00 
 2008  5706    8  0.1113862500E+01  0.2903499825E+00 
 2008  5712    8  0.6139375000E+00  0.2826134858E+00 
 2008  5718    8  0.4104500000E+00  0.2827403093E+00 
 2008  5724    8  0.5042875000E+00  0.3109992984E+00 
 2008  5730    8  0.4537625000E+00  0.3379661667E+00 
 2008  5736    8  0.1509875000E-01  0.2518917912E+00 
 2008  5742    8  0.7645625000E-01  0.2494153532E+00 
 2008  5748    8  0.2580375000E+00  0.3610107198E+00 
 2008  5754    8  0.3417875000E+00  0.4120413039E+00 
 2008  5760    8  -0.5824750000E-01  0.2920061483E+00 
 2008  5766    8  -0.5074000000E+00  0.2733240430E+00 
 2008  5772    8  -0.3559387500E+00  0.3014196825E+00 
 2008  5778    8  -0.5579625000E+00  0.2874816470E+00 
 2008  5784    8  -0.1087950000E+01  0.2725991746E+00 
 2008  5790    8  -0.1347775000E+01  0.3293933885E+00 
 2008  5796    8  -0.1067550000E+01  0.2946679996E+00 
 2008  5802    8  -0.1044375000E+01  0.3636882344E+00 
 2008  5808    8  -0.1032462500E+01  0.3805140468E+00 
 2008  5814    8  -0.6303500000E+00  0.3551491940E+00 
 2008  5820    8  0.8149125000E-01  0.3020853655E+00 
 2008  5826    8  0.1501125000E+00  0.3207590974E+00 
 2008  5832    8  0.3130800000E+00  0.2406465334E+00 
 2008  5838    8  0.7745250000E+00  0.4109084075E+00 
 2008  5844    8  0.1039512500E+01  0.4241221299E+00 
 2008  5850    8  0.1307337500E+01  0.3261710017E+00 
 2008  5856    8  0.7847875000E+00  0.2752992256E+00 
 2008  5862    8  0.8495625000E+00  0.2922612399E+00 
 2008  5868    8  0.1182200000E+01  0.2607366919E+00 
 2008  5874    8  0.1292437500E+01  0.2533452187E+00 
 2008  5880    8  0.6874875000E+00  0.2559065525E+00 
 2008  5886    8  0.4578112500E+00  0.2676498784E+00 
 2008  5892    8  0.5206400000E+00  0.2754586089E+00 
 2008  5898    8  0.7133125000E+00  0.2824476343E+00 
 2008  5904    8  0.2940287500E+00  0.2605692375E+00 
 2008  5910    8  0.9033750000E-01  0.2953003214E+00 
 2008  5916    8  0.4126250000E-01  0.2899553239E+00 
 2008  5922    8  0.5244675000E+00  0.3315348751E+00 
 2008  5928    8  0.7279625000E-01  0.3453404713E+00 
 2008  5934    8  0.2086700000E+00  0.3390925439E+00 
 2008  5940    8  0.4530561250E+00  0.3543090049E+00 
 2008  5946    8  0.5308687500E+00  0.3426593087E+00 
 2008  5952    8  -0.1469300000E+00  0.2969069994E+00 
 2008  5958    8  -0.2716018750E+00  0.3227883446E+00 
 2008  5964    8  -0.2147275000E+00  0.2367180861E+00 
 2008  5970    8  -0.5065875000E+00  0.2436803769E+00 
 2008  5976    8  -0.1325512500E+01  0.2713489241E+00 
 2008  5982    8  -0.1639250000E+01  0.3033627161E+00 
 2008  5988    8  -0.1402512500E+01  0.3872923684E+00 
 2008  5994    8  -0.8817250000E+00  0.4335729891E+00 
 2008  6000    8  -0.6340950000E+00  0.6050600761E+00 
 2008  6006    8  0.1640125000E+00  0.7566818890E+00 
 2008  6012    8  0.6317875000E+00  0.4686985850E+00 
 2008  6018    8  0.9807875000E+00  0.5824583664E+00 
 2008  6024    8  0.1241875000E+01  0.4388943060E+00 
 2008  6030    8  0.1048712500E+01  0.3895705887E+00 
 2008  6036    8  0.1126400000E+01  0.2819263689E+00 
 2008  6042    8  0.1102650000E+01  0.2183674140E+00 
 2008  6048    8  0.7150875000E+00  0.2236511258E+00 
 2008  6054    8  0.7546625000E+00  0.2240030465E+00 
 2008  6060    8  0.6770000000E+00  0.2258251259E+00 
 2008  6066    8  0.7922000000E+00  0.2037068175E+00 
 2008  6072    8  0.3629750000E+00  0.2874621529E+00 
 2008  6078    8  0.4396750000E+00  0.2674471525E+00 
 2008  6084    8  0.4530937500E+00  0.2553918074E+00 
 2008  6090    8  0.7006000000E+00  0.2616769096E+00 
 2008  6096    8  0.8392125000E-01  0.2340486523E+00 
 2008  6102    8  -0.2605237500E+00  0.2777217626E+00 
 2008  6108    8  -0.1015828750E+00  0.2762930105E+00 
 2008  6114    8  0.1312250000E+00  0.3119144905E+00 
 2008  6120    8  -0.5259612500E+00  0.3295967681E+00 
 2008  6126    8  -0.7201125000E+00  0.3729641351E+00 
 2008  6132    8  -0.5084350000E+00  0.3849335353E+00 
 2008  6138    8  -0.5855075000E+00  0.3255739469E+00 
 2008  6144    8  -0.1246700000E+01  0.2943378459E+00 
 2008  6150    8  -0.1406250000E+01  0.1909422360E+00 
 2008  6156    8  -0.7186375000E+00  0.4921341381E+00 
 2008  6162    8  0.2718625000E-01  0.4205616436E+00 
 2008  6168    8  0.3095625000E-01  0.4521340588E+00 
 2008  6174    8  -0.1222175000E+00  0.3654186095E+00 
 2008  6180    8  -0.2016250000E-03  0.4102984521E+00 
 2008  6186    8  0.1598500000E+00  0.4147215662E+00 
 2008  6192    8  0.5447125000E-01  0.3027948448E+00 
 2008  6198    8  0.1335375000E+00  0.2850595944E+00 
 2008  6204    8  0.2191125000E+00  0.3028653556E+00 
 2008  6210    8  0.2368875000E+00  0.2818162985E+00 
 2008  6216    8  0.7370000000E-01  0.2783209755E+00 
 2008  6222    8  0.3998250000E+00  0.3245463748E+00 
 2008  6228    8  0.7259125000E+00  0.3550964462E+00 
 2008  6234    8  0.6746500000E+00  0.3828473504E+00 
 2008  6240    8  0.4697500000E+00  0.2273355450E+00 
 2008  6246    8  0.7572150000E+00  0.3755787069E+00 
 2008  6252    8  0.1223512500E+01  0.3922776295E+00 
 2008  6258    8  0.9286875000E+00  0.4177045739E+00 
 2008  6264    8  0.6579000000E+00  0.3334460901E+00 
 2008  6270    8  0.9090500000E+00  0.4122684259E+00 
 2008  6276    8  0.1304737500E+01  0.4311370691E+00 
 2008  6282    8  0.1063050000E+01  0.3625942429E+00 
 2008  6288    8  0.7548375000E+00  0.3269891968E+00 
 2008  6294    8  0.1136162500E+01  0.3719105065E+00 
 2008  6300    8  0.1314625000E+01  0.2690473646E+00 
 2008  6306    8  0.1233562500E+01  0.2588071190E+00 
 2008  6312    8  0.5354575000E+00  0.3211443509E+00 
 2008  6318    8  0.3830375000E+00  0.3341647421E+00 
 2008  6324    8  0.6484950000E+00  0.3500193633E+00 
 2008  6330    8  0.7147818750E+00  0.3586407854E+00 
 2008  6336    8  0.5939675000E+00  0.4272421335E+00 
 2008  6342    8  0.4867500000E-01  0.3403575605E+00 
 2008  6348    8  -0.5469500000E+00  0.4180359763E+00 
 2008  6354    8  -0.6049950000E+00  0.5171755922E+00 
 2008  6360    8  -0.5818650000E+00  0.5943484749E+00 
 2008  6366    8  -0.3253675000E+00  0.7090998949E+00 
 2008  6372    8  -0.1589475000E+00  0.6548057539E+00 
 2008  6378    8  0.6420000000E-01  0.7548238304E+00 
 2008  6384    8  -0.2060688750E+00  0.6144786534E+00 
 2008  6390    8  0.2721500000E-01  0.5972872078E+00 
 2008  6396    8  0.1182000000E+00  0.5897433955E+00 
 2008  6402    8  0.2581562500E+00  0.5309167069E+00 
 2008  6408    8  0.3335750000E-02  0.4139868483E+00 
 2008  6414    8  0.4793250000E+00  0.4489062061E+00 
 2008  6420    8  0.8030062500E+00  0.5039797683E+00 
 2008  6426    8  0.9407625000E+00  0.4812379919E+00 
 2008  6432    8  0.6588212500E+00  0.4030193459E+00 
 2008  6438    8  0.5975616250E+00  0.3741243909E+00 
 2008  6444    8  0.6993625000E+00  0.2873490297E+00 
 2008  6450    8  0.9037500000E+00  0.2460461999E+00 
 2008  6456    8  0.2153887500E+00  0.2602970517E+00 
 2008  6462    8  0.1060850000E+00  0.3310700463E+00 
 2008  6468    8  0.3084587500E+00  0.2657774311E+00 
 2008  6474    8  0.3113937500E+00  0.2274269545E+00 
 2008  6480    8  -0.1430558750E+00  0.2600084161E+00 
 2008  6486    8  -0.1817562500E+00  0.2676737743E+00 
 2008  6492    8  0.2625125000E+00  0.3609568064E+00 
 2008  6498    8  0.1527625000E+00  0.4243802715E+00 
 2008  6504    8  -0.3128750000E-01  0.3821604203E+00 
 2008  6510    8  0.1821125000E+00  0.4042037309E+00 
 2008  6516    8  0.6468200000E+00  0.4837485083E+00 
 2008  6522    8  0.8657375000E+00  0.4221718132E+00 
 2008  6528    8  0.5921003750E+00  0.3892630638E+00 
 2008  6534    8  0.4924612500E+00  0.4029936659E+00 
 2008  6540    8  0.7918750000E+00  0.3462160841E+00 
 2008  6546    8  0.7522125000E+00  0.3054687891E+00 
 2008  6552    8  -0.1315912500E+00  0.2592643270E+00 
 2008  6558    8  -0.2590837500E+00  0.2374429402E+00 
 2008  6564    8  -0.7700000000E-03  0.2947867843E+00 
 2008  6570    8  -0.1635353750E+00  0.2733873661E+00 
 2008  6576    8  -0.3227787500E+00  0.2720506033E+00 
 2008  6582    8  -0.5375750000E+00  0.3090612429E+00 
 2008  6588    8  -0.4656000000E+00  0.2814723921E+00 
 2008  6594    8  -0.3847900000E+00  0.2718957083E+00 
 2008  6600    8  -0.1291762500E+01  0.2878474767E+00 
 2008  6606    8  -0.1466250000E+01  0.2373356010E+00 
 2008  6612    8  -0.8194625000E+00  0.2948338470E+00 
 2008  6618    8  -0.4647000000E+00  0.6418497721E+00 
 2008  6624    8  -0.6702150000E+00  0.4962097244E+00 
 2008  6630    8  -0.1173775000E+01  0.3959254404E+00 
 2008  6636    8  -0.9545375000E+00  0.3505959638E+00 
 2008  6642    8  -0.6031250000E+00  0.3413368379E+00 
 2008  6648    8  -0.7185625000E+00  0.2787575333E+00 
 2008  6654    8  -0.3500650000E+00  0.2303312290E+00 
 2008  6660    8  -0.2811737500E+00  0.2382904611E+00 
 2008  6666    8  -0.2670712500E+00  0.3256713985E+00 
 2008  6672    8  -0.1136550000E+01  0.2513045115E+00 
 2008  6678    8  -0.1239137500E+01  0.3011480323E+00 
 2008  6684    8  -0.1271362500E+01  0.2990004094E+00 
 2008  6690    8  -0.6360625000E+00  0.4212021959E+00 
 2008  6696    8  -0.4755250000E+00  0.3761624541E+00 
 2008  6702    8  -0.4842375000E-01  0.3898843405E+00 
 2008  6708    8  -0.3728875000E-01  0.3652396349E+00 
 2008  6714    8  0.5303125000E+00  0.3060614008E+00 
 2008  6720    8  0.7435625000E+00  0.3447360945E+00 
 2008  6726    8  0.7501625000E+00  0.3265396222E+00 
 2008  6732    8  0.7257887500E+00  0.3105527711E+00 
 2008  6738    8  0.1031687500E+01  0.3212681880E+00 
 2008  6744    8  0.1284700000E+01  0.2554159940E+00 
 2008  6750    8  0.1313275000E+01  0.2771079517E+00 
 2008  6756    8  0.1537000000E+01  0.3060012255E+00 
 2008  6762    8  0.1472625000E+01  0.3193602736E+00 
 2008  6768    8  0.1506212500E+01  0.3797685691E+00 
 2008  6774    8  0.1931750000E+01  0.3883007050E+00 
 2008  6780    8  0.2009625000E+01  0.3468468457E+00 
 2008  6786    8  0.2030125000E+01  0.2964900662E+00 
 2008  6792    8  0.1818500000E+01  0.3677672498E+00 
 2008  6798    8  0.1403425000E+01  0.2559249194E+00 
 2008  6804    8  0.1446412500E+01  0.3322459422E+00 
 2008  6810    8  0.1504000000E+01  0.2896618718E+00 
 2008  6816    8  0.1209662500E+01  0.3737780322E+00 
 2008  6822    8  0.6700150000E+00  0.3493738064E+00 
 2008  6828    8  0.1053787500E+01  0.4044975755E+00 
 2008  6834    8  0.9748375000E+00  0.3013377131E+00 
 2008  6840    8  0.7404250000E+00  0.3369871798E+00 
 2008  6846    8  0.8570000000E+00  0.3778554750E+00 
 2008  6852    8  0.5027000000E+00  0.3593195062E+00 
 2008  6858    8  0.4992362500E+00  0.3242494406E+00 
 2008  6864    8  0.3726375000E+00  0.3831024078E+00 
 2008  6870    8  0.1388937500E+00  0.3310660876E+00 
 2008  6876    8  0.6023558750E+00  0.3275951518E+00 
 2008  6882    8  0.8674250000E+00  0.3199815883E+00 
 2008  6888    8  0.5467887500E+00  0.3180237611E+00 
 2008  6894    8  0.2045025000E+00  0.2894309454E+00 
 2008  6900    8  0.5688975000E+00  0.3050583347E+00 
 2008  6906    8  -0.2958000000E-01  0.3069175862E+00 
 2008  6912    8  -0.3701375000E+00  0.2725681196E+00 
 2008  6918    8  -0.2781912500E+00  0.2580227999E+00 
 2008  6924    8  -0.6908250000E-01  0.2599466025E+00 
 2008  6930    8  -0.1760412500E+00  0.2884509826E+00 
 2008  6936    8  -0.5412450000E+00  0.2892841962E+00 
 2008  6942    8  -0.4624875000E+00  0.2198140034E+00 
 2008  6948    8  -0.2659937500E+00  0.2428325501E+00 
 2008  6954    8  -0.3603487500E+00  0.2841949888E+00 
 2008  6960    8  -0.9289375000E+00  0.2009799489E+00 
 2008  6966    8  -0.5749625000E+00  0.2765291844E+00 
 2008  6972    8  -0.1437675000E+00  0.2561976712E+00 
 2008  6978    8  -0.3171200000E+00  0.2363350661E+00 
 2008  6984    8  -0.7589000000E+00  0.3234152091E+00 
 2008  6990    8  -0.5989875000E+00  0.3006262814E+00 
 2008  6996    8  -0.7184625000E+00  0.2617268516E+00 
 2008  7002    8  -0.4201875000E-01  0.3596317317E+00 
 2008  7008    8  -0.3119987500E+00  0.2676177872E+00 
 2008  7014    8  -0.4329875000E+00  0.2517157695E+00 
 2008  7020    8  -0.2818237500E+00  0.3128308556E+00 
 2008  7026    8  0.3053875000E+00  0.3716883218E+00 
 2008  7032    8  0.5026525000E+00  0.2748013897E+00 
 2008  7038    8  0.7345625000E+00  0.2757284350E+00 
 2008  7044    8  0.9147125000E+00  0.2959958000E+00 
 2008  7050    8  0.1043075000E+01  0.2749517810E+00 
 2008  7056    8  0.1078150000E+01  0.3131145477E+00 
 2008  7062    8  0.1091487500E+01  0.3421883671E+00 
 2008  7068    8  0.1474125000E+01  0.3501986713E+00 
 2008  7074    8  0.1589250000E+01  0.3222141175E+00 
 2008  7080    8  0.1461175000E+01  0.3450177015E+00 
 2008  7086    8  0.1023737500E+01  0.2997292651E+00 
 2008  7092    8  0.1060475000E+01  0.3321286902E+00 
 2008  7098    8  0.9773375000E+00  0.3271427247E+00 
 2008  7104    8  0.7904000000E+00  0.3603965351E+00 
 2008  7110    8  0.6101500000E+00  0.3012876325E+00 
 2008  7116    8  0.3262975000E+00  0.2899741860E+00 
 2008  7122    8  0.2752662500E+00  0.2770726944E+00 
 2008  7128    8  -0.3165187500E+00  0.2427851261E+00 
 2008  7134    8  -0.2688012500E+00  0.2362479101E+00 
 2008  7140    8  0.1627025000E+00  0.2355063854E+00 
 2008  7146    8  0.2780875000E+00  0.2289379853E+00 
 2008  7152    8  -0.2179576250E+00  0.2546984399E+00 
 2008  7158    8  -0.7437625000E+00  0.2125046055E+00 
 2008  7164    8  -0.2612237500E+00  0.2328537765E+00 
 2008  7170    8  -0.3147725000E+00  0.2322576679E+00 
 2008  7176    8  -0.8444375000E+00  0.2187670276E+00 
 2008  7182    8  -0.6063250000E+00  0.2331790983E+00 
 2008  7188    8  -0.5026750000E+00  0.2483985495E+00 
 2008  7194    8  -0.6102625000E+00  0.2550244446E+00 
 2008  7200    8  -0.9778000000E+00  0.2388604352E+00 
 2008  7206    8  -0.8789875000E+00  0.3306820166E+00 
 2008  7212    8  -0.8805125000E+00  0.3756705353E+00 
 2008  7218    8  -0.9375875000E+00  0.3496242999E+00 
 2008  7224    8  -0.1153575000E+01  0.2630826949E+00 
 2008  7230    8  -0.1114187500E+01  0.3403504644E+00 
 2008  7236    8  -0.7408375000E+00  0.2918802963E+00 
 2008  7242    8  -0.6658000000E+00  0.2778862717E+00 
 2008  7248    8  -0.9929250000E+00  0.2024850041E+00 
 2008  7254    8  -0.1070875000E+01  0.2097568876E+00 
 2008  7260    8  -0.7449000000E+00  0.2399662424E+00 
 2008  7266    8  -0.1522500000E+01  0.2392786033E+00 
 2008  7272    8  -0.2036375000E+01  0.3287943649E+00 
 2008  7278    8  -0.1026187500E+01  0.2897563780E+00 
 2008  7284    8  -0.5985125000E+00  0.3689562184E+00 
 2008  7290    8  -0.3687337500E+00  0.3903523956E+00 
 2008  7296    8  -0.5786750000E+00  0.2884219771E+00 
 2008  7302    8  -0.4738462500E+00  0.3101923737E+00 
 2008  7308    8  -0.4215937500E+00  0.2972822022E+00 
 2008  7314    8  -0.9243612500E-01  0.2751911640E+00 
 2008  7320    8  -0.5712500000E-02  0.2221892133E+00 
 2008  7326    8  0.8600000000E-02  0.2717227907E+00 
 2008  7332    8  0.3190150000E+00  0.2846565985E+00 
 2008  7338    8  0.4413340000E+00  0.2526161362E+00 
 2008  7344    8  0.8122500000E-01  0.2845879642E+00 
 2008  7350    8  -0.4671875000E+00  0.2117826447E+00 
 2008  7356    8  -0.4512125000E+00  0.2605845421E+00 
 2008  7362    8  -0.4445237500E+00  0.3427403107E+00 
 2008  7368    8  -0.3271587500E+00  0.3303178193E+00 
 2008  7374    8  -0.2642050000E+00  0.3189761150E+00 
 2008  7380    8  -0.7213625000E+00  0.3650066573E+00 
 2008  7386    8  -0.3513878750E+00  0.3418854221E+00 
 2008  7392    8  -0.1312112500E+00  0.2607292005E+00 
 2008  7398    8  -0.2099750000E-01  0.2511163314E+00 
 2008  7404    8  0.6536500000E-01  0.2749881326E+00 
 2008  7410    8  -0.2097950000E+00  0.2887573346E+00 
 2008  7416    8  -0.5555000000E+00  0.2376020833E+00 
 2008  7422    8  -0.4627875000E+00  0.2886419644E+00 
 2008  7428    8  -0.3141709000E+00  0.3168195413E+00 
 2008  7434    8  -0.6899000000E+00  0.3277179580E+00 
 2008  7440    8  -0.1082137500E+01  0.2519805495E+00 
 2008  7446    8  -0.1153450000E+01  0.3100019314E+00 
 2008  7452    8  -0.1321487500E+01  0.3572244233E+00 
 2008  7458    8  -0.1616125000E+01  0.3633343631E+00 
 2008  7464    8  -0.1338000000E+01  0.3127251189E+00 
 2008  7470    8  -0.9725625000E+00  0.5392003731E+00 
 2008  7476    8  -0.1126062500E+01  0.4717563538E+00 
 2008  7482    8  -0.9860500000E+00  0.4153320720E+00 
 2008  7488    8  -0.1156912500E+01  0.4154298540E+00 
 2008  7494    8  -0.1326450000E+01  0.3622577087E+00 
 2008  7500    8  -0.1080362500E+01  0.3689186494E+00 
 2008  7506    8  -0.1064837500E+01  0.3756310422E+00 
 2008  7512    8  -0.1453125000E+01  0.2579934289E+00 
 2008  7518    8  -0.1497625000E+01  0.3065073154E+00 
 2008  7524    8  -0.1072650000E+01  0.3242393560E+00 
 2008  7530    8  -0.1318687500E+01  0.3575603915E+00 
 2008  7536    8  -0.2000875000E+01  0.2863360951E+00 
 2008  7542    8  -0.1642500000E+01  0.3989683571E+00 
 2008  7548    8  -0.1482750000E+01  0.2777254715E+00 
 2008  7554    8  -0.1261562500E+01  0.3803474857E+00 
 2008  7560    8  -0.1209775000E+01  0.2703914789E+00 
 2008  7566    8  -0.1115487500E+01  0.3091001433E+00 
 2008  7572    8  -0.6666500000E+00  0.2859568368E+00 
 2008  7578    8  -0.7458750000E+00  0.3449227731E+00 
 2008  7584    8  -0.1129675000E+01  0.2211057708E+00 
 2008  7590    8  -0.1462750000E+01  0.2583770259E+00 
 2008  7596    8  -0.1238425000E+01  0.2636873753E+00 
 2008  7602    8  -0.1495625000E+01  0.3261291682E+00 
 2008  7608    8  -0.1945625000E+01  0.3041911149E+00 
 2008  7614    8  -0.1649125000E+01  0.3578999293E+00 
 2008  7620    8  -0.1793875000E+01  0.4538605065E+00 
 2008  7626    8  -0.1915625000E+01  0.4402541702E+00 
 2008  7632    8  -0.2339625000E+01  0.3533613368E+00 
 2008  7638    8  -0.2504000000E+01  0.3444796801E+00 
 2008  7644    8  -0.2048625000E+01  0.4841487213E+00 
 2008  7650    8  -0.2034125000E+01  0.4857081010E+00 
 2008  7656    8  -0.2051500000E+01  0.3582848029E+00 
 2008  7662    8  -0.1721625000E+01  0.3566808579E+00 
 2008  7668    8  -0.1462525000E+01  0.3874393332E+00 
 2008  7674    8  -0.1536500000E+01  0.4212887964E+00 
 2008  7680    8  -0.1558875000E+01  0.3356830490E+00 
 2008  7686    8  -0.1910125000E+01  0.3252231686E+00 
 2008  7692    8  -0.1484125000E+01  0.3277893521E+00 
 2008  7698    8  -0.1700250000E+01  0.3112975867E+00 
 2008  7704    8  -0.1829250000E+01  0.2501748139E+00 
 2008  7710    8  -0.1628875000E+01  0.2895835102E+00 
 2008  7716    8  -0.8236875000E+00  0.3446776300E+00 
 2008  7722    8  -0.1116087500E+01  0.3621331158E+00 
 2008  7728    8  -0.1232225000E+01  0.2288814199E+00 
 2008  7734    8  -0.8174875000E+00  0.2684087621E+00 
 2008  7740    8  -0.4045037500E+00  0.3258448306E+00 
 2008  7746    8  -0.3912975000E+00  0.3483239565E+00 
 2008  7752    8  -0.1015975000E+01  0.2300466733E+00 
 2008  7758    8  -0.7281250000E+00  0.2995981214E+00 
 2008  7764    8  -0.4213000000E+00  0.3557502424E+00 
 2008  7770    8  -0.6509375000E+00  0.3649476399E+00 
 2008  7776    8  -0.8725750000E+00  0.2779704200E+00 
 2008  7782    8  -0.7641000000E+00  0.3416150465E+00 
 2008  7788    8  -0.3085362500E+00  0.3370364145E+00 
 2008  7794    8  -0.3220875000E+00  0.3506025721E+00 
 2008  7800    8  -0.6797625000E+00  0.2945871855E+00 
 2008  7806    8  -0.5258912500E+00  0.3617937780E+00 
 2008  7812    8  0.2006675000E+00  0.3404391264E+00 
 2008  7818    8  0.1208400000E+00  0.3045252727E+00 
 2008  7824    8  -0.2492675000E+00  0.3139793359E+00 
 2008  7830    8  -0.1046862500E+00  0.3219462239E+00 
 2008  7836    8  0.3790062500E+00  0.3315964061E+00 
 2008  7842    8  0.4281125000E+00  0.2903096361E+00 
 2008  7848    8  0.4172187500E+00  0.4693965528E+00 
 2008  7854    8  0.4077012500E+00  0.4547917295E+00 
 2008  7860    8  0.8109962500E+00  0.4480234256E+00 
 2008  7866    8  0.7343750000E+00  0.3737482935E+00 
 2008  7872    8  0.4895500000E+00  0.4602214630E+00 
 2008  7878    8  0.4205250000E+00  0.4403447222E+00 
 2008  7884    8  0.3661875000E+00  0.3777485455E+00 
 2008  7890    8  0.2684425000E+00  0.3512364106E+00 
 2008  7896    8  -0.2883512500E+00  0.3421416912E+00 
 2008  7902    8  -0.2363500000E+00  0.3487554982E+00 
 2008  7908    8  0.7026912500E-01  0.3372629372E+00 
 2008  7914    8  0.1353037500E+00  0.3436209450E+00 
 2008  7920    8  -0.2841412500E+00  0.3203852648E+00 
 2008  7926    8  -0.3921061250E+00  0.3543681688E+00 
 2008  7932    8  -0.6693250000E-01  0.3359834451E+00 
 2008  7938    8  -0.3600500000E+00  0.3069967130E+00 
 2008  7944    8  -0.5276137500E+00  0.3254780151E+00 
 2008  7950    8  -0.5263500000E+00  0.3194683435E+00 
 2008  7956    8  -0.2028375000E+00  0.3237258886E+00 
 2008  7962    8  -0.2685087500E+00  0.3215445523E+00 
 2008  7968    8  -0.5104775000E+00  0.3293367756E+00 
 2008  7974    8  -0.3728012500E+00  0.3527006220E+00 
 2008  7980    8  -0.1051302500E+00  0.3321273970E+00 
 2008  7986    8  -0.4483721250E-01  0.3134196626E+00 
 2008  7992    8  -0.5818850000E+00  0.3594503033E+00 
 2008  7998    8  -0.5779462500E+00  0.3268209115E+00 
 2008  8004    8  -0.4446037500E+00  0.3497877869E+00 
 2008  8010    8  -0.8017750000E+00  0.3117089137E+00 
 2008  8016    8  -0.1117012500E+01  0.3130887831E+00 
 2008  8022    8  -0.1059825000E+01  0.3007702975E+00 
 2008  8028    8  -0.8311500000E+00  0.3133913448E+00 
 2008  8034    8  -0.1052087500E+01  0.3367045680E+00 
 2008  8040    8  -0.1332137500E+01  0.2877396955E+00 
 2008  8046    8  -0.1687875000E+01  0.3161132857E+00 
 2008  8052    8  -0.1231000000E+01  0.3689833160E+00 
 2008  8058    8  -0.1593375000E+01  0.3668357730E+00 
 2008  8064    8  -0.2162125000E+01  0.3181923308E+00 
 2008  8070    8  -0.2291250000E+01  0.3394420974E+00 
 2008  8076    8  -0.1838125000E+01  0.3697568246E+00 
 2008  8082    8  -0.2217625000E+01  0.4071756186E+00 
 2008  8088    8  -0.2566625000E+01  0.3491403505E+00 
 2008  8094    8  -0.2396875000E+01  0.5189646995E+00 
 2008  8100    8  -0.2884500000E+01  0.7437870999E+00 
 2008  8106    8  -0.2958125000E+01  0.7830790888E+00 
 2008  8112    8  -0.2821875000E+01  0.5598527569E+00 
 2008  8118    8  -0.2426750000E+01  0.5225044856E+00 
 2008  8124    8  -0.1837000000E+01  0.5423640383E+00 
 2008  8130    8  -0.1289100000E+01  0.5040010689E+00 
 2008  8136    8  -0.1079200000E+01  0.3477290648E+00 
 2008  8142    8  -0.9332250000E+00  0.2391914388E+00 
 2008  8148    8  0.1017150000E+00  0.2841521900E+00 
 2008  8154    8  -0.4466250000E-01  0.2334181839E+00 
 2008  8160    8  -0.1836975000E+00  0.2191588311E+00 
 2008  8166    8  -0.4128087500E+00  0.2447712601E+00 
 2008  8172    8  0.3560000000E-02  0.2733534019E+00 
 2008  8178    8  0.3773000000E-01  0.2545044016E+00 
 2008  8184    8  -0.1980025000E+00  0.3364476327E+00 
 2008  8190    8  -0.4332150000E+00  0.2952678298E+00 
 2008  8196    8  0.1571525000E+00  0.2947772461E+00 
 2008  8202    8  -0.7010000000E-02  0.2703491410E+00 
 2008  8208    8  -0.2666126250E+00  0.2878358722E+00 
 2008  8214    8  -0.5736625000E+00  0.2967476914E+00 
 2008  8220    8  0.1123050000E+00  0.2972404669E+00 
 2008  8226    8  0.4588750000E+00  0.2840139774E+00 
 2008  8232    8  0.1395000000E-01  0.3164185401E+00 
 2008  8238    8  -0.3876037500E+00  0.2794417741E+00 
 2008  8244    8  0.1856550000E+00  0.3022915367E+00 
 2008  8250    8  -0.3466125000E-01  0.2954676142E+00 
 2008  8256    8  -0.8222250000E+00  0.2864711580E+00 
 2008  8262    8  -0.1306137500E+01  0.2964780891E+00 
 2008  8268    8  -0.9671250000E+00  0.3184960626E+00 
 2008  8274    8  -0.1444287500E+01  0.3442006371E+00 
 2008  8280    8  -0.1595625000E+01  0.2999037085E+00 
 2008  8286    8  -0.1024725000E+01  0.4503176178E+00 
 2008  8292    8  -0.1139825000E+01  0.4811247389E+00 
 2008  8298    8  -0.1365075000E+01  0.4293820436E+00 
 2008  8304    8  -0.1183662500E+01  0.3070507407E+00 
 2008  8310    8  -0.1064475000E+01  0.3165900218E+00 
 2008  8316    8  -0.7271875000E+00  0.4115161736E+00 
 2008  8322    8  -0.7097500000E+00  0.4088247730E+00 
 2008  8328    8  -0.6443250000E+00  0.3152396618E+00 
 2008  8334    8  -0.5596000000E+00  0.3745278695E+00 
 2008  8340    8  -0.2253398750E+00  0.3836081019E+00 
 2008  8346    8  -0.3225125000E+00  0.3379164953E+00 
 2008  8352    8  -0.7097125000E+00  0.2229389739E+00 
 2008  8358    8  -0.5404900000E+00  0.2968202363E+00 
 2008  8364    8  -0.2390962500E+00  0.3066371010E+00 
 2008  8370    8  -0.5815750000E+00  0.2429882495E+00 
 2008  8376    8  -0.1088312500E+01  0.2549732017E+00 
 2008  8382    8  -0.1287675000E+01  0.2694973829E+00 
 2008  8388    8  -0.1391750000E+01  0.3611688490E+00 
 2008  8394    8  -0.1835375000E+01  0.3892630658E+00 
 2008  8400    8  -0.2266875000E+01  0.3140758020E+00 
 2008  8406    8  -0.2417500000E+01  0.3857236705E+00 
 2008  8412    8  -0.2547875000E+01  0.3409631349E+00 
 2008  8418    8  -0.2963125000E+01  0.3417570180E+00 
 2008  8424    8  -0.3070500000E+01  0.3116243732E+00 
 2008  8430    8  -0.3070375000E+01  0.3965343420E+00 
 2008  8436    8  -0.2881000000E+01  0.4827356937E+00 
 2008  8442    8  -0.2451250000E+01  0.5017247129E+00 
 2008  8448    8  -0.2447750000E+01  0.3797995359E+00 
 2008  8454    8  -0.1918875000E+01  0.3089346361E+00 
 2008  8460    8  -0.1324500000E+01  0.3039276230E+00 
 2008  8466    8  -0.1058862500E+01  0.3332342567E+00 
 2008  8472    8  -0.9665625000E+00  0.2569871297E+00 
 2008  8478    8  -0.8904500000E+00  0.2553250820E+00 
 2008  8484    8  -0.5799625000E+00  0.3140280120E+00 
 2008  8490    8  -0.6042500000E+00  0.2864439561E+00 
 2008  8496    8  -0.6897000000E+00  0.2085869183E+00 
 2008  8502    8  -0.3276556250E+00  0.3051257646E+00 
 2008  8508    8  -0.4381250000E+00  0.3068436481E+00 
 2008  8514    8  -0.4139125000E+00  0.3057767300E+00 
 2008  8520    8  -0.4882400000E+00  0.3600050301E+00 
 2008  8526    8  -0.5223000000E+00  0.3137829664E+00 
 2008  8532    8  -0.5700375000E+00  0.3364168691E+00 
 2008  8538    8  -0.4074212500E+00  0.3351151080E+00 
 2008  8544    8  -0.4564450000E+00  0.3096470889E+00 
 2008  8550    8  -0.5594750000E+00  0.3049526879E+00 
 2008  8556    8  -0.5505750000E+00  0.3281540749E+00 
 2008  8562    8  -0.7126250000E+00  0.3365784817E+00 
 2008  8568    8  -0.7174000000E+00  0.3292144210E+00 
 2008  8574    8  -0.7287875000E+00  0.2813868931E+00 
 2008  8580    8  -0.4293500000E+00  0.2941488101E+00 
 2008  8586    8  -0.2121318750E+00  0.3042564580E+00 
 2008  8592    8  -0.6472750000E+00  0.2471903404E+00 
 2008  8598    8  -0.8765375000E+00  0.2990921135E+00 
 2008  8604    8  -0.4598525000E+00  0.3346106361E+00 
 2008  8610    8  -0.1085387500E+01  0.3772983913E+00 
 2008  8616    8  -0.1716000000E+01  0.4146968772E+00 
 2008  8622    8  -0.2326375000E+01  0.4053236168E+00 
 2008  8628    8  -0.2275375000E+01  0.4143057257E+00 
 2008  8634    8  -0.2152000000E+01  0.6028901227E+00 
 2008  8640    8  -0.2358250000E+01  0.4212907992E+00 
 2008  8646    8  -0.2399750000E+01  0.4940892505E+00 
 2008  8652    8  -0.1900250000E+01  0.4415010617E+00 
 2008  8658    8  -0.1757875000E+01  0.4262315795E+00 
 2008  8664    8  -0.1903125000E+01  0.2305436171E+00 
 2008  8670    8  -0.1375262500E+01  0.3703219644E+00 
 2008  8676    8  -0.1755125000E+01  0.3220587825E+00 
 2008  8682    8  -0.1428125000E+01  0.3813700426E+00 
 2008  8688    8  -0.1507500000E+01  0.2886481422E+00 
 2008  8694    8  -0.1670750000E+01  0.2755810906E+00 
 2008  8700    8  -0.1569250000E+01  0.2976859713E+00 
 2008  8706    8  -0.1580375000E+01  0.3519406688E+00 
 2008  8712    8  -0.1652000000E+01  0.2813760828E+00 
 2008  8718    8  -0.1546750000E+01  0.2806816480E+00 
 2008  8724    8  -0.1096812500E+01  0.3671272138E+00 
 2008  8730    8  -0.1087537500E+01  0.3866218079E+00 
 2008  8736    8  -0.1089437500E+01  0.3658176456E+00 
 2008  8742    8  -0.9398125000E+00  0.3140043687E+00 
 2008  8748    8  -0.4704925000E+00  0.2759441943E+00 
 2008  8754    8  -0.3688462500E+00  0.2509974571E+00 
 2008  8760    8  -0.3736900000E+00  0.2729675348E+00 
 2008  8766    8  -0.5786250000E+00  0.2042252295E+00 
 2008  8772    8  -0.7268250000E+00  0.2861142943E+00 
 2008  8778    8  -0.7412875000E+00  0.3170020877E+00 
 2008  8784    8  -0.9155875000E+00  0.3145038133E+00 
