 2008  0006    8  -0.1454195125E+01  0.1782856232E+01 
 2008  0012    8  -0.5212750000E+01  0.1270121918E+01 
 2008  0018    8  -0.3722500000E+01  0.1872283432E+01 
 2008  0024    8  -0.2402975000E+01  0.1921989444E+01 
 2008  0030    8  -0.1855012500E+01  0.1667302492E+01 
 2008  0036    8  0.5419087500E+00  0.5618917276E+00 
 2008  0042    8  0.9573125000E+00  0.1015802943E+01 
 2008  0048    8  -0.1030712500E+01  0.8777467480E+00 
 2008  0054    8  -0.2500750000E+01  0.6949488740E+00 
 2008  0060    8  -0.2597500000E+01  0.9282938651E+00 
 2008  0066    8  -0.2010652500E+01  0.1206611424E+01 
 2008  0072    8  -0.1735662500E+01  0.1036793274E+01 
 2008  0078    8  -0.3737625000E+00  0.4493964757E+00 
 2008  0084    8  0.4721937500E+00  0.1136326269E+01 
 2008  0090    8  0.6271037500E+00  0.5985090610E+00 
 2008  0096    8  -0.2538500000E+00  0.3654367456E+00 
 2008  0102    8  0.5247750000E+00  0.2972379045E+00 
 2008  0108    8  0.9647625000E-01  0.1465975984E+00 
 2008  0114    8  -0.7788025000E+00  0.3723628520E+00 
 2008  0120    8  -0.6044918750E+00  0.3119280191E+00 
 2008  0126    8  0.1159075000E+01  0.3110177758E+00 
 2008  0132    8  0.6952500000E+00  0.4538816531E+00 
 2008  0138    8  0.2533937500E+00  0.3773371888E+00 
 2008  0144    8  0.1681225000E+01  0.5184930587E+00 
 2008  0150    8  0.1910000000E+01  0.4733154339E+00 
 2008  0156    8  0.1155900000E+01  0.5095199996E+00 
 2008  0162    8  0.1789612500E+01  0.4880763783E+00 
 2008  0168    8  0.1377925000E+01  0.4320385132E+00 
 2008  0174    8  0.4363025000E+00  0.3082482661E+00 
 2008  0180    8  0.2578325000E+00  0.2802452565E+00 
 2008  0186    8  -0.2124037500E+00  0.1770840644E+00 
 2008  0192    8  -0.2591375000E+00  0.5007232867E+00 
 2008  0198    8  0.4881512500E+00  0.4049237309E+00 
 2008  0204    8  0.9506500000E+00  0.3989005766E+00 
 2008  0210    8  0.1190312500E+01  0.4053721606E+00 
 2008  0216    8  0.9171250000E+00  0.2106371747E+00 
 2008  0222    8  0.6807375000E+00  0.5607049579E+00 
 2008  0228    8  0.2903250000E+00  0.6908284623E+00 
 2008  0234    8  -0.3940862500E+00  0.4023333428E+00 
 2008  0240    8  0.5459250000E-01  0.5838988370E+00 
 2008  0246    8  -0.3593612500E+00  0.5320685943E+00 
 2008  0252    8  0.3952150000E+00  0.3713850201E+00 
 2008  0258    8  0.6287875000E+00  0.3385680265E+00 
 2008  0264    8  0.5686250000E+00  0.3275188573E+00 
 2008  0270    8  0.1200900000E+01  0.6292196854E+00 
 2008  0276    8  0.1708225000E+01  0.8072595768E+00 
 2008  0282    8  0.1761300000E+01  0.6825570892E+00 
 2008  0288    8  0.8390250000E+00  0.5716170588E+00 
 2008  0294    8  0.4754625000E+00  0.5168404564E+00 
 2008  0300    8  -0.3008900000E+00  0.2447779978E+00 
 2008  0306    8  0.2415536250E+00  0.4837212951E+00 
 2008  0312    8  0.4157100000E+00  0.7015890455E+00 
 2008  0318    8  0.3740562500E+00  0.6112171021E+00 
 2008  0324    8  0.5378375000E+00  0.5525115020E+00 
 2008  0330    8  0.9451587500E+00  0.6203121459E+00 
 2008  0336    8  0.7365660250E+00  0.6502864369E+00 
 2008  0342    8  0.1889787500E+01  0.7576695956E+00 
 2008  0348    8  0.1551387500E+01  0.9791162781E+00 
 2008  0354    8  0.3048750000E+00  0.9934218927E+00 
 2008  0360    8  -0.9387100000E+00  0.9449375607E+00 
 2008  0366    8  -0.1611568750E+01  0.1001660002E+01 
 2008  0372    8  -0.1983687500E+01  0.1018461314E+01 
 2008  0378    8  -0.2074412500E+01  0.1058848498E+01 
 2008  0384    8  -0.2444375000E+01  0.5198105274E+00 
 2008  0390    8  -0.5852250000E+00  0.6469826867E+00 
 2008  0396    8  0.5510500000E+00  0.1003008243E+01 
 2008  0402    8  0.8635375000E+00  0.9207011023E+00 
 2008  0408    8  0.1391337500E+01  0.1102394626E+01 
 2008  0414    8  0.2802362500E+01  0.1172924782E+01 
 2008  0420    8  0.2388812500E+01  0.9306323770E+00 
 2008  0426    8  0.1829737500E+01  0.6451270281E+00 
 2008  0432    8  0.1914125000E+01  0.4987475407E+00 
 2008  0438    8  0.1967300000E+01  0.1272481973E+01 
 2008  0444    8  0.6235000000E+00  0.1398051184E+01 
 2008  0450    8  0.3138850000E+00  0.5023680738E+00 
 2008  0456    8  0.5924625000E+00  0.2355234698E+00 
 2008  0462    8  -0.6221000000E+00  0.1267534994E+01 
 2008  0468    8  0.2055362500E+00  0.1334672855E+01 
 2008  0474    8  0.1610462500E+01  0.1056010349E+01 
 2008  0480    8  0.6829712500E+00  0.8473550523E+00 
 2008  0486    8  -0.1820000000E-01  0.5809435429E+00 
 2008  0492    8  -0.4350875000E-01  0.6879368038E+00 
 2008  0498    8  0.9107500000E-01  0.4070666246E+00 
 2008  0504    8  -0.1475050000E+01  0.3247557813E+00 
 2008  0510    8  -0.1582000000E+01  0.2562420730E+00 
 2008  0516    8  -0.1746000000E+01  0.5023081723E+00 
 2008  0522    8  -0.1946400000E+01  0.9125452975E+00 
 2008  0528    8  -0.2194125000E+01  0.5332537945E+00 
 2008  0534    8  -0.1396862500E+01  0.8015809971E+00 
 2008  0540    8  -0.1197350000E+01  0.1111891713E+01 
 2008  0546    8  -0.2834000000E+01  0.6574773760E+00 
 2008  0552    8  -0.2765750000E+01  0.9022533943E+00 
 2008  0558    8  -0.1481075000E+01  0.7338685011E+00 
 2008  0564    8  -0.1968237500E+01  0.8757235836E+00 
 2008  0570    8  -0.2647787500E+00  0.5368677693E+00 
 2008  0576    8  0.8502875000E+00  0.4694014631E+00 
 2008  0582    8  0.9077550000E+00  0.5367885810E+00 
 2008  0588    8  -0.7051875000E-01  0.4548599193E+00 
 2008  0594    8  -0.3199602500E+00  0.4031971588E+00 
 2008  0600    8  -0.6571112500E+00  0.4626559152E+00 
 2008  0606    8  -0.1528875000E+00  0.5737050646E+00 
 2008  0612    8  0.9770250000E+00  0.9104176826E+00 
 2008  0618    8  0.1928587500E+01  0.1005451611E+01 
 2008  0624    8  0.1229900000E+01  0.6079149344E+00 
 2008  0630    8  0.1739137500E+01  0.7918375827E+00 
 2008  0636    8  0.2295712500E+01  0.8036372183E+00 
 2008  0642    8  0.2150500000E+01  0.5000907418E+00 
 2008  0648    8  0.1694612500E+01  0.6879893176E+00 
 2008  0654    8  0.2901125000E+01  0.9740504912E+00 
 2008  0660    8  0.2443125000E+01  0.6843755251E+00 
 2008  0666    8  0.2469500000E+01  0.6128874285E+00 
 2008  0672    8  0.3648625000E+01  0.1021706408E+01 
 2008  0678    8  0.3645750000E+01  0.9366765384E+00 
 2008  0684    8  0.2371637500E+01  0.1139826410E+01 
 2008  0690    8  0.2508375000E+01  0.5720130981E+00 
 2008  0696    8  0.2946500000E+01  0.4278758582E+00 
 2008  0702    8  0.2878875000E+01  0.9477006961E+00 
 2008  0708    8  0.1607200000E+01  0.7960345423E+00 
 2008  0714    8  0.2377375000E+01  0.6390449784E+00 
 2008  0720    8  0.2587750000E+01  0.5152154282E+00 
 2008  0726    8  0.1778875000E+01  0.5471248572E+00 
 2008  0732    8  0.2165750000E+01  0.9110223310E+00 
 2008  0738    8  0.1986075000E+01  0.7633615718E+00 
 2008  0744    8  0.1305712500E+01  0.1169959054E+01 
 2008  0750    8  0.1028035000E+01  0.1017712834E+01 
 2008  0756    8  0.1415962500E+01  0.8872894172E+00 
 2008  0762    8  0.1757037500E+01  0.9400391507E+00 
 2008  0768    8  0.1333412500E+01  0.1153165426E+01 
 2008  0774    8  0.1858775000E+01  0.1018885895E+01 
 2008  0780    8  0.1609212500E+01  0.8837796621E+00 
 2008  0786    8  0.8181775000E+00  0.4272484588E+00 
 2008  0792    8  -0.5690125000E+00  0.1135134671E+01 
 2008  0798    8  -0.8735500000E+00  0.2519768194E+00 
 2008  0804    8  -0.1955712500E+01  0.1208482438E+01 
 2008  0810    8  -0.1860037500E+01  0.6949320002E+00 
 2008  0816    8  -0.2824875000E+01  0.7788097389E+00 
 2008  0822    8  -0.1270775000E+01  0.4293159290E+00 
 2008  0828    8  0.2291750000E-01  0.8963298886E+00 
 2008  0834    8  0.2561625000E+00  0.1288618535E+01 
 2008  0840    8  0.5802125000E-01  0.9780133018E+00 
 2008  0846    8  0.1083125000E+00  0.8734872247E+00 
 2008  0852    8  0.5446000000E+00  0.9150903658E+00 
 2008  0858    8  0.1572836250E+01  0.9289265735E+00 
 2008  0864    8  0.1137032500E+01  0.6081344624E+00 
 2008  0870    8  0.1509175000E+01  0.3415336211E+00 
 2008  0876    8  0.1921625000E+01  0.6243340327E+00 
 2008  0882    8  0.1492012500E+01  0.7797443114E+00 
 2008  0888    8  0.1571150000E+01  0.6998381742E+00 
 2008  0894    8  0.1710300000E+01  0.6954526080E+00 
 2008  0900    8  0.1170950000E+01  0.7000793241E+00 
 2008  0906    8  0.1187112500E+01  0.3993371991E+00 
 2008  0912    8  0.1336425000E+01  0.5028672358E+00 
 2008  0918    8  0.2109262500E+01  0.8056865286E+00 
 2008  0924    8  0.2422500000E+01  0.1026578297E+01 
 2008  0930    8  0.2613837500E+01  0.1058959765E+01 
 2008  0936    8  0.3382125000E+01  0.9775476251E+00 
 2008  0942    8  0.1994625000E+01  0.7159491842E+00 
 2008  0948    8  0.2670000000E+00  0.4382299026E+00 
 2008  0954    8  0.2284812500E+00  0.2455551388E+00 
 2008  0960    8  0.8630375000E+00  0.3466466066E+00 
 2008  0966    8  0.1096000000E+01  0.4445181633E+00 
 2008  0972    8  0.1641700000E+01  0.7217443661E+00 
 2008  0978    8  0.2104350000E+01  0.7547762632E+00 
 2008  0984    8  0.2031187500E+01  0.7474333556E+00 
 2008  0990    8  0.2377350000E+01  0.1324498078E+01 
 2008  0996    8  0.1414487500E+01  0.1549465048E+01 
 2008  1002    8  -0.9431600000E+00  0.1425399735E+01 
 2008  1008    8  -0.2716537500E+01  0.1560821057E+01 
 2008  1014    8  -0.3850000000E+01  0.1434650044E+01 
 2008  1020    8  -0.4600500000E+01  0.1952039767E+01 
 2008  1026    8  -0.4415700000E+01  0.2043378717E+01 
 2008  1032    8  -0.3012950000E+01  0.1341594468E+01 
 2008  1038    8  -0.1500762500E+01  0.5479428755E+00 
 2008  1044    8  0.2117542300E+00  0.2663326591E+00 
 2008  1050    8  0.1636175000E+01  0.5856878558E+00 
 2008  1056    8  0.1602950000E+01  0.7258654042E+00 
 2008  1062    8  0.2062500000E+01  0.4485657700E+00 
 2008  1068    8  0.2039837500E+01  0.8501135776E+00 
 2008  1074    8  0.6788500000E+00  0.1702737772E+01 
 2008  1080    8  -0.2115000000E+01  0.5624306624E+00 
 2008  1086    8  -0.9936500000E+00  0.5640808187E+00 
 2008  1092    8  -0.1216462500E+01  0.7656724788E+00 
 2008  1098    8  -0.1706950000E+01  0.6207485542E+00 
 2008  1104    8  0.2971250000E-01  0.7647592684E+00 
 2008  1110    8  0.1171537500E+01  0.8344425623E+00 
 2008  1116    8  0.3097500000E-01  0.3893920245E+00 
 2008  1122    8  0.3328537500E+00  0.3650724191E+00 
 2008  1128    8  0.7178437500E+00  0.5569442271E+00 
 2008  1134    8  0.3309600000E+00  0.3573821999E+00 
 2008  1140    8  0.3349075000E+00  0.3475392482E+00 
 2008  1146    8  0.1732837500E+01  0.8442599155E+00 
 2008  1152    8  0.1443662500E+01  0.6459153562E+00 
 2008  1158    8  0.1290975000E+01  0.2686192554E+00 
 2008  1164    8  0.1978125000E+01  0.4179148949E+00 
 2008  1170    8  0.1725625000E+01  0.3771813017E+00 
 2008  1176    8  0.1097490000E+01  0.7881411883E+00 
 2008  1182    8  0.5424125000E+00  0.7536205883E+00 
 2008  1188    8  0.2696875000E+00  0.1006286089E+01 
 2008  1194    8  -0.2334003750E+01  0.1717485270E+01 
 2008  1200    8  -0.3101750000E+01  0.1161361459E+01 
 2008  1206    8  -0.1163525000E+01  0.7704953532E+00 
 2008  1212    8  -0.1439912500E+01  0.1071031136E+01 
 2008  1218    8  -0.1909640000E+01  0.9933470527E+00 
 2008  1224    8  -0.2645250000E+00  0.4622888836E+00 
 2008  1230    8  -0.3305500000E-01  0.4547974496E+00 
 2008  1236    8  -0.1546775000E+01  0.4807395598E+00 
 2008  1242    8  -0.8196125000E+00  0.2090189551E+00 
 2008  1248    8  0.7649750000E-01  0.3706494612E+00 
 2008  1254    8  -0.1241012500E+00  0.4186618221E+00 
 2008  1260    8  -0.4517962500E+00  0.2730727698E+00 
 2008  1266    8  0.6997675000E+00  0.5013622116E+00 
 2008  1272    8  0.6275875000E+00  0.2669270145E+00 
 2008  1278    8  0.3328800000E+00  0.4300772696E+00 
 2008  1284    8  0.8830000000E+00  0.4513796407E+00 
 2008  1290    8  0.8542000000E+00  0.7079724235E+00 
 2008  1296    8  0.7363512500E+00  0.8857839664E+00 
 2008  1302    8  0.1466825000E+01  0.9230310758E+00 
 2008  1308    8  0.2371100000E+01  0.1067704861E+01 
 2008  1314    8  0.1971550000E+01  0.1119304731E+01 
 2008  1320    8  0.1258693750E+01  0.8423725521E+00 
 2008  1326    8  0.2016500000E+01  0.7664412893E+00 
 2008  1332    8  0.1945875000E+01  0.7172653689E+00 
 2008  1338    8  0.1142387500E+01  0.5876364681E+00 
 2008  1344    8  0.1138300000E+01  0.7111232681E+00 
 2008  1350    8  0.1590812500E+01  0.6297649332E+00 
 2008  1356    8  0.1357287500E+01  0.4768656819E+00 
 2008  1362    8  0.9030875000E+00  0.5391198903E+00 
 2008  1368    8  0.1288625000E+01  0.6241686326E+00 
 2008  1374    8  0.1979375000E+01  0.5576761913E+00 
 2008  1380    8  0.1971125000E+01  0.7079774780E+00 
 2008  1386    8  0.1784825000E+01  0.9207238331E+00 
 2008  1392    8  0.1081812500E+01  0.1666834768E+01 
 2008  1398    8  0.4904225000E+00  0.6864746904E+00 
 2008  1404    8  0.1010750000E+01  0.5686165690E+00 
 2008  1410    8  0.4198500000E+00  0.1002219196E+01 
 2008  1416    8  -0.2000625000E+00  0.8525092638E+00 
 2008  1422    8  0.1908500000E+01  0.5995698458E+00 
 2008  1428    8  0.2103675000E+01  0.7493019347E+00 
 2008  1434    8  0.1464487500E+01  0.8193745136E+00 
 2008  1440    8  0.1831825000E+01  0.1003007578E+01 
 2008  1446    8  0.3024625000E+01  0.9737263396E+00 
 2008  1452    8  0.2484550000E+01  0.9266463821E+00 
 2008  1458    8  0.2359037500E+01  0.9594047034E+00 
 2008  1464    8  0.2540000000E+01  0.8797712771E+00 
 2008  1470    8  0.2801500000E+01  0.5063558531E+00 
 2008  1476    8  0.1693487500E+01  0.1194587629E+01 
 2008  1482    8  -0.4987500000E-02  0.1240753080E+01 
 2008  1488    8  -0.5368062500E+00  0.9983212529E+00 
 2008  1494    8  -0.1875187500E+01  0.9383689099E+00 
 2008  1500    8  -0.3010750000E+01  0.7507117872E+00 
 2008  1506    8  -0.2003125000E+01  0.5419581251E+00 
 2008  1512    8  -0.1783000000E+01  0.5610630535E+00 
 2008  1518    8  -0.2833262500E+00  0.3304345999E+00 
 2008  1524    8  0.9724000000E+00  0.4562304379E+00 
 2008  1530    8  0.1482050000E+00  0.6962756175E+00 
 2008  1536    8  -0.2944012500E+00  0.5911332162E+00 
 2008  1542    8  -0.1526012500E+00  0.5916839288E+00 
 2008  1548    8  0.4922862500E+00  0.7377420605E+00 
 2008  1554    8  0.6945100000E+00  0.4710862387E+00 
 2008  1560    8  0.9825500000E+00  0.4397285981E+00 
 2008  1566    8  0.1011650000E+01  0.4213605523E+00 
 2008  1572    8  0.8365250000E+00  0.9012944036E+00 
 2008  1578    8  -0.9294000000E+00  0.4002627793E+00 
 2008  1584    8  0.3551576250E+00  0.5517011781E+00 
 2008  1590    8  -0.1655500000E-01  0.2601735518E+00 
 2008  1596    8  -0.6869875000E+00  0.2005355046E+00 
 2008  1602    8  0.1203900000E+01  0.8448818542E+00 
 2008  1608    8  0.1644762500E+01  0.1022494966E+01 
 2008  1614    8  0.1146642500E+01  0.7836556553E+00 
 2008  1620    8  0.1079150000E+01  0.4945853920E+00 
 2008  1626    8  0.4585000000E-02  0.1992153036E+00 
 2008  1632    8  -0.8358800000E+00  0.7244261852E+00 
 2008  1638    8  -0.6662750000E+00  0.3215389158E+00 
 2008  1644    8  0.2021375000E-01  0.3347790721E+00 
 2008  1650    8  -0.1746096250E+01  0.1031819642E+01 
 2008  1656    8  -0.2122750000E+01  0.9363341751E+00 
 2008  1662    8  -0.2075975000E+01  0.6090271787E+00 
 2008  1668    8  -0.2580875000E+01  0.7303818244E+00 
 2008  1674    8  -0.2057125000E+01  0.2428710756E+00 
 2008  1680    8  -0.9498250000E+00  0.4398548674E+00 
 2008  1686    8  -0.3933287500E+00  0.4398645656E+00 
 2008  1692    8  0.3013125000E+00  0.5421075964E+00 
 2008  1698    8  0.3355500000E+00  0.3185813436E+00 
 2008  1704    8  -0.1322725000E+00  0.3373751588E+00 
 2008  1710    8  0.1405372500E+00  0.5835836296E+00 
 2008  1716    8  0.1081163750E+01  0.7350745333E+00 
 2008  1722    8  0.1162100000E+01  0.6539772378E+00 
 2008  1728    8  0.8759862500E+00  0.6578113096E+00 
 2008  1734    8  0.1557587500E+01  0.8649782605E+00 
 2008  1740    8  0.1242781250E+01  0.1212010662E+01 
 2008  1746    8  0.2477500000E+00  0.6749138704E+00 
 2008  1752    8  0.5688750000E-01  0.5602449563E+00 
 2008  1758    8  0.1207875000E+01  0.5519391650E+00 
 2008  1764    8  0.4114412500E+00  0.7571328461E+00 
 2008  1770    8  -0.2154625000E+00  0.8151049747E+00 
 2008  1776    8  0.9340962500E+00  0.7891718766E+00 
 2008  1782    8  0.2016537500E+01  0.7896929766E+00 
 2008  1788    8  0.2637012500E+01  0.9086551057E+00 
 2008  1794    8  0.3104875000E+01  0.7355816470E+00 
 2008  1800    8  0.3068125000E+01  0.7169015688E+00 
 2008  1806    8  0.2844250000E+01  0.8154136604E+00 
 2008  1812    8  0.2749000000E+01  0.8517730038E+00 
 2008  1818    8  0.3235375000E+01  0.9272552153E+00 
 2008  1824    8  0.3414500000E+01  0.1080846543E+01 
 2008  1830    8  0.3675375000E+01  0.1209319637E+01 
 2008  1836    8  0.3718125000E+01  0.1445362190E+01 
 2008  1842    8  0.4006750000E+01  0.1604614576E+01 
 2008  1848    8  0.4021800000E+01  0.1666336740E+01 
 2008  1854    8  0.4922062500E+01  0.2217596227E+01 
 2008  1860    8  0.6190625000E+01  0.2342451971E+01 
 2008  1866    8  0.5391500000E+01  0.1961666129E+01 
 2008  1872    8  0.5915625000E+01  0.1996358619E+01 
 2008  1878    8  0.6366000000E+01  0.2058532851E+01 
 2008  1884    8  0.5522500000E+01  0.1439532563E+01 
 2008  1890    8  0.4117875000E+01  0.1222425605E+01 
 2008  1896    8  0.4893625000E+01  0.1248404475E+01 
 2008  1902    8  0.4328500000E+01  0.8612367561E+00 
 2008  1908    8  0.2702375000E+01  0.5319753137E+00 
 2008  1914    8  0.2652500000E+01  0.6089244617E+00 
 2008  1920    8  0.3320500000E+01  0.7307990490E+00 
 2008  1926    8  0.2209925000E+01  0.9933997883E+00 
 2008  1932    8  0.1618087500E+01  0.1737283448E+01 
 2008  1938    8  0.5659987500E+00  0.1516451949E+01 
 2008  1944    8  0.1014375000E+01  0.6724760846E+00 
 2008  1950    8  0.1159737500E+01  0.8148543627E+00 
 2008  1956    8  0.1422250000E+00  0.1167068510E+01 
 2008  1962    8  -0.2380375000E-01  0.9923104621E+00 
 2008  1968    8  0.5882500000E+00  0.8476394251E+00 
 2008  1974    8  0.3347212500E+00  0.7247392681E+00 
 2008  1980    8  -0.3826125000E-01  0.8445749653E+00 
 2008  1986    8  -0.8798500000E+00  0.5797906777E+00 
 2008  1992    8  -0.9516325000E+00  0.7567386308E+00 
 2008  1998    8  -0.6493125000E+00  0.6101127856E+00 
 2008  2004    8  -0.1361262500E+00  0.4438060549E+00 
 2008  2010    8  0.8397750000E+00  0.2387397576E+00 
 2008  2016    8  0.1406087500E+01  0.3865988277E+00 
 2008  2022    8  0.1118337500E+01  0.3541183875E+00 
 2008  2028    8  0.1497700000E+01  0.3777904578E+00 
 2008  2034    8  0.1746037500E+01  0.5436877871E+00 
 2008  2040    8  0.1502662500E+01  0.6866199803E+00 
 2008  2046    8  0.1127091250E+01  0.6784796364E+00 
 2008  2052    8  0.1723275000E+01  0.8559648062E+00 
 2008  2058    8  0.1789675000E+01  0.8483802681E+00 
 2008  2064    8  0.1357862500E+01  0.6004934615E+00 
 2008  2070    8  0.9493000000E+00  0.4308798469E+00 
 2008  2076    8  0.3295896250E+00  0.4295881578E+00 
 2008  2082    8  0.1718325000E+00  0.2536662806E+00 
 2008  2088    8  -0.1621500000E+00  0.3001665329E+00 
 2008  2094    8  -0.1322037500E+00  0.2127428624E+00 
 2008  2100    8  0.2653912500E+00  0.5098377606E+00 
 2008  2106    8  -0.1939850000E+00  0.5021893419E+00 
 2008  2112    8  -0.7198375000E-01  0.3975548592E+00 
 2008  2118    8  0.5524125000E+00  0.5216577888E+00 
 2008  2124    8  0.3949500000E+00  0.4553233876E+00 
 2008  2130    8  -0.4450625000E+00  0.4557389779E+00 
 2008  2136    8  0.3120775000E+00  0.6831082034E+00 
 2008  2142    8  0.9122000000E+00  0.6337983177E+00 
 2008  2148    8  0.5973000000E+00  0.6130147041E+00 
 2008  2154    8  0.4547475000E+00  0.8507558183E+00 
 2008  2160    8  0.8174312500E+00  0.9893306345E+00 
 2008  2166    8  0.1230762500E+01  0.1084278859E+01 
 2008  2172    8  0.1304608750E+01  0.1242318384E+01 
 2008  2178    8  0.1141851250E+01  0.1247854098E+01 
 2008  2184    8  0.1452878750E+01  0.9794272799E+00 
 2008  2190    8  0.1115800000E+01  0.7901920020E+00 
 2008  2196    8  0.5379126250E+00  0.6337288904E+00 
 2008  2202    8  0.5645337500E+00  0.3361112799E+00 
 2008  2208    8  0.4890675000E+00  0.4035263127E+00 
 2008  2214    8  0.3375887500E+00  0.4765110116E+00 
 2008  2220    8  -0.1081750000E+00  0.6593236132E+00 
 2008  2226    8  -0.1114840000E+01  0.8623049992E+00 
 2008  2232    8  -0.8585375000E+00  0.7131601274E+00 
 2008  2238    8  -0.6905000000E+00  0.6964004918E+00 
 2008  2244    8  -0.1320137500E+01  0.1030357439E+01 
 2008  2250    8  -0.1716037500E+01  0.8435486411E+00 
 2008  2256    8  -0.1455278750E+01  0.9244838121E+00 
 2008  2262    8  -0.1524587500E+01  0.8764358739E+00 
 2008  2268    8  -0.1158387500E+01  0.6880883563E+00 
 2008  2274    8  0.2748750000E-01  0.6445359851E+00 
 2008  2280    8  0.5925625000E+00  0.6331402272E+00 
 2008  2286    8  0.1041337500E+01  0.4125271444E+00 
 2008  2292    8  0.2398000000E+01  0.5415309317E+00 
 2008  2298    8  0.2678500000E+01  0.6774697410E+00 
 2008  2304    8  0.2694375000E+01  0.8439256391E+00 
 2008  2310    8  0.3425625000E+01  0.1193387818E+01 
 2008  2316    8  0.3826875000E+01  0.1377105609E+01 
 2008  2322    8  0.3399250000E+01  0.1363119561E+01 
 2008  2328    8  0.3534375000E+01  0.1338893567E+01 
 2008  2334    8  0.3379000000E+01  0.1339201068E+01 
 2008  2340    8  0.3094562500E+01  0.1297099250E+01 
 2008  2346    8  0.2108426250E+01  0.1257041902E+01 
 2008  2352    8  0.2326612500E+01  0.1201594098E+01 
 2008  2358    8  0.2565525000E+01  0.1123821195E+01 
 2008  2364    8  0.2587975000E+01  0.9342820797E+00 
 2008  2370    8  0.2145125000E+01  0.1001549978E+01 
 2008  2376    8  0.2396087500E+01  0.1038208290E+01 
 2008  2382    8  0.1973512500E+01  0.9037510379E+00 
 2008  2388    8  0.1494212500E+01  0.6495332833E+00 
 2008  2394    8  0.1571700000E+01  0.7501325283E+00 
 2008  2400    8  0.1849487500E+01  0.6828213263E+00 
 2008  2406    8  0.1471812500E+01  0.5478674211E+00 
 2008  2412    8  0.1230550000E+01  0.4384748624E+00 
 2008  2418    8  0.1446737500E+01  0.4705606893E+00 
 2008  2424    8  0.1391587500E+01  0.4124576779E+00 
 2008  2430    8  0.1050050000E+01  0.3930682065E+00 
 2008  2436    8  0.9042625000E+00  0.4620923797E+00 
 2008  2442    8  0.6450625000E+00  0.3533979766E+00 
 2008  2448    8  0.7942875000E+00  0.3386210509E+00 
 2008  2454    8  0.1213800000E+01  0.4454176523E+00 
 2008  2460    8  0.1067175000E+01  0.4532497346E+00 
 2008  2466    8  0.9739625000E+00  0.5031619544E+00 
 2008  2472    8  0.1091037500E+01  0.7047763634E+00 
 2008  2478    8  0.1135537500E+01  0.8303857792E+00 
 2008  2484    8  0.7484250000E+00  0.9268770721E+00 
 2008  2490    8  0.6541987500E+00  0.8058758712E+00 
 2008  2496    8  0.1116575000E+01  0.8144046134E+00 
 2008  2502    8  0.1300487500E+01  0.9892485209E+00 
 2008  2508    8  0.7410300000E+00  0.7999753187E+00 
 2008  2514    8  0.1049625000E+01  0.8034209976E+00 
 2008  2520    8  0.1045812500E+01  0.7113601750E+00 
 2008  2526    8  0.5140762500E+00  0.4485147436E+00 
 2008  2532    8  0.5167250000E+00  0.6157377813E+00 
 2008  2538    8  0.1122912500E+00  0.4609137265E+00 
 2008  2544    8  0.2791625000E+00  0.4340303051E+00 
 2008  2550    8  0.1086262500E+01  0.5280953984E+00 
 2008  2556    8  0.1243700000E+01  0.5613397879E+00 
 2008  2562    8  0.1435537500E+01  0.7073121287E+00 
 2008  2568    8  0.1765262500E+01  0.8486810722E+00 
 2008  2574    8  0.1532850000E+01  0.6711167764E+00 
 2008  2580    8  0.1317587500E+01  0.4902906904E+00 
 2008  2586    8  0.1151787500E+01  0.5309493065E+00 
 2008  2592    8  0.9786925000E+00  0.5091913922E+00 
 2008  2598    8  0.8373875000E+00  0.3441392685E+00 
 2008  2604    8  0.8183000000E+00  0.3280279256E+00 
 2008  2610    8  0.9696250000E+00  0.5272874115E+00 
 2008  2616    8  0.1487075000E+01  0.5706011101E+00 
 2008  2622    8  0.1323525000E+01  0.4732475588E+00 
 2008  2628    8  0.1111300000E+01  0.5163339302E+00 
 2008  2634    8  0.1236158750E+01  0.6933744343E+00 
 2008  2640    8  0.2239437500E+01  0.8252556966E+00 
 2008  2646    8  0.2525225000E+01  0.9622865500E+00 
 2008  2652    8  0.2714875000E+01  0.1082415290E+01 
 2008  2658    8  0.2570625000E+01  0.1170258939E+01 
 2008  2664    8  0.2590812500E+01  0.9631265473E+00 
 2008  2670    8  0.2285500000E+01  0.8680714256E+00 
 2008  2676    8  0.1893337500E+01  0.9091986017E+00 
 2008  2682    8  0.1851912500E+01  0.9743046898E+00 
 2008  2688    8  0.1825062500E+01  0.8191645301E+00 
 2008  2694    8  0.1279687500E+01  0.5697821282E+00 
 2008  2700    8  0.1291250000E+01  0.4642566074E+00 
 2008  2706    8  0.1152137500E+01  0.5676400773E+00 
 2008  2712    8  0.1561900000E+01  0.7090869622E+00 
 2008  2718    8  0.1606550000E+01  0.6872084091E+00 
 2008  2724    8  0.1526675000E+01  0.6424504490E+00 
 2008  2730    8  0.1551687500E+01  0.7022851405E+00 
 2008  2736    8  0.1748662500E+01  0.6852786056E+00 
 2008  2742    8  0.1687700000E+01  0.6170181359E+00 
 2008  2748    8  0.1668675000E+01  0.6593129317E+00 
 2008  2754    8  0.1813150000E+01  0.7993569103E+00 
 2008  2760    8  0.1969150000E+01  0.7873126809E+00 
 2008  2766    8  0.2019612500E+01  0.6615947786E+00 
 2008  2772    8  0.1685287500E+01  0.6110814828E+00 
 2008  2778    8  0.1552850000E+01  0.6953830006E+00 
 2008  2784    8  0.2183475000E+01  0.8930608486E+00 
 2008  2790    8  0.2701000000E+01  0.1000392423E+01 
 2008  2796    8  0.2960125000E+01  0.1092637341E+01 
 2008  2802    8  0.3222250000E+01  0.1256262488E+01 
 2008  2808    8  0.3791875000E+01  0.1392359996E+01 
 2008  2814    8  0.3804500000E+01  0.1348334250E+01 
 2008  2820    8  0.3457875000E+01  0.1261775182E+01 
 2008  2826    8  0.3601237500E+01  0.1421521533E+01 
 2008  2832    8  0.3876250000E+01  0.1447387539E+01 
 2008  2838    8  0.4089125000E+01  0.1287546644E+01 
 2008  2844    8  0.3535875000E+01  0.1138535511E+01 
 2008  2850    8  0.3221250000E+01  0.9541232559E+00 
 2008  2856    8  0.2923125000E+01  0.7658527008E+00 
 2008  2862    8  0.3052500000E+01  0.7597823702E+00 
 2008  2868    8  0.2863500000E+01  0.6892544886E+00 
 2008  2874    8  0.2835750000E+01  0.6495197745E+00 
 2008  2880    8  0.2719750000E+01  0.6894981418E+00 
 2008  2886    8  0.2689000000E+01  0.6665146285E+00 
 2008  2892    8  0.2325125000E+01  0.4989565205E+00 
 2008  2898    8  0.2728875000E+01  0.6419751626E+00 
 2008  2904    8  0.3203000000E+01  0.8764204185E+00 
 2008  2910    8  0.3245500000E+01  0.8961632106E+00 
 2008  2916    8  0.2603250000E+01  0.7333387263E+00 
 2008  2922    8  0.2212550000E+01  0.6711852334E+00 
 2008  2928    8  0.2373750000E+01  0.7358477679E+00 
 2008  2934    8  0.2766625000E+01  0.7866252185E+00 
 2008  2940    8  0.2594250000E+01  0.7553146282E+00 
 2008  2946    8  0.2647250000E+01  0.8166899274E+00 
 2008  2952    8  0.3069250000E+01  0.8997968868E+00 
 2008  2958    8  0.2929500000E+01  0.8647174394E+00 
 2008  2964    8  0.2683500000E+01  0.8146635809E+00 
 2008  2970    8  0.2374187500E+01  0.7716968291E+00 
 2008  2976    8  0.2652875000E+01  0.7427633266E+00 
 2008  2982    8  0.2601250000E+01  0.6509110442E+00 
 2008  2988    8  0.2339875000E+01  0.6470252000E+00 
 2008  2994    8  0.2049900000E+01  0.6984147550E+00 
 2008  3000    8  0.1928200000E+01  0.5856542751E+00 
 2008  3006    8  0.1597150000E+01  0.4802592087E+00 
 2008  3012    8  0.1468637500E+01  0.3887114545E+00 
 2008  3018    8  0.1108412500E+01  0.3709639384E+00 
 2008  3024    8  0.1204512500E+01  0.3992833500E+00 
 2008  3030    8  0.1245075000E+01  0.4286488853E+00 
 2008  3036    8  0.1352262500E+01  0.3916296495E+00 
 2008  3042    8  0.1089512500E+01  0.4515970201E+00 
 2008  3048    8  0.1413900000E+01  0.5102632923E+00 
 2008  3054    8  0.1538212500E+01  0.4943643556E+00 
 2008  3060    8  0.1426287500E+01  0.4744549279E+00 
 2008  3066    8  0.1354575000E+01  0.5259593277E+00 
 2008  3072    8  0.1957000000E+01  0.6864490149E+00 
 2008  3078    8  0.2024250000E+01  0.6660660159E+00 
 2008  3084    8  0.1859250000E+01  0.6068224102E+00 
 2008  3090    8  0.1901450000E+01  0.7417015690E+00 
 2008  3096    8  0.2270375000E+01  0.8738021712E+00 
 2008  3102    8  0.2322750000E+01  0.9229189767E+00 
 2008  3108    8  0.1967712500E+01  0.1035834144E+01 
 2008  3114    8  0.1841562500E+01  0.9690016124E+00 
 2008  3120    8  0.2316362500E+01  0.1000811568E+01 
 2008  3126    8  0.2692750000E+01  0.9180591961E+00 
 2008  3132    8  0.2165075000E+01  0.8761510369E+00 
 2008  3138    8  0.2320675000E+01  0.8458545912E+00 
 2008  3144    8  0.2533500000E+01  0.7781577604E+00 
 2008  3150    8  0.3069750000E+01  0.8379056853E+00 
 2008  3156    8  0.3247625000E+01  0.1097325150E+01 
 2008  3162    8  0.3688250000E+01  0.1373139992E+01 
 2008  3168    8  0.4238000000E+01  0.1620211020E+01 
 2008  3174    8  0.4647000000E+01  0.1655215167E+01 
 2008  3180    8  0.4548250000E+01  0.1658436444E+01 
 2008  3186    8  0.4427625000E+01  0.1506656143E+01 
 2008  3192    8  0.4402375000E+01  0.1392753741E+01 
 2008  3198    8  0.3722625000E+01  0.1132098377E+01 
 2008  3204    8  0.3322625000E+01  0.1151118362E+01 
 2008  3210    8  0.3480875000E+01  0.1132491329E+01 
 2008  3216    8  0.3525750000E+01  0.1110395172E+01 
 2008  3222    8  0.3509750000E+01  0.1204284616E+01 
 2008  3228    8  0.3633625000E+01  0.1369200765E+01 
 2008  3234    8  0.4340875000E+01  0.1457031523E+01 
 2008  3240    8  0.4194875000E+01  0.1441095541E+01 
 2008  3246    8  0.4353500000E+01  0.1401272101E+01 
 2008  3252    8  0.4229500000E+01  0.1351783082E+01 
 2008  3258    8  0.3405250000E+01  0.1136105601E+01 
 2008  3264    8  0.2996625000E+01  0.1065808254E+01 
 2008  3270    8  0.2736750000E+01  0.8645524492E+00 
 2008  3276    8  0.2117000000E+01  0.7071069580E+00 
 2008  3282    8  0.1690875000E+01  0.6430863934E+00 
 2008  3288    8  0.1931000000E+01  0.6949305721E+00 
 2008  3294    8  0.1935625000E+01  0.7336754966E+00 
 2008  3300    8  0.1877375000E+01  0.7202994061E+00 
 2008  3306    8  0.1964000000E+01  0.8120551090E+00 
 2008  3312    8  0.2241100000E+01  0.1119462626E+01 
 2008  3318    8  0.1617712500E+01  0.1455358514E+01 
 2008  3324    8  0.1199437500E+01  0.1465700450E+01 
 2008  3330    8  0.8387250000E+00  0.8175725178E+00 
 2008  3336    8  0.1405656250E+01  0.8406704458E+00 
 2008  3342    8  0.1244625000E+01  0.1018061816E+01 
 2008  3348    8  0.1539937500E+01  0.9993000737E+00 
 2008  3354    8  0.1469235000E+01  0.9243419143E+00 
 2008  3360    8  0.1495600000E+01  0.1170437897E+01 
 2008  3366    8  0.1887112500E+01  0.1166331704E+01 
 2008  3372    8  0.1853112500E+01  0.8835682139E+00 
 2008  3378    8  0.1318212500E+01  0.7426830994E+00 
 2008  3384    8  0.1972675000E+01  0.8012314206E+00 
 2008  3390    8  0.1678275000E+01  0.7640955957E+00 
 2008  3396    8  0.1637750000E+01  0.7078611711E+00 
 2008  3402    8  0.1661712500E+01  0.7195032339E+00 
 2008  3408    8  0.1418225000E+01  0.1483480152E+01 
 2008  3414    8  0.1783750000E+00  0.1126951160E+01 
 2008  3420    8  0.4911150000E+00  0.4768268707E+00 
 2008  3426    8  0.6341308750E+00  0.6387557563E+00 
 2008  3432    8  0.2798337500E+00  0.1281235323E+01 
 2008  3438    8  -0.3071250000E-01  0.1238131866E+01 
 2008  3444    8  0.6507250000E+00  0.8921103628E+00 
 2008  3450    8  0.6064875000E+00  0.9124632725E+00 
 2008  3456    8  0.7290375000E+00  0.1011328399E+01 
 2008  3462    8  0.1042462500E+01  0.9638475475E+00 
 2008  3468    8  0.1179581250E+01  0.9479695604E+00 
 2008  3474    8  0.1301625000E+01  0.9178727455E+00 
 2008  3480    8  0.1593775000E+01  0.8241927410E+00 
 2008  3486    8  0.1923500000E+01  0.7511750795E+00 
 2008  3492    8  0.1762250000E+01  0.6444417642E+00 
 2008  3498    8  0.1969937500E+01  0.6689664807E+00 
 2008  3504    8  0.2125250000E+01  0.6984926181E+00 
 2008  3510    8  0.2239500000E+01  0.6476609838E+00 
 2008  3516    8  0.1942000000E+01  0.5337162167E+00 
 2008  3522    8  0.2089875000E+01  0.5467150623E+00 
 2008  3528    8  0.1956625000E+01  0.6184991790E+00 
 2008  3534    8  0.1583125000E+01  0.4152289843E+00 
 2008  3540    8  0.9117125000E+00  0.3359611452E+00 
 2008  3546    8  0.4633475000E+00  0.5896602952E+00 
 2008  3552    8  0.1915875000E+00  0.9877962409E+00 
 2008  3558    8  -0.9500000000E-01  0.7574697090E+00 
 2008  3564    8  -0.7737412500E+00  0.5142948934E+00 
 2008  3570    8  -0.1148550000E+01  0.4726252294E+00 
 2008  3576    8  -0.5629750000E+00  0.5402769724E+00 
 2008  3582    8  0.3933306250E+00  0.5357350424E+00 
 2008  3588    8  0.4859018750E+00  0.5702734686E+00 
 2008  3594    8  0.1014487500E+01  0.6089495226E+00 
 2008  3600    8  0.1548625000E+01  0.5889082988E+00 
 2008  3606    8  0.1139637500E+01  0.4607674412E+00 
 2008  3612    8  0.2590387500E+00  0.3242317891E+00 
 2008  3618    8  0.6577500000E+00  0.3552862367E+00 
 2008  3624    8  0.9099875000E+00  0.4290144911E+00 
 2008  3630    8  0.8589750000E+00  0.4873505765E+00 
 2008  3636    8  0.1408550000E+01  0.5684681873E+00 
 2008  3642    8  0.1957250000E+01  0.5444625217E+00 
 2008  3648    8  0.2023250000E+01  0.4367882067E+00 
 2008  3654    8  0.2044125000E+01  0.3732637933E+00 
 2008  3660    8  0.2139375000E+01  0.5236671026E+00 
 2008  3666    8  0.2169512500E+01  0.9560919744E+00 
 2008  3672    8  0.1226152500E+01  0.8167064857E+00 
 2008  3678    8  0.1175125000E+01  0.2742901919E+00 
 2008  3684    8  0.8366250000E+00  0.3790851710E+00 
 2008  3690    8  0.4897375000E+00  0.7466242913E+00 
 2008  3696    8  0.1245687500E+01  0.7975547026E+00 
 2008  3702    8  0.1325800000E+01  0.3613073899E+00 
 2008  3708    8  0.1256237500E+01  0.2920158298E+00 
 2008  3714    8  0.1453000000E+01  0.3927706074E+00 
 2008  3720    8  0.1483000000E+01  0.4304416337E+00 
 2008  3726    8  0.1671250000E+01  0.4280691387E+00 
 2008  3732    8  0.1781250000E+01  0.3524424598E+00 
 2008  3738    8  0.1499300000E+01  0.3569968907E+00 
 2008  3744    8  0.1946250000E+01  0.4244221807E+00 
 2008  3750    8  0.1752000000E+01  0.4052153748E+00 
 2008  3756    8  0.1488112500E+01  0.4083930871E+00 
 2008  3762    8  0.1289550000E+01  0.5563947857E+00 
 2008  3768    8  0.1617562500E+01  0.5747096657E+00 
 2008  3774    8  0.1504325000E+01  0.5746161670E+00 
 2008  3780    8  0.1611912500E+01  0.7350366002E+00 
 2008  3786    8  0.1895625000E+01  0.9691403017E+00 
 2008  3792    8  0.2668912500E+01  0.1041996271E+01 
 2008  3798    8  0.2558387500E+01  0.8302755724E+00 
 2008  3804    8  0.2193187500E+01  0.6979672242E+00 
 2008  3810    8  0.2030437500E+01  0.6261699768E+00 
 2008  3816    8  0.2147625000E+01  0.5425108150E+00 
 2008  3822    8  0.1637962500E+01  0.3598967697E+00 
 2008  3828    8  0.9629250000E+00  0.3032572619E+00 
 2008  3834    8  0.1215425000E+01  0.4367383735E+00 
 2008  3840    8  0.1570500000E+01  0.4737863443E+00 
 2008  3846    8  0.9174375000E+00  0.4901861558E+00 
 2008  3852    8  0.7267500000E+00  0.4667021802E+00 
 2008  3858    8  0.1311600000E+01  0.4564289129E+00 
 2008  3864    8  0.1558000000E+01  0.3345676314E+00 
 2008  3870    8  0.1395262500E+01  0.3510409981E+00 
 2008  3876    8  0.1726612500E+01  0.5962171384E+00 
 2008  3882    8  0.2202112500E+01  0.6883015608E+00 
 2008  3888    8  0.1984012500E+01  0.7084514635E+00 
 2008  3894    8  0.2205362500E+01  0.7675210550E+00 
 2008  3900    8  0.2205300000E+01  0.7073986358E+00 
 2008  3906    8  0.2458625000E+01  0.5995487756E+00 
 2008  3912    8  0.2141912500E+01  0.6071748130E+00 
 2008  3918    8  0.1992462500E+01  0.5303815111E+00 
 2008  3924    8  0.1221775000E+01  0.4808234025E+00 
 2008  3930    8  0.6908375000E+00  0.4106033120E+00 
 2008  3936    8  0.5562625000E+00  0.3301615171E+00 
 2008  3942    8  0.6491637500E+00  0.3387913491E+00 
 2008  3948    8  0.1438212500E+00  0.3293649730E+00 
 2008  3954    8  0.1353875000E-01  0.3533382714E+00 
 2008  3960    8  0.1358925000E+00  0.4459567556E+00 
 2008  3966    8  0.8331962500E+00  0.4857619724E+00 
 2008  3972    8  0.1120697500E+01  0.5195056222E+00 
 2008  3978    8  0.1818225000E+01  0.7292344646E+00 
 2008  3984    8  0.2300625000E+01  0.6170236903E+00 
 2008  3990    8  0.2115250000E+01  0.4437445070E+00 
 2008  3996    8  0.1733412500E+01  0.4585858874E+00 
 2008  4002    8  0.1702612500E+01  0.4781625258E+00 
 2008  4008    8  0.1880375000E+01  0.4754952517E+00 
 2008  4014    8  0.1815750000E+01  0.5013832741E+00 
 2008  4020    8  0.1808000000E+01  0.5418837514E+00 
 2008  4026    8  0.1870500000E+01  0.5886148996E+00 
 2008  4032    8  0.1898400000E+01  0.6134808636E+00 
 2008  4038    8  0.1807650000E+01  0.5952838462E+00 
 2008  4044    8  0.1561187500E+01  0.5353965783E+00 
 2008  4050    8  0.1347412500E+01  0.5320350704E+00 
 2008  4056    8  0.1710112500E+01  0.5623629954E+00 
 2008  4062    8  0.1703625000E+01  0.4898514922E+00 
 2008  4068    8  0.1880000000E+01  0.4401619020E+00 
 2008  4074    8  0.1892312500E+01  0.4984401254E+00 
 2008  4080    8  0.2342000000E+01  0.5439133663E+00 
 2008  4086    8  0.2338500000E+01  0.4963897158E+00 
 2008  4092    8  0.2042500000E+01  0.5103065255E+00 
 2008  4098    8  0.2106375000E+01  0.5658073739E+00 
 2008  4104    8  0.2395000000E+01  0.5137058984E+00 
 2008  4110    8  0.2043875000E+01  0.4670854947E+00 
 2008  4116    8  0.1976500000E+01  0.4626183632E+00 
 2008  4122    8  0.1893250000E+01  0.4276072234E+00 
 2008  4128    8  0.1676500000E+01  0.3316639866E+00 
 2008  4134    8  0.1447137500E+01  0.3154884821E+00 
 2008  4140    8  0.1152462500E+01  0.3247476210E+00 
 2008  4146    8  0.1160275000E+01  0.3913602073E+00 
 2008  4152    8  0.1271887500E+01  0.4343972302E+00 
 2008  4158    8  0.1208850000E+01  0.3848661001E+00 
 2008  4164    8  0.1124975000E+01  0.3641789009E+00 
 2008  4170    8  0.1275875000E+01  0.3956832311E+00 
 2008  4176    8  0.1360762500E+01  0.3694374911E+00 
 2008  4182    8  0.1269750000E+01  0.3706228744E+00 
 2008  4188    8  0.1380562500E+01  0.3783422258E+00 
 2008  4194    8  0.1215900000E+01  0.4168755000E+00 
 2008  4200    8  0.1281512500E+01  0.3606803205E+00 
 2008  4206    8  0.1159862500E+01  0.2973589957E+00 
 2008  4212    8  0.9151375000E+00  0.2855198502E+00 
 2008  4218    8  0.6977000000E+00  0.4049833021E+00 
 2008  4224    8  0.5568662500E+00  0.5378318564E+00 
 2008  4230    8  0.5943875000E+00  0.5266443497E+00 
 2008  4236    8  0.4404225000E+00  0.4990093645E+00 
 2008  4242    8  0.6289375000E+00  0.5378188355E+00 
 2008  4248    8  0.7223112500E+00  0.5298816839E+00 
 2008  4254    8  0.1120200000E+01  0.5119307985E+00 
 2008  4260    8  0.1028000000E+01  0.5886968001E+00 
 2008  4266    8  0.1466875000E+01  0.6545916948E+00 
 2008  4272    8  0.1566687500E+01  0.6069919139E+00 
 2008  4278    8  0.1773375000E+01  0.5097114226E+00 
 2008  4284    8  0.1582237500E+01  0.5193500937E+00 
 2008  4290    8  0.1921250000E+01  0.4760889491E+00 
 2008  4296    8  0.1463437500E+01  0.3943017117E+00 
 2008  4302    8  0.1492987500E+01  0.3415949006E+00 
 2008  4308    8  0.1130400000E+01  0.3700522666E+00 
 2008  4314    8  0.1470500000E+01  0.4337568443E+00 
 2008  4320    8  0.1387612500E+01  0.4980256530E+00 
 2008  4326    8  0.1485962500E+01  0.5468816690E+00 
 2008  4332    8  0.1443312500E+01  0.6106953484E+00 
 2008  4338    8  0.1754337500E+01  0.6363302581E+00 
 2008  4344    8  0.1644175000E+01  0.5884408759E+00 
 2008  4350    8  0.1804087500E+01  0.5394999338E+00 
 2008  4356    8  0.1656337500E+01  0.5036958629E+00 
 2008  4362    8  0.1425837500E+01  0.3851564745E+00 
 2008  4368    8  0.1587250000E+01  0.3380853258E+00 
 2008  4374    8  0.1171050000E+01  0.2246732739E+00 
 2008  4380    8  0.1250712500E+01  0.2026242917E+00 
 2008  4386    8  0.5931125000E+00  0.4088049151E+00 
 2008  4392    8  0.2025362500E+00  0.5721058870E+00 
 2008  4398    8  0.3681500000E+00  0.2988722135E+00 
 2008  4404    8  0.5666000000E+00  0.1680626520E+00 
 2008  4410    8  0.5455875000E+00  0.1881994383E+00 
 2008  4416    8  0.9539250000E+00  0.3118108832E+00 
 2008  4422    8  0.1037512500E+01  0.2948366431E+00 
 2008  4428    8  0.1355125000E+01  0.3156388116E+00 
 2008  4434    8  0.1096587500E+01  0.3394270777E+00 
 2008  4440    8  0.1202687500E+01  0.3300741562E+00 
 2008  4446    8  0.9222625000E+00  0.4178521088E+00 
 2008  4452    8  0.1318425000E+01  0.4577616349E+00 
 2008  4458    8  0.1008725000E+01  0.3127961786E+00 
 2008  4464    8  0.1528750000E+01  0.3799772197E+00 
 2008  4470    8  0.1371375000E+01  0.3976851573E+00 
 2008  4476    8  0.1727375000E+01  0.3665579550E+00 
 2008  4482    8  0.2109875000E+01  0.4468034908E+00 
 2008  4488    8  0.2214125000E+01  0.4706520577E+00 
 2008  4494    8  0.1940125000E+01  0.3385441026E+00 
 2008  4500    8  0.1843375000E+01  0.3133556037E+00 
 2008  4506    8  0.1541562500E+01  0.3414734102E+00 
 2008  4512    8  0.1483062500E+01  0.3453710358E+00 
 2008  4518    8  0.1469250000E+01  0.2688641618E+00 
 2008  4524    8  0.1035137500E+01  0.3153713047E+00 
 2008  4530    8  0.1123725000E+01  0.4484430364E+00 
 2008  4536    8  0.8838087500E+00  0.4637882074E+00 
 2008  4542    8  0.9701500000E+00  0.3800306040E+00 
 2008  4548    8  0.7990125000E+00  0.3106324494E+00 
 2008  4554    8  0.8986250000E+00  0.3287350329E+00 
 2008  4560    8  0.1180675000E+01  0.4174019488E+00 
 2008  4566    8  0.1120125000E+01  0.4470249455E+00 
 2008  4572    8  0.1055512500E+01  0.4327758266E+00 
 2008  4578    8  0.1487837500E+01  0.4521242748E+00 
 2008  4584    8  0.1565850000E+01  0.4444960152E+00 
 2008  4590    8  0.1464537500E+01  0.4553543097E+00 
 2008  4596    8  0.1290000000E+01  0.4330842874E+00 
 2008  4602    8  0.1318512500E+01  0.5667911111E+00 
 2008  4608    8  0.1221550000E+01  0.6804574546E+00 
 2008  4614    8  0.1228925000E+01  0.5773062592E+00 
 2008  4620    8  0.1074662500E+01  0.5285663817E+00 
 2008  4626    8  0.1135937500E+01  0.4051345330E+00 
 2008  4632    8  0.1205187500E+01  0.4204726996E+00 
 2008  4638    8  0.1424625000E+01  0.3845906712E+00 
 2008  4644    8  0.1463100000E+01  0.4571927055E+00 
 2008  4650    8  0.1787700000E+01  0.5406652661E+00 
 2008  4656    8  0.1829075000E+01  0.5666868530E+00 
 2008  4662    8  0.1901275000E+01  0.5326586894E+00 
 2008  4668    8  0.1812487500E+01  0.5525703246E+00 
 2008  4674    8  0.1964375000E+01  0.5336356288E+00 
 2008  4680    8  0.1996625000E+01  0.4624980912E+00 
 2008  4686    8  0.2085750000E+01  0.4456971365E+00 
 2008  4692    8  0.2435000000E+01  0.5176683301E+00 
 2008  4698    8  0.2469500000E+01  0.5365659326E+00 
 2008  4704    8  0.2054500000E+01  0.4973909428E+00 
 2008  4710    8  0.1701375000E+01  0.4557833744E+00 
 2008  4716    8  0.1657375000E+01  0.3201007410E+00 
 2008  4722    8  0.1259075000E+01  0.2749985261E+00 
 2008  4728    8  0.1327087500E+01  0.2618987946E+00 
 2008  4734    8  0.1066762500E+01  0.2426513906E+00 
 2008  4740    8  0.1163237500E+01  0.2827640975E+00 
 2008  4746    8  0.1057600000E+01  0.4326359353E+00 
 2008  4752    8  0.1266550000E+01  0.4543128300E+00 
 2008  4758    8  0.1008687500E+01  0.4592591138E+00 
 2008  4764    8  0.1012712500E+01  0.4180835067E+00 
 2008  4770    8  0.9637725000E+00  0.5111641725E+00 
 2008  4776    8  0.1094475000E+01  0.3755959257E+00 
 2008  4782    8  0.8882375000E+00  0.2954033257E+00 
 2008  4788    8  0.1035475000E+01  0.2389025259E+00 
 2008  4794    8  0.9232250000E+00  0.2774653210E+00 
 2008  4800    8  0.9964500000E+00  0.2589089753E+00 
 2008  4806    8  0.7763625000E+00  0.3035826368E+00 
 2008  4812    8  0.9237500000E+00  0.3504074593E+00 
 2008  4818    8  0.1152012500E+01  0.4447513110E+00 
 2008  4824    8  0.1651275000E+01  0.5261419289E+00 
 2008  4830    8  0.1378937500E+01  0.3875074352E+00 
 2008  4836    8  0.1469225000E+01  0.4075595716E+00 
 2008  4842    8  0.1959750000E+01  0.5232556139E+00 
 2008  4848    8  0.2307000000E+01  0.5506963773E+00 
 2008  4854    8  0.2021000000E+01  0.5437706318E+00 
 2008  4860    8  0.1928325000E+01  0.5421667542E+00 
 2008  4866    8  0.1639425000E+01  0.4735060341E+00 
 2008  4872    8  0.1619000000E+01  0.4036561036E+00 
 2008  4878    8  0.1228937500E+01  0.2453834292E+00 
 2008  4884    8  0.9953500000E+00  0.1104909272E+00 
 2008  4890    8  0.5092375000E+00  0.1258505556E+00 
 2008  4896    8  0.5845125000E+00  0.1945318704E+00 
 2008  4902    8  0.4295300000E+00  0.3023954857E+00 
 2008  4908    8  0.1085500000E+00  0.2749467378E+00 
 2008  4914    8  0.7900125000E+00  0.5414206785E+00 
 2008  4920    8  0.1316150000E+01  0.6789093570E+00 
 2008  4926    8  0.1274712500E+01  0.6525242130E+00 
 2008  4932    8  0.1462575000E+01  0.6616609985E+00 
 2008  4938    8  0.1720987500E+01  0.7303135635E+00 
 2008  4944    8  0.1352712500E+01  0.6184407195E+00 
 2008  4950    8  0.1529500000E+01  0.6075991689E+00 
 2008  4956    8  0.1330000000E+01  0.5745389804E+00 
 2008  4962    8  0.1097525000E+01  0.5370928708E+00 
 2008  4968    8  0.1139212500E+01  0.5150627303E+00 
 2008  4974    8  0.1183400000E+01  0.4896187828E+00 
 2008  4980    8  0.1119012500E+01  0.3943542837E+00 
 2008  4986    8  0.1280712500E+01  0.3899549507E+00 
 2008  4992    8  0.1452300000E+01  0.4346402881E+00 
 2008  4998    8  0.1430000000E+01  0.4066263641E+00 
 2008  5004    8  0.1200962500E+01  0.3488167927E+00 
 2008  5010    8  0.1277287500E+01  0.3301794188E+00 
 2008  5016    8  0.1401037500E+01  0.4334558626E+00 
 2008  5022    8  0.1394850000E+01  0.4111243212E+00 
 2008  5028    8  0.1401250000E+01  0.3357874141E+00 
 2008  5034    8  0.1559312500E+01  0.3831956858E+00 
 2008  5040    8  0.1598375000E+01  0.4919095286E+00 
 2008  5046    8  0.1259262500E+01  0.4361311928E+00 
 2008  5052    8  0.1185637500E+01  0.3927653337E+00 
 2008  5058    8  0.1112337500E+01  0.4037099452E+00 
 2008  5064    8  0.9796375000E+00  0.5173184004E+00 
 2008  5070    8  0.9527750000E+00  0.4980532822E+00 
 2008  5076    8  0.9536625000E+00  0.4930108288E+00 
 2008  5082    8  0.8244375000E+00  0.4736927114E+00 
 2008  5088    8  0.1296500000E+01  0.5499137864E+00 
 2008  5094    8  0.1180812500E+01  0.5050072065E+00 
 2008  5100    8  0.1344025000E+01  0.4516352005E+00 
 2008  5106    8  0.1524375000E+01  0.4523734457E+00 
 2008  5112    8  0.1673000000E+01  0.4764281163E+00 
 2008  5118    8  0.1747000000E+01  0.5045438534E+00 
 2008  5124    8  0.1972875000E+01  0.5200327964E+00 
 2008  5130    8  0.1979250000E+01  0.5163489009E+00 
 2008  5136    8  0.2172250000E+01  0.5675147025E+00 
 2008  5142    8  0.1945900000E+01  0.5529709938E+00 
 2008  5148    8  0.2136087500E+01  0.6530701751E+00 
 2008  5154    8  0.2069375000E+01  0.6807495754E+00 
 2008  5160    8  0.2414750000E+01  0.6623782435E+00 
 2008  5166    8  0.2388250000E+01  0.7192481752E+00 
 2008  5172    8  0.2425125000E+01  0.7174091297E+00 
 2008  5178    8  0.2057750000E+01  0.7063366319E+00 
 2008  5184    8  0.2478375000E+01  0.7493662218E+00 
 2008  5190    8  0.2365375000E+01  0.7506132389E+00 
 2008  5196    8  0.2370875000E+01  0.7390284902E+00 
 2008  5202    8  0.2151875000E+01  0.7664053166E+00 
 2008  5208    8  0.1956000000E+01  0.7184500679E+00 
 2008  5214    8  0.1726187500E+01  0.6197318945E+00 
 2008  5220    8  0.1659712500E+01  0.5501199675E+00 
 2008  5226    8  0.1361475000E+01  0.5068346248E+00 
 2008  5232    8  0.1549087500E+01  0.4996018951E+00 
 2008  5238    8  0.1321500000E+01  0.5033142656E+00 
 2008  5244    8  0.9274750000E+00  0.4145500837E+00 
 2008  5250    8  0.8265000000E+00  0.4470103215E+00 
 2008  5256    8  0.9338550000E+00  0.4666979657E+00 
 2008  5262    8  0.1224062500E+01  0.5251143326E+00 
 2008  5268    8  0.1403800000E+01  0.5707872612E+00 
 2008  5274    8  0.1690025000E+01  0.6616772282E+00 
 2008  5280    8  0.1941025000E+01  0.6693688478E+00 
 2008  5286    8  0.1848912500E+01  0.5699063990E+00 
 2008  5292    8  0.1816037500E+01  0.5451355197E+00 
 2008  5298    8  0.1730837500E+01  0.5395130071E+00 
 2008  5304    8  0.1645837500E+01  0.5348569293E+00 
 2008  5310    8  0.1626600000E+01  0.4872728907E+00 
 2008  5316    8  0.1453137500E+01  0.5265166971E+00 
 2008  5322    8  0.1425525000E+01  0.5745230299E+00 
 2008  5328    8  0.1604725000E+01  0.5274569929E+00 
 2008  5334    8  0.1959000000E+01  0.5405573513E+00 
 2008  5340    8  0.1859575000E+01  0.5576918633E+00 
 2008  5346    8  0.1719162500E+01  0.5160384044E+00 
 2008  5352    8  0.1691525000E+01  0.4650825511E+00 
 2008  5358    8  0.1813125000E+01  0.4227086578E+00 
 2008  5364    8  0.1516275000E+01  0.3873462655E+00 
 2008  5370    8  0.1304437500E+01  0.3499487460E+00 
 2008  5376    8  0.1206087500E+01  0.3117792947E+00 
 2008  5382    8  0.1485462500E+01  0.3195446719E+00 
 2008  5388    8  0.1220300000E+01  0.3232590563E+00 
 2008  5394    8  0.1196937500E+01  0.3774714457E+00 
 2008  5400    8  0.1408287500E+01  0.5196027123E+00 
 2008  5406    8  0.1297750000E+01  0.5014985045E+00 
 2008  5412    8  0.8288750000E+00  0.4955827498E+00 
 2008  5418    8  0.5917750000E+00  0.5337099253E+00 
 2008  5424    8  0.5846162500E+00  0.4872993765E+00 
 2008  5430    8  0.8073125000E+00  0.3335977497E+00 
 2008  5436    8  0.9305750000E+00  0.3130988811E+00 
 2008  5442    8  0.1025762500E+01  0.3848708125E+00 
 2008  5448    8  0.1248350000E+01  0.4670810636E+00 
 2008  5454    8  0.1033462500E+01  0.7362707840E+00 
 2008  5460    8  0.2135800000E+00  0.9322184979E+00 
 2008  5466    8  -0.2721062500E+00  0.4464431154E+00 
 2008  5472    8  0.1497225000E+01  0.6882925554E+00 
 2008  5478    8  0.1421450000E+01  0.6646669467E+00 
 2008  5484    8  0.7755933750E+00  0.9417077924E+00 
 2008  5490    8  0.9894475000E+00  0.8994004763E+00 
 2008  5496    8  0.1780150000E+01  0.4808559114E+00 
 2008  5502    8  0.1355550000E+01  0.3364160891E+00 
 2008  5508    8  0.1186025000E+01  0.5690554581E+00 
 2008  5514    8  0.3452525000E+00  0.7662619926E+00 
 2008  5520    8  0.4703737500E+00  0.7292613284E+00 
 2008  5526    8  0.1323000000E+01  0.4813511218E+00 
 2008  5532    8  0.9188500000E+00  0.7643610747E+00 
 2008  5538    8  0.2239642500E+00  0.4881963111E+00 
 2008  5544    8  0.1398375000E+01  0.4423931898E+00 
 2008  5550    8  0.1622375000E+01  0.4969353422E+00 
 2008  5556    8  0.1483400000E+01  0.4914893386E+00 
 2008  5562    8  0.1842000000E+01  0.5580315851E+00 
 2008  5568    8  0.2109375000E+01  0.5694657447E+00 
 2008  5574    8  0.1385362500E+01  0.3439734653E+00 
 2008  5580    8  0.9856875000E+00  0.4955144913E+00 
 2008  5586    8  0.2901900000E+00  0.7184271314E+00 
 2008  5592    8  0.5801875000E+00  0.5860306635E+00 
 2008  5598    8  0.7882375000E+00  0.4848376814E+00 
 2008  5604    8  0.3912400000E+00  0.5403911585E+00 
 2008  5610    8  0.3151750000E-01  0.3625520628E+00 
 2008  5616    8  0.6582875000E+00  0.2223700656E+00 
 2008  5622    8  0.1290900000E+01  0.2131461705E+00 
 2008  5628    8  0.1053625000E+01  0.2117726892E+00 
 2008  5634    8  0.1313187500E+01  0.4965265412E+00 
 2008  5640    8  0.1511300000E+01  0.6004726305E+00 
 2008  5646    8  0.1186862500E+01  0.5396648565E+00 
 2008  5652    8  0.8062500000E+00  0.4888941578E+00 
 2008  5658    8  0.6627612500E+00  0.4874859885E+00 
 2008  5664    8  0.9532125000E-01  0.2543362526E+00 
 2008  5670    8  0.4211375000E+00  0.1965025441E+00 
 2008  5676    8  0.1372050000E+00  0.2186865599E+00 
 2008  5682    8  -0.7262000000E-01  0.2553889496E+00 
 2008  5688    8  0.2196475000E+00  0.2254311431E+00 
 2008  5694    8  0.4883625000E+00  0.2340794787E+00 
 2008  5700    8  0.3491625000E+00  0.2673091466E+00 
 2008  5706    8  0.6893762500E+00  0.4165640256E+00 
 2008  5712    8  0.8119875000E+00  0.7318362102E+00 
 2008  5718    8  0.7401187500E+00  0.7192517405E+00 
 2008  5724    8  0.6623875000E+00  0.4706555121E+00 
 2008  5730    8  0.7226125000E+00  0.4971981382E+00 
 2008  5736    8  0.1010378750E+01  0.6478628126E+00 
 2008  5742    8  0.1036637500E+01  0.5887390316E+00 
 2008  5748    8  0.1300925000E+01  0.5022869467E+00 
 2008  5754    8  0.1206375000E+01  0.3770339035E+00 
 2008  5760    8  0.1572125000E+01  0.3498433355E+00 
 2008  5766    8  0.1665250000E+01  0.2650333705E+00 
 2008  5772    8  0.2028875000E+01  0.3558354386E+00 
 2008  5778    8  0.2325312500E+01  0.7154283218E+00 
 2008  5784    8  0.3053875000E+01  0.9847356800E+00 
 2008  5790    8  0.3353625000E+01  0.1034458909E+01 
 2008  5796    8  0.2867000000E+01  0.7915595366E+00 
 2008  5802    8  0.1868300000E+01  0.4932378027E+00 
 2008  5808    8  0.1545625000E+01  0.2988531987E+00 
 2008  5814    8  0.7219750000E+00  0.2840349571E+00 
 2008  5820    8  0.3625875000E+00  0.4497878734E+00 
 2008  5826    8  0.9295625000E-01  0.4488782555E+00 
 2008  5832    8  0.6251875000E+00  0.3444557317E+00 
 2008  5838    8  0.6858000000E+00  0.3372218483E+00 
 2008  5844    8  0.8204000000E+00  0.4146208780E+00 
 2008  5850    8  0.5708462500E+00  0.4186392119E+00 
 2008  5856    8  0.8527250000E+00  0.5854917671E+00 
 2008  5862    8  0.6296162500E+00  0.5757623708E+00 
 2008  5868    8  0.3213625000E+00  0.5584820698E+00 
 2008  5874    8  0.8588750000E-02  0.5777376990E+00 
 2008  5880    8  0.5243837500E+00  0.5500307115E+00 
 2008  5886    8  0.9342375000E+00  0.3292144398E+00 
 2008  5892    8  0.1208200000E+01  0.3497558184E+00 
 2008  5898    8  0.1231012500E+01  0.4131268795E+00 
 2008  5904    8  0.1600750000E+01  0.4211667574E+00 
 2008  5910    8  0.1450225000E+01  0.3873532036E+00 
 2008  5916    8  0.1301250000E+01  0.3459378701E+00 
 2008  5922    8  0.1317887500E+01  0.3864036602E+00 
 2008  5928    8  0.1277012500E+01  0.3701050541E+00 
 2008  5934    8  0.8972375000E+00  0.3932298753E+00 
 2008  5940    8  0.7409750000E+00  0.4258888991E+00 
 2008  5946    8  0.1616837500E+00  0.3406403639E+00 
 2008  5952    8  -0.1392500000E+00  0.2622472974E+00 
 2008  5958    8  0.1772562500E+00  0.2157953320E+00 
 2008  5964    8  0.3475654875E+00  0.2558355062E+00 
 2008  5970    8  0.2373312500E+00  0.2875643670E+00 
 2008  5976    8  0.9695250000E+00  0.4743005739E+00 
 2008  5982    8  0.1501212500E+01  0.6152267152E+00 
 2008  5988    8  0.1379975000E+01  0.5498105918E+00 
 2008  5994    8  0.1711750000E+01  0.5189948820E+00 
 2008  6000    8  0.1441312500E+01  0.3849391947E+00 
 2008  6006    8  0.9781875000E+00  0.2453354664E+00 
 2008  6012    8  0.6676200000E+00  0.4477100142E+00 
 2008  6018    8  0.5010962500E+00  0.5328783851E+00 
 2008  6024    8  0.2663200000E+00  0.7663361135E+00 
 2008  6030    8  -0.4916550000E+00  0.8367318383E+00 
 2008  6036    8  -0.8577750000E+00  0.1888911906E+00 
 2008  6042    8  0.1139637500E+00  0.2330743859E+00 
 2008  6048    8  -0.5176750000E+00  0.3618247150E+00 
 2008  6054    8  -0.1577787500E+00  0.1847717637E+00 
 2008  6060    8  0.1267825000E+01  0.3707868045E+00 
 2008  6066    8  0.1084162500E+01  0.4469364383E+00 
 2008  6072    8  0.1592000000E+01  0.4653251551E+00 
 2008  6078    8  0.2224500000E+01  0.4090858712E+00 
 2008  6084    8  0.1524737500E+01  0.6445685862E+00 
 2008  6090    8  0.4883837500E+00  0.3030277963E+00 
 2008  6096    8  0.5602500000E-02  0.2109123015E+00 
 2008  6102    8  -0.8176162500E+00  0.5180243808E+00 
 2008  6108    8  -0.8241625000E+00  0.4196158271E+00 
 2008  6114    8  0.1252975000E+00  0.5267028148E+00 
 2008  6120    8  0.1144221250E+01  0.7672920605E+00 
 2008  6126    8  0.1683425000E+01  0.8353054991E+00 
 2008  6132    8  0.1785725000E+01  0.1016332213E+01 
 2008  6138    8  0.1558462500E+01  0.7561505752E+00 
 2008  6144    8  0.1230362500E+01  0.3851832938E+00 
 2008  6150    8  0.9192625000E+00  0.2298036659E+00 
 2008  6156    8  0.6501250000E+00  0.2568934543E+00 
 2008  6162    8  0.3857825000E+00  0.1959151274E+00 
 2008  6168    8  0.6925500000E+00  0.2104622531E+00 
 2008  6174    8  0.8396000000E+00  0.2563536181E+00 
 2008  6180    8  0.1057762500E+01  0.2787185271E+00 
 2008  6186    8  0.1071287500E+01  0.3252106834E+00 
 2008  6192    8  0.1314525000E+01  0.3520449962E+00 
 2008  6198    8  0.1687825000E+01  0.5392283972E+00 
 2008  6204    8  0.1920937500E+01  0.7812522975E+00 
 2008  6210    8  0.1806487500E+01  0.9028404004E+00 
 2008  6216    8  0.2004750000E+01  0.1060735353E+01 
 2008  6222    8  0.1862325000E+01  0.9314672777E+00 
 2008  6228    8  0.1024237500E+01  0.4042043695E+00 
 2008  6234    8  -0.8005000000E-02  0.3616941152E+00 
 2008  6240    8  0.9402000000E+00  0.6016599912E+00 
 2008  6246    8  0.1196950000E+01  0.6970362867E+00 
 2008  6252    8  0.1768837500E+01  0.8746426155E+00 
 2008  6258    8  0.1589025000E+01  0.1161610471E+01 
 2008  6264    8  0.5934475000E+00  0.6760130437E+00 
 2008  6270    8  0.2347750000E+00  0.2620279649E+00 
 2008  6276    8  0.9666375000E-01  0.1743921336E+00 
 2008  6282    8  0.2153047500E+00  0.2682726115E+00 
 2008  6288    8  0.2842998750E+00  0.2518236805E+00 
 2008  6294    8  0.2942750000E+00  0.4156795333E+00 
 2008  6300    8  0.7098162500E+00  0.5647575011E+00 
 2008  6306    8  0.1484812500E+01  0.6121629776E+00 
 2008  6312    8  0.2236850000E+01  0.7926511260E+00 
 2008  6318    8  0.2487262500E+01  0.1043759087E+01 
 2008  6324    8  0.2646175000E+01  0.1168895810E+01 
 2008  6330    8  0.2070937500E+01  0.1137815957E+01 
 2008  6336    8  0.1141650000E+01  0.8754748797E+00 
 2008  6342    8  0.8975375000E+00  0.3863218475E+00 
 2008  6348    8  0.7375750000E+00  0.1534633731E+00 
 2008  6354    8  0.8379500000E+00  0.2068742432E+00 
 2008  6360    8  0.7713375000E+00  0.3605218542E+00 
 2008  6366    8  0.7951625000E+00  0.3245085089E+00 
 2008  6372    8  0.6509287500E+00  0.6389182108E+00 
 2008  6378    8  0.1361362500E+01  0.8235298020E+00 
 2008  6384    8  0.1240375000E+01  0.8638409326E+00 
 2008  6390    8  0.1571025000E+01  0.8037399498E+00 
 2008  6396    8  0.1374030000E+01  0.9053604546E+00 
 2008  6402    8  0.9754250000E+00  0.8450379411E+00 
 2008  6408    8  0.7251625000E+00  0.6242015839E+00 
 2008  6414    8  0.9688137500E+00  0.5325172275E+00 
 2008  6420    8  0.7532750000E+00  0.5295719043E+00 
 2008  6426    8  0.6944500000E+00  0.6070716988E+00 
 2008  6432    8  0.1364425000E+01  0.6945772073E+00 
 2008  6438    8  0.1780350000E+01  0.7448147135E+00 
 2008  6444    8  0.1800462500E+01  0.9559847657E+00 
 2008  6450    8  0.2186575000E+01  0.1129608899E+01 
 2008  6456    8  0.2006062500E+01  0.1167844098E+01 
 2008  6462    8  0.2018387500E+01  0.9896157214E+00 
 2008  6468    8  0.1456337500E+01  0.8443817693E+00 
 2008  6474    8  0.9676762500E+00  0.6909940396E+00 
 2008  6480    8  0.6829377500E+00  0.5587446981E+00 
 2008  6486    8  0.5929762500E+00  0.5271603062E+00 
 2008  6492    8  0.5256075000E+00  0.6585176929E+00 
 2008  6498    8  0.1111551250E+01  0.7719299760E+00 
 2008  6504    8  0.1382387500E+01  0.6498898011E+00 
 2008  6510    8  0.1190762500E+01  0.4745255840E+00 
 2008  6516    8  0.1312125000E+01  0.5083319554E+00 
 2008  6522    8  0.1323750000E+01  0.4977078134E+00 
 2008  6528    8  0.1336112500E+01  0.4828741954E+00 
 2008  6534    8  0.9956750000E+00  0.4260803761E+00 
 2008  6540    8  0.8141875000E+00  0.2646555376E+00 
 2008  6546    8  0.9862550000E+00  0.6289677374E+00 
 2008  6552    8  0.1550287500E+01  0.5942714015E+00 
 2008  6558    8  0.1655312500E+01  0.5140294822E+00 
 2008  6564    8  0.1398350000E+01  0.4521298099E+00 
 2008  6570    8  0.4953550000E+00  0.3711357456E+00 
 2008  6576    8  0.7710250000E+00  0.4339481010E+00 
 2008  6582    8  0.7881750000E+00  0.3416730665E+00 
 2008  6588    8  0.5790625000E+00  0.3309891688E+00 
 2008  6594    8  0.8234375000E+00  0.4360546438E+00 
 2008  6600    8  0.1191662500E+01  0.5033574822E+00 
 2008  6606    8  0.1184987500E+01  0.4488520927E+00 
 2008  6612    8  0.1364925000E+01  0.4197695283E+00 
 2008  6618    8  0.1256450000E+01  0.4939840534E+00 
 2008  6624    8  0.1430875000E+01  0.8339264053E+00 
 2008  6630    8  0.1518617500E+01  0.9493128795E+00 
 2008  6636    8  0.2123875000E+01  0.6835938921E+00 
 2008  6642    8  0.2923125000E+01  0.6746281267E+00 
 2008  6648    8  0.1970125000E+01  0.4725837062E+00 
 2008  6654    8  0.9029125000E+00  0.6292633440E+00 
 2008  6660    8  0.3873375000E+00  0.5852108144E+00 
 2008  6666    8  -0.6111600000E+00  0.2691062582E+00 
 2008  6672    8  -0.7542875000E+00  0.3788898238E+00 
 2008  6678    8  -0.1315825000E+01  0.5979412445E+00 
 2008  6684    8  -0.1755025000E+01  0.4318804862E+00 
 2008  6690    8  -0.1035262500E+01  0.4215869333E+00 
 2008  6696    8  -0.2415212500E+00  0.5682611052E+00 
 2008  6702    8  0.6696875000E+00  0.6451548214E+00 
 2008  6708    8  0.7398500000E+00  0.6894614057E+00 
 2008  6714    8  0.8465975000E+00  0.4984785206E+00 
 2008  6720    8  0.8451750000E+00  0.3943303968E+00 
 2008  6726    8  0.7392375000E+00  0.2796744042E+00 
 2008  6732    8  0.1231425000E+00  0.4357513888E+00 
 2008  6738    8  0.1094875000E+00  0.5564141543E+00 
 2008  6744    8  -0.2554250000E+00  0.4176785240E+00 
 2008  6750    8  0.1785912500E+00  0.3670812990E+00 
 2008  6756    8  0.8160750000E+00  0.5850704183E+00 
 2008  6762    8  -0.9285212500E-01  0.3969558709E+00 
 2008  6768    8  0.4884812500E-01  0.4196919245E+00 
 2008  6774    8  0.1400137500E+01  0.5971360501E+00 
 2008  6780    8  0.1204800000E+01  0.7331508627E+00 
 2008  6786    8  0.1248200000E+01  0.6729163451E+00 
 2008  6792    8  0.1844800000E+01  0.6249653030E+00 
 2008  6798    8  0.9797500000E+00  0.4699875317E+00 
 2008  6804    8  -0.3675862500E+00  0.2305830714E+00 
 2008  6810    8  -0.2208837500E+00  0.1598768324E+00 
 2008  6816    8  -0.3889637500E+00  0.2306566809E+00 
 2008  6822    8  -0.6815550000E+00  0.3473757471E+00 
 2008  6828    8  -0.4560250000E+00  0.4367477697E+00 
 2008  6834    8  0.5200000000E-02  0.5170422565E+00 
 2008  6840    8  0.5227125000E+00  0.6944254666E+00 
 2008  6846    8  0.1529050000E+01  0.9657335644E+00 
 2008  6852    8  0.1501662500E+01  0.1065198314E+01 
 2008  6858    8  0.1039475000E+01  0.9629719930E+00 
 2008  6864    8  0.9985125000E+00  0.9697461710E+00 
 2008  6870    8  0.1066375000E+01  0.8293871438E+00 
 2008  6876    8  0.5869875000E+00  0.4848139087E+00 
 2008  6882    8  0.4293412500E+00  0.4481112308E+00 
 2008  6888    8  0.9276700000E+00  0.4802817942E+00 
 2008  6894    8  0.1504725000E+01  0.6127670678E+00 
 2008  6900    8  0.2264737500E+01  0.8368398786E+00 
 2008  6906    8  0.1906325000E+01  0.9517952455E+00 
 2008  6912    8  0.1557450000E+01  0.5833714661E+00 
 2008  6918    8  0.1129612500E+01  0.3255146557E+00 
 2008  6924    8  0.9271500000E+00  0.2847550482E+00 
 2008  6930    8  0.1448525000E+00  0.1614565383E+00 
 2008  6936    8  0.4917500000E-01  0.1952275279E+00 
 2008  6942    8  0.3084500000E+00  0.4727758428E+00 
 2008  6948    8  0.7792587500E+00  0.4434869915E+00 
 2008  6954    8  0.1203400000E+01  0.5257561055E+00 
 2008  6960    8  0.1466487500E+01  0.5421612939E+00 
 2008  6966    8  0.9835750000E+00  0.4087935443E+00 
 2008  6972    8  0.9198500000E+00  0.4401811445E+00 
 2008  6978    8  0.3055400000E+00  0.5222266302E+00 
 2008  6984    8  0.6700750000E-01  0.4879770700E+00 
 2008  6990    8  0.7065762500E+00  0.3987614023E+00 
 2008  6996    8  0.8734250000E+00  0.4284945412E+00 
 2008  7002    8  0.7202625000E+00  0.4421306988E+00 
 2008  7008    8  0.1189250000E+01  0.5136228821E+00 
 2008  7014    8  0.1827812500E+01  0.6950393846E+00 
 2008  7020    8  0.2020437500E+01  0.9677996124E+00 
 2008  7026    8  0.2425662500E+01  0.1216194915E+01 
 2008  7032    8  0.2465637500E+01  0.1270782503E+01 
 2008  7038    8  0.2404425000E+01  0.1043830094E+01 
 2008  7044    8  0.1708537500E+01  0.7414847755E+00 
 2008  7050    8  0.1661975000E+01  0.5927903123E+00 
 2008  7056    8  0.1682275000E+01  0.4504123437E+00 
 2008  7062    8  0.1765500000E+01  0.4717801395E+00 
 2008  7068    8  0.9993250000E+00  0.4453335625E+00 
 2008  7074    8  0.5285625000E+00  0.2883250333E+00 
 2008  7080    8  0.3235137500E+00  0.2857037081E+00 
 2008  7086    8  0.1766175000E+01  0.7488471686E+00 
 2008  7092    8  0.2716125000E+01  0.1499819359E+01 
 2008  7098    8  0.3682251250E+01  0.2051253037E+01 
 2008  7104    8  0.4191683750E+01  0.2328708487E+01 
 2008  7110    8  0.4672762500E+01  0.2295449241E+01 
 2008  7116    8  0.4351775000E+01  0.2124458673E+01 
 2008  7122    8  0.3072762500E+01  0.1776185279E+01 
 2008  7128    8  0.2403575000E+01  0.1543064654E+01 
 2008  7134    8  0.2009933750E+01  0.1115615664E+01 
 2008  7140    8  0.1910150000E+01  0.1067488294E+01 
 2008  7146    8  0.1975987500E+01  0.8984138529E+00 
 2008  7152    8  0.1589087500E+01  0.5883504513E+00 
 2008  7158    8  0.2032775000E+01  0.7041788156E+00 
 2008  7164    8  0.2805125000E+01  0.8708853882E+00 
 2008  7170    8  0.2809250000E+01  0.7649654812E+00 
 2008  7176    8  0.2810500000E+01  0.6753021546E+00 
 2008  7182    8  0.2866250000E+01  0.5363214405E+00 
 2008  7188    8  0.2781625000E+01  0.5346790948E+00 
 2008  7194    8  0.2365500000E+01  0.5064210205E+00 
 2008  7200    8  0.2148125000E+01  0.4430257999E+00 
 2008  7206    8  0.3086000000E+01  0.6231161609E+00 
 2008  7212    8  0.2830125000E+01  0.6367468959E+00 
 2008  7218    8  0.2964375000E+01  0.7328459827E+00 
 2008  7224    8  0.2758625000E+01  0.8423416672E+00 
 2008  7230    8  0.2719125000E+01  0.7721198802E+00 
 2008  7236    8  0.2217250000E+01  0.5214510404E+00 
 2008  7242    8  0.1942500000E+01  0.4636075927E+00 
 2008  7248    8  0.2222125000E+01  0.5310227014E+00 
 2008  7254    8  0.2058250000E+01  0.5679138909E+00 
 2008  7260    8  0.1983675000E+01  0.7689490161E+00 
 2008  7266    8  0.1951800000E+01  0.8252233819E+00 
 2008  7272    8  0.2308375000E+01  0.6902854369E+00 
 2008  7278    8  0.1741350000E+01  0.4641055456E+00 
 2008  7284    8  0.1666125000E+01  0.3355646128E+00 
 2008  7290    8  0.1750875000E+01  0.3999891991E+00 
 2008  7296    8  0.1949887500E+01  0.6045400637E+00 
 2008  7302    8  0.1789250000E+01  0.7645774715E+00 
 2008  7308    8  0.1438500000E+01  0.7527651427E+00 
 2008  7314    8  0.1192175000E+01  0.8593126872E+00 
 2008  7320    8  -0.5239625000E+00  0.8642589556E+00 
 2008  7326    8  -0.1168525000E+01  0.9974882051E+00 
 2008  7332    8  -0.1572900000E+01  0.4127424378E+00 
 2008  7338    8  -0.2103250000E+01  0.5425805816E+00 
 2008  7344    8  -0.1626250000E+01  0.4989255330E+00 
 2008  7350    8  0.1624926250E+00  0.2745661140E+00 
 2008  7356    8  0.5517750000E+00  0.2938115372E+00 
 2008  7362    8  0.7484250000E+00  0.3595981672E+00 
 2008  7368    8  -0.3036212500E-01  0.4617540276E+00 
 2008  7374    8  -0.1755250000E+00  0.1121300163E+01 
 2008  7380    8  0.7277750000E+00  0.1210398353E+01 
 2008  7386    8  0.9483960000E+00  0.8651345760E+00 
 2008  7392    8  0.1163662500E+01  0.8877203233E+00 
 2008  7398    8  0.1074662500E+01  0.8046597215E+00 
 2008  7404    8  -0.5564750000E+00  0.7584065759E+00 
 2008  7410    8  0.3250250000E+00  0.2357555500E+00 
 2008  7416    8  0.3301901250E+00  0.2946439686E+00 
 2008  7422    8  0.7981750000E+00  0.4138102003E+00 
 2008  7428    8  0.1837950000E+01  0.8035442489E+00 
 2008  7434    8  0.1800975000E+01  0.7769036970E+00 
 2008  7440    8  0.1252450000E+01  0.5388344806E+00 
 2008  7446    8  0.1077862500E+01  0.3649570144E+00 
 2008  7452    8  0.5699125000E+00  0.1803223741E+00 
 2008  7458    8  0.3657625000E+00  0.1600402913E+00 
 2008  7464    8  0.5826100000E+00  0.4161570385E+00 
 2008  7470    8  0.1273950000E+01  0.5777333360E+00 
 2008  7476    8  0.9846537500E+00  0.6612911010E+00 
 2008  7482    8  0.9274350000E+00  0.7686026783E+00 
 2008  7488    8  0.1195362500E+01  0.7815643031E+00 
 2008  7494    8  0.1122275000E+01  0.4382276941E+00 
 2008  7500    8  0.9269625000E+00  0.4079611346E+00 
 2008  7506    8  0.1311800000E+01  0.4231616830E+00 
 2008  7512    8  0.1167925000E+01  0.4091128871E+00 
 2008  7518    8  0.1387862500E+01  0.4491348153E+00 
 2008  7524    8  0.1305987500E+01  0.4299921291E+00 
 2008  7530    8  0.1544225000E+01  0.4195824167E+00 
 2008  7536    8  0.1209612500E+01  0.4357525801E+00 
 2008  7542    8  0.1068975000E+01  0.3831594471E+00 
 2008  7548    8  0.9095125000E+00  0.3419317017E+00 
 2008  7554    8  0.5516975000E+00  0.3385554416E+00 
 2008  7560    8  0.4962937500E+00  0.3411696613E+00 
 2008  7566    8  0.5016250000E+00  0.3744249783E+00 
 2008  7572    8  0.3240168750E+00  0.5100486070E+00 
 2008  7578    8  0.3498037500E+00  0.4811260933E+00 
 2008  7584    8  0.1485813000E+00  0.2901578790E+00 
 2008  7590    8  -0.2394000000E+00  0.2307662399E+00 
 2008  7596    8  -0.6267425000E+00  0.2522627899E+00 
 2008  7602    8  -0.8876125000E+00  0.2828066983E+00 
 2008  7608    8  -0.8895625000E+00  0.2638749369E+00 
 2008  7614    8  0.1813250000E+00  0.5296531170E+00 
 2008  7620    8  0.7092375000E+00  0.7131463436E+00 
 2008  7626    8  0.1231891250E+01  0.7718671999E+00 
 2008  7632    8  0.1563950000E+01  0.8286535449E+00 
 2008  7638    8  0.2184937500E+01  0.9705459301E+00 
 2008  7644    8  0.2177037500E+01  0.1008011835E+01 
 2008  7650    8  0.2132387500E+01  0.9575674394E+00 
 2008  7656    8  0.2086137500E+01  0.9119193124E+00 
 2008  7662    8  0.2012212500E+01  0.7607417374E+00 
 2008  7668    8  0.1878337500E+01  0.5407503327E+00 
 2008  7674    8  0.2192625000E+01  0.5938505573E+00 
 2008  7680    8  0.1923125000E+01  0.6295110081E+00 
 2008  7686    8  0.1577050000E+01  0.4270357333E+00 
 2008  7692    8  0.1553500000E+01  0.3532166474E+00 
 2008  7698    8  0.1070372500E+01  0.5344324184E+00 
 2008  7704    8  0.1690902500E+01  0.8619490864E+00 
 2008  7710    8  0.1360787500E+01  0.1640860189E+01 
 2008  7716    8  0.1147272500E+01  0.1034171369E+01 
 2008  7722    8  0.1142050000E+01  0.4249286764E+00 
 2008  7728    8  0.3864250000E+00  0.1749386732E+00 
 2008  7734    8  -0.1878462500E+00  0.6560717060E+00 
 2008  7740    8  0.4459000000E+00  0.5202484118E+00 
 2008  7746    8  0.6365400000E+00  0.5033999610E+00 
 2008  7752    8  0.7765387500E+00  0.6210828471E+00 
 2008  7758    8  0.1427781000E+01  0.7239468528E+00 
 2008  7764    8  0.6317800000E+00  0.6275769744E+00 
 2008  7770    8  0.3743686250E+00  0.4294322837E+00 
 2008  7776    8  0.4208212500E+00  0.7150593812E+00 
 2008  7782    8  -0.6407875000E+00  0.1351985646E+01 
 2008  7788    8  -0.2047125000E+01  0.1864514791E+01 
 2008  7794    8  -0.2015136250E+01  0.1574972988E+01 
 2008  7800    8  -0.1705817500E+01  0.1292690134E+01 
 2008  7806    8  -0.1127112500E+01  0.1526500615E+01 
 2008  7812    8  -0.1322825000E+01  0.1496959903E+01 
 2008  7818    8  -0.2933250000E+00  0.9937422789E+00 
 2008  7824    8  0.7561625000E+00  0.3213160980E+00 
 2008  7830    8  0.9990750000E+00  0.2606379949E+00 
 2008  7836    8  0.1458975000E+01  0.3448075614E+00 
 2008  7842    8  -0.2202000000E+00  0.1902901664E+01 
 2008  7848    8  0.4181250000E-01  0.1345298556E+01 
 2008  7854    8  0.4850625000E+00  0.3247485679E+00 
 2008  7860    8  -0.7896762500E-01  0.2958440036E+00 
 2008  7866    8  -0.1637825000E+01  0.9519918681E+00 
 2008  7872    8  -0.1139306250E+01  0.1102963939E+01 
 2008  7878    8  0.5701750000E+00  0.6277774302E+00 
 2008  7884    8  0.7099375000E+00  0.4069330502E+00 
 2008  7890    8  0.8579875000E+00  0.3496148146E+00 
 2008  7896    8  0.6939000000E+00  0.4997283012E+00 
 2008  7902    8  -0.7783750000E-01  0.5940581136E+00 
 2008  7908    8  0.5118100000E+00  0.7828220054E+00 
 2008  7914    8  0.4664912500E+00  0.5776757906E+00 
 2008  7920    8  0.1221400000E+01  0.5857742569E+00 
 2008  7926    8  0.2131237500E+01  0.7190735149E+00 
 2008  7932    8  0.2618000000E+01  0.7691763452E+00 
 2008  7938    8  0.3077125000E+01  0.9665914904E+00 
 2008  7944    8  0.4068875000E+01  0.1289146465E+01 
 2008  7950    8  0.4093750000E+01  0.1192569469E+01 
 2008  7956    8  0.3291250000E+01  0.8601923840E+00 
 2008  7962    8  0.2396125000E+01  0.3842406269E+00 
 2008  7968    8  0.2472875000E+01  0.2918614558E+00 
 2008  7974    8  0.2051625000E+01  0.2849583029E+00 
 2008  7980    8  0.1165300000E+01  0.2675457718E+00 
 2008  7986    8  0.1236312500E+01  0.3049246605E+00 
 2008  7992    8  0.7652500000E+00  0.2463851609E+00 
 2008  7998    8  0.5373775000E+00  0.3011438079E+00 
 2008  8004    8  0.8937000000E+00  0.3873507906E+00 
 2008  8010    8  0.9060750000E+00  0.6698476333E+00 
 2008  8016    8  0.9502687500E+00  0.7857105259E+00 
 2008  8022    8  0.8394250000E+00  0.3065915595E+00 
 2008  8028    8  0.6577250000E+00  0.3548853538E+00 
 2008  8034    8  0.8334125000E+00  0.4377026457E+00 
 2008  8040    8  0.2887800000E+00  0.4218668792E+00 
 2008  8046    8  0.7851750000E+00  0.2121181378E+00 
 2008  8052    8  0.1672462500E+01  0.4403755753E+00 
 2008  8058    8  0.2055787500E+01  0.5109013761E+00 
 2008  8064    8  0.1333425000E+01  0.9182900764E+00 
 2008  8070    8  0.8832750000E+00  0.5622074723E+00 
 2008  8076    8  0.1217475000E+01  0.3509207558E+00 
 2008  8082    8  0.4284125000E+00  0.2681560201E+00 
 2008  8088    8  -0.4566212500E+00  0.6986306110E+00 
 2008  8094    8  -0.1183712500E+00  0.3744764122E+00 
 2008  8100    8  0.3658125000E+00  0.3253228298E+00 
 2008  8106    8  0.8753000000E+00  0.5077956257E+00 
 2008  8112    8  0.9375000000E-03  0.5911893202E+00 
 2008  8118    8  0.1986587500E+00  0.6631833632E+00 
 2008  8124    8  0.5976250000E+00  0.7943010099E+00 
 2008  8130    8  0.1039637500E+01  0.7163538213E+00 
 2008  8136    8  0.9755750000E+00  0.7608000883E+00 
 2008  8142    8  0.8177550000E+00  0.4428242469E+00 
 2008  8148    8  -0.6419625000E-01  0.2628082215E+00 
 2008  8154    8  0.1627712500E-01  0.2701607124E+00 
 2008  8160    8  -0.3526875000E+00  0.5971697025E+00 
 2008  8166    8  0.3495550000E+00  0.3936278231E+00 
 2008  8172    8  0.8945625000E+00  0.4630261627E+00 
 2008  8178    8  0.1668412500E+01  0.7514817304E+00 
 2008  8184    8  0.1068343750E+01  0.6446169916E+00 
 2008  8190    8  0.2283862500E+01  0.6932873916E+00 
 2008  8196    8  0.2140762500E+01  0.6830667572E+00 
 2008  8202    8  0.1756387500E+01  0.6211732054E+00 
 2008  8208    8  0.2011587500E+01  0.7505387506E+00 
 2008  8214    8  0.1369587500E+01  0.1733426799E+01 
 2008  8220    8  -0.2550412500E+01  0.1909812377E+01 
 2008  8226    8  -0.3090037500E+01  0.1746420921E+01 
 2008  8232    8  -0.3859500000E+01  0.1554598260E+01 
 2008  8238    8  -0.3992500000E+01  0.1411737670E+01 
 2008  8244    8  -0.3888625000E+01  0.1414258104E+01 
 2008  8250    8  -0.2733250000E+01  0.1030534418E+01 
 2008  8256    8  -0.1074125000E+01  0.4300473891E+00 
 2008  8262    8  0.9026087500E+00  0.7061623863E+00 
 2008  8268    8  0.5122625000E+00  0.8149108324E+00 
 2008  8274    8  0.5792550000E+00  0.6441019948E+00 
 2008  8280    8  -0.7990125000E+00  0.3639421672E+00 
 2008  8286    8  -0.2868075000E+01  0.1098690853E+01 
 2008  8292    8  -0.3763750000E+01  0.1328508162E+01 
 2008  8298    8  -0.2783250000E+01  0.7190442876E+00 
 2008  8304    8  -0.1228550000E+01  0.3351979975E+00 
 2008  8310    8  0.7804375000E+00  0.5849024191E+00 
 2008  8316    8  0.1169912500E+01  0.8908011807E+00 
 2008  8322    8  0.1931950000E+00  0.3724261914E+00 
 2008  8328    8  0.2927400000E+00  0.5204078340E+00 
 2008  8334    8  -0.3548512500E+00  0.7414601283E+00 
 2008  8340    8  -0.7087500000E-01  0.9796431171E+00 
 2008  8346    8  -0.1793737500E+01  0.8894062977E+00 
 2008  8352    8  -0.2750000000E+01  0.7061672960E+00 
 2008  8358    8  -0.1424300000E+01  0.6251325279E+00 
 2008  8364    8  -0.1636487500E+01  0.6803630601E+00 
 2008  8370    8  -0.9145662500E+00  0.5711745202E+00 
 2008  8376    8  0.7468537500E+00  0.1339234849E+01 
 2008  8382    8  0.1173592500E+01  0.1262863547E+01 
 2008  8388    8  0.5563125000E+00  0.1232148501E+01 
 2008  8394    8  0.5480425000E+00  0.1195892301E+01 
 2008  8400    8  0.7444750000E-01  0.2938586502E+00 
 2008  8406    8  -0.7513000000E+00  0.4031465118E+00 
 2008  8412    8  -0.1521125000E+01  0.2583933230E+00 
 2008  8418    8  -0.1437437500E+01  0.3830843117E+00 
 2008  8424    8  -0.3147250000E+01  0.7729174843E+00 
 2008  8430    8  -0.2297125000E+01  0.6344039402E+00 
 2008  8436    8  -0.1145025000E+01  0.3301285157E+00 
 2008  8442    8  -0.2229612500E+00  0.3931909400E+00 
 2008  8448    8  -0.2071801250E+00  0.5674471460E+00 
 2008  8454    8  -0.2631550000E+00  0.3702553137E+00 
 2008  8460    8  -0.1607075000E+01  0.4906987257E+00 
 2008  8466    8  -0.5896125000E+00  0.6922419112E+00 
 2008  8472    8  0.6723500000E+00  0.8996904579E+00 
 2008  8478    8  -0.7819073750E+00  0.7046542157E+00 
 2008  8484    8  -0.8784625000E+00  0.4068510844E+00 
 2008  8490    8  -0.8002625000E+00  0.2729276824E+00 
 2008  8496    8  -0.2759375000E+01  0.7638782523E+00 
 2008  8502    8  -0.2191200000E+01  0.6988347301E+00 
 2008  8508    8  -0.1619012500E+01  0.8731507465E+00 
 2008  8514    8  -0.6821625000E+00  0.8410746562E+00 
 2008  8520    8  0.1544500000E+00  0.1257337165E+01 
 2008  8526    8  0.1713875000E+01  0.1375672417E+01 
 2008  8532    8  0.1542575000E+01  0.1264784054E+01 
 2008  8538    8  0.1492362500E+01  0.9838930937E+00 
 2008  8544    8  0.1622400000E+01  0.8339290482E+00 
 2008  8550    8  0.2140025000E+01  0.6992519963E+00 
 2008  8556    8  0.2478837500E+01  0.1063922065E+01 
 2008  8562    8  0.4342375000E+00  0.3187783289E+01 
 2008  8568    8  -0.2760987500E+01  0.1266840351E+01 
 2008  8574    8  -0.4464625000E+01  0.2039438890E+01 
 2008  8580    8  -0.7076625000E+01  0.2508772605E+01 
 2008  8586    8  -0.8249875000E+01  0.2766480229E+01 
 2008  8592    8  -0.4991875000E+01  0.2033359870E+01 
 2008  8598    8  -0.2035875000E+01  0.5065961008E+00 
 2008  8604    8  -0.9625125000E+00  0.1501836472E+01 
 2008  8610    8  0.9665500000E+00  0.1044176357E+01 
 2008  8616    8  0.1854087500E+00  0.4049740032E+00 
 2008  8622    8  -0.1016100000E+01  0.3033437489E+00 
 2008  8628    8  -0.9093125000E+00  0.4120506232E+00 
 2008  8634    8  -0.1588237500E+01  0.1467004901E+01 
 2008  8640    8  -0.4525750000E+01  0.1794374665E+01 
 2008  8646    8  -0.3236375000E+01  0.1198491337E+01 
 2008  8652    8  -0.2739250000E+01  0.8020263010E+00 
 2008  8658    8  -0.3512875000E+01  0.9664545304E+00 
 2008  8664    8  -0.1231100000E+01  0.5429597038E+00 
 2008  8670    8  0.2360738750E+01  0.1459886835E+01 
 2008  8676    8  0.2624150000E+01  0.1987132131E+01 
 2008  8682    8  0.2094125000E+01  0.1603373586E+01 
 2008  8688    8  0.2140076250E+01  0.1377890131E+01 
 2008  8694    8  0.2347162500E+01  0.9454201896E+00 
 2008  8700    8  0.2428875000E+01  0.7205979180E+00 
 2008  8706    8  0.2167250000E+01  0.6477302197E+00 
 2008  8712    8  0.2076900000E+01  0.8669601029E+00 
 2008  8718    8  0.1948750000E+01  0.7994801045E+00 
 2008  8724    8  0.4536475000E+00  0.7180487684E+00 
 2008  8730    8  -0.4731250000E+00  0.5909373735E+00 
 2008  8736    8  0.1713725000E+00  0.4850886368E+00 
 2008  8742    8  0.2167000000E-01  0.9112073764E+00 
 2008  8748    8  -0.3790500000E+00  0.1381028523E+01 
 2008  8754    8  0.2236787500E+00  0.1483848836E+01 
 2008  8760    8  0.5594562500E+00  0.1256773299E+01 
 2008  8766    8  0.1328625000E+01  0.1085294305E+01 
 2008  8772    8  0.1345100000E+01  0.9175897245E+00 
 2008  8778    8  0.1013187500E+01  0.8960628583E+00 
 2008  8784    8  0.1561075000E+01  0.9873518886E+00 
