 2008  0006    4  -0.3167450000E+00  0.1557179536E+00 
 2008  0012    4  -0.6828500000E-01  0.1917874570E+00 
 2008  0018    4  -0.8042750000E-01  0.1878651279E+00 
 2008  0024    4  -0.4318675000E+00  0.2982718151E+00 
 2008  0030    4  -0.3115775000E+00  0.1993786248E+00 
 2008  0036    4  -0.1771250000E+00  0.1914706946E+00 
 2008  0042    4  -0.1935050000E+00  0.1704914186E+00 
 2008  0048    4  -0.6671250000E+00  0.3063939896E+00 
 2008  0054    4  -0.3400750000E+00  0.1588918087E+00 
 2008  0060    4  0.2417000000E-01  0.1625695871E+00 
 2008  0066    4  -0.1577600000E+00  0.1231984489E+00 
 2008  0072    4  -0.7024500000E+00  0.2384173704E+00 
 2008  0078    4  -0.6696500000E+00  0.2123106392E+00 
 2008  0084    4  -0.4460000000E-02  0.1962251865E+00 
 2008  0090    4  -0.1253632500E+00  0.1354974391E+00 
 2008  0096    4  -0.4665250000E+00  0.2687021620E+00 
 2008  0102    4  -0.2426650000E+00  0.1684060886E+00 
 2008  0108    4  0.1603750000E-01  0.1871026836E+00 
 2008  0114    4  -0.3315000000E+00  0.1329310912E+00 
 2008  0120    4  -0.6634500000E+00  0.2186796801E+00 
 2008  0126    4  -0.2894925000E+00  0.2359075988E+00 
 2008  0132    4  0.1101025000E+00  0.2163704289E+00 
 2008  0138    4  0.4620500000E-01  0.1730597645E+00 
 2008  0144    4  -0.4971500000E+00  0.2686316484E+00 
 2008  0150    4  -0.2272700000E+00  0.2003854528E+00 
 2008  0156    4  0.2392500000E-02  0.1613598577E+00 
 2008  0162    4  -0.3969000000E-01  0.1655263885E+00 
 2008  0168    4  -0.5615250000E+00  0.2977573792E+00 
 2008  0174    4  -0.3383275000E+00  0.2144049819E+00 
 2008  0180    4  0.4409250000E-01  0.1280056212E+00 
 2008  0186    4  0.2528000000E+00  0.1348237182E+00 
 2008  0192    4  -0.2257325000E+00  0.2165737349E+00 
 2008  0198    4  -0.1106651125E+00  0.1790920121E+00 
 2008  0204    4  0.2738225000E+00  0.1508769466E+00 
 2008  0210    4  0.2679825000E+00  0.1764668068E+00 
 2008  0216    4  -0.4226950000E+00  0.2623612644E+00 
 2008  0222    4  -0.4606500000E+00  0.2218404100E+00 
 2008  0228    4  -0.8392500000E-01  0.2240433817E+00 
 2008  0234    4  -0.2129717500E+00  0.1724184205E+00 
 2008  0240    4  -0.7826750000E+00  0.3058459692E+00 
 2008  0246    4  -0.4576750000E+00  0.2149150573E+00 
 2008  0252    4  -0.3294225000E+00  0.2527444045E+00 
 2008  0258    4  -0.3867250000E+00  0.2455059712E+00 
 2008  0264    4  -0.9399750000E+00  0.2686166634E+00 
 2008  0270    4  -0.5166750000E+00  0.2171429526E+00 
 2008  0276    4  -0.3498500000E+00  0.2626391869E+00 
 2008  0282    4  -0.3651500000E+00  0.1843910315E+00 
 2008  0288    4  -0.9022250000E+00  0.2714792108E+00 
 2008  0294    4  -0.6785500000E+00  0.1845440530E+00 
 2008  0300    4  -0.1737222500E+00  0.2794107602E+00 
 2008  0306    4  -0.1615825000E+00  0.1525854184E+00 
 2008  0312    4  -0.7017250000E+00  0.2470621417E+00 
 2008  0318    4  -0.3557175000E+00  0.1792871228E+00 
 2008  0324    4  0.1622425000E+00  0.2603181235E+00 
 2008  0330    4  -0.3489500000E+00  0.2062187007E+00 
 2008  0336    4  -0.6389250000E+00  0.2395755139E+00 
 2008  0342    4  -0.6218250000E+00  0.2163550597E+00 
 2008  0348    4  0.1351825000E+00  0.1398389446E+00 
 2008  0354    4  -0.2223350000E+00  0.1923793042E+00 
 2008  0360    4  -0.5801500000E+00  0.1929199381E+00 
 2008  0366    4  -0.4982250000E+00  0.1691851999E+00 
 2008  0372    4  0.9367000000E-01  0.2365124811E+00 
 2008  0378    4  -0.8772325000E-01  0.1530785912E+00 
 2008  0384    4  -0.1754797500E+00  0.2285144375E+00 
 2008  0390    4  -0.3036300000E+00  0.2291165527E+00 
 2008  0396    4  0.7807500000E-01  0.2288330000E+00 
 2008  0402    4  0.3250000000E-01  0.2104746184E+00 
 2008  0408    4  -0.5647250000E+00  0.2398387101E+00 
 2008  0414    4  -0.1111675000E+00  0.1756480691E+00 
 2008  0420    4  -0.4876750000E-01  0.2025207722E+00 
 2008  0426    4  -0.2981000000E+00  0.1261955823E+00 
 2008  0432    4  -0.8654250000E+00  0.2434228150E+00 
 2008  0438    4  -0.4374500000E+00  0.2101956886E+00 
 2008  0444    4  -0.4640000000E+00  0.2378716776E+00 
 2008  0450    4  -0.5659250000E+00  0.1685265168E+00 
 2008  0456    4  -0.9224000000E+00  0.2418628950E+00 
 2008  0462    4  -0.5961500000E+00  0.2188588301E+00 
 2008  0468    4  -0.3744250000E+00  0.2333234705E+00 
 2008  0474    4  -0.8263500000E+00  0.1953220994E+00 
 2008  0480    4  -0.1168000000E+01  0.2789638955E+00 
 2008  0486    4  -0.1000625000E+01  0.2032887156E+00 
 2008  0492    4  -0.6450750000E+00  0.2567517125E+00 
 2008  0498    4  -0.8122250000E+00  0.2201101585E+00 
 2008  0504    4  -0.7514750000E+00  0.2282531092E+00 
 2008  0510    4  -0.7932500000E+00  0.1472731730E+00 
 2008  0516    4  -0.2163450000E+00  0.2028058304E+00 
 2008  0522    4  -0.3061750000E+00  0.1425087081E+00 
 2008  0528    4  -0.3807000000E+00  0.1002227769E+00 
 2008  0534    4  -0.4384500000E+00  0.1745811344E+00 
 2008  0540    4  -0.2938750000E+00  0.1611142355E+00 
 2008  0546    4  -0.4622250000E+00  0.1249256854E+00 
 2008  0552    4  -0.6288500000E+00  0.2081823420E+00 
 2008  0558    4  -0.6537750000E+00  0.1601321232E+00 
 2008  0564    4  -0.6198000000E-01  0.1392181283E+00 
 2008  0570    4  -0.1752550000E+00  0.1283574426E+00 
 2008  0576    4  -0.5046250000E+00  0.2071558637E+00 
 2008  0582    4  -0.5439500000E+00  0.1829744586E+00 
 2008  0588    4  -0.1107375000E+00  0.1989447580E+00 
 2008  0594    4  -0.3617750000E+00  0.1063057471E+00 
 2008  0600    4  -0.8587750000E+00  0.2762158610E+00 
 2008  0606    4  -0.6514500000E+00  0.1863911546E+00 
 2008  0612    4  -0.3251250000E+00  0.1498681983E+00 
 2008  0618    4  -0.2682750000E+00  0.1221703396E+00 
 2008  0624    4  -0.6069750000E-01  0.1797181933E+00 
 2008  0630    4  -0.1878525000E+00  0.1667711554E+00 
 2008  0636    4  0.3382000000E+00  0.1256227089E+00 
 2008  0642    4  -0.1144500000E-01  0.1285558372E+00 
 2008  0648    4  -0.5431250000E+00  0.1705838119E+00 
 2008  0654    4  -0.3976250000E+00  0.1892081575E+00 
 2008  0660    4  -0.1670635000E+00  0.1395915348E+00 
 2008  0666    4  -0.2349000000E+00  0.1016072586E+00 
 2008  0672    4  -0.6061750000E+00  0.2001571305E+00 
 2008  0678    4  -0.3836000000E+00  0.2160067476E+00 
 2008  0684    4  -0.2122450000E+00  0.1290659795E+00 
 2008  0690    4  -0.2238550000E+00  0.1237699886E+00 
 2008  0696    4  -0.4376450000E+00  0.2717019895E+00 
 2008  0702    4  -0.3006750000E+00  0.2084179260E+00 
 2008  0708    4  -0.1410425000E-01  0.1247841160E+00 
 2008  0714    4  -0.1231625000E+00  0.1003360315E+00 
 2008  0720    4  -0.7275000000E+00  0.1776364124E+00 
 2008  0726    4  -0.7116000000E+00  0.1384899274E+00 
 2008  0732    4  -0.1333725000E+00  0.1676305917E+00 
 2008  0738    4  -0.1413125000E+00  0.1483910818E+00 
 2008  0744    4  -0.6902000000E+00  0.1804849717E+00 
 2008  0750    4  -0.4369250000E+00  0.1709123953E+00 
 2008  0756    4  -0.3954000000E+00  0.1781502035E+00 
 2008  0762    4  -0.4781250000E+00  0.1393993252E+00 
 2008  0768    4  -0.8851000000E+00  0.2466825693E+00 
 2008  0774    4  -0.7799000000E+00  0.2271214983E+00 
 2008  0780    4  -0.4876500000E+00  0.2334004124E+00 
 2008  0786    4  -0.5556250000E+00  0.1387276176E+00 
 2008  0792    4  -0.8472000000E+00  0.2490189149E+00 
 2008  0798    4  -0.6433250000E+00  0.2022433358E+00 
 2008  0804    4  -0.4465000000E+00  0.2420934117E+00 
 2008  0810    4  -0.3268250000E+00  0.1840363466E+00 
 2008  0816    4  -0.6436250000E+00  0.2821544380E+00 
 2008  0822    4  -0.3909500000E+00  0.2075279800E+00 
 2008  0828    4  -0.9328450000E-01  0.2057912703E+00 
 2008  0834    4  -0.2951000000E+00  0.1552680102E+00 
 2008  0840    4  -0.5686000000E+00  0.2549184870E+00 
 2008  0846    4  -0.4797750000E+00  0.2258104556E+00 
 2008  0852    4  0.8669750000E-01  0.1534075937E+00 
 2008  0858    4  0.1000175000E+00  0.2225821577E+00 
 2008  0864    4  -0.2599275000E+00  0.2647077465E+00 
 2008  0870    4  -0.6821750000E-01  0.1819368625E+00 
 2008  0876    4  0.4412750000E-01  0.1511678794E+00 
 2008  0882    4  0.2995300000E+00  0.1581625926E+00 
 2008  0888    4  -0.1551575000E+00  0.1644033905E+00 
 2008  0894    4  -0.1363925000E+00  0.1739765805E+00 
 2008  0900    4  0.1754150000E+00  0.1292431138E+00 
 2008  0906    4  0.1235725000E+00  0.1447744669E+00 
 2008  0912    4  -0.1886225000E+00  0.1157410041E+00 
 2008  0918    4  0.2183150000E+00  0.1736913777E+00 
 2008  0924    4  0.2212400000E+00  0.1791926165E+00 
 2008  0930    4  0.2557275000E+00  0.1439596272E+00 
 2008  0936    4  -0.2438125000E+00  0.1458819402E+00 
 2008  0942    4  -0.7728000000E-01  0.1555130097E+00 
 2008  0948    4  -0.8428250000E-01  0.1450828915E+00 
 2008  0954    4  -0.2665750000E+00  0.1249973275E+00 
 2008  0960    4  -0.6722000000E+00  0.1924683091E+00 
 2008  0966    4  -0.2884750000E+00  0.2036748312E+00 
 2008  0972    4  0.2052167500E+00  0.1838688153E+00 
 2008  0978    4  0.4960500000E+00  0.1226925935E+00 
 2008  0984    4  0.1865275000E+00  0.2107421609E+00 
 2008  0990    4  0.3525000000E+00  0.2068170810E+00 
 2008  0996    4  0.4101500000E+00  0.1511732202E+00 
 2008  1002    4  0.4652500000E-01  0.1232261006E+00 
 2008  1008    4  -0.3037400000E+00  0.1666207724E+00 
 2008  1014    4  -0.2253750000E-01  0.1792480173E+00 
 2008  1020    4  0.4958250000E-01  0.1684438821E+00 
 2008  1026    4  -0.1616500000E+00  0.1583164631E+00 
 2008  1032    4  0.2119375000E+00  0.2375334276E+00 
 2008  1038    4  0.1680700000E+00  0.1129641379E+00 
 2008  1044    4  0.4717250000E+00  0.1964693281E+00 
 2008  1050    4  0.4898000000E+00  0.1547025371E+00 
 2008  1056    4  -0.6425750000E-01  0.1943004913E+00 
 2008  1062    4  -0.6046000000E-01  0.2042655277E+00 
 2008  1068    4  0.4168250000E-01  0.1969896670E+00 
 2008  1074    4  -0.3244500000E+00  0.1222890940E+00 
 2008  1080    4  -0.4813250000E+00  0.1966237826E+00 
 2008  1086    4  -0.4685750000E+00  0.2035069332E+00 
 2008  1092    4  -0.2967625000E+00  0.1804378265E+00 
 2008  1098    4  -0.6179500000E+00  0.1720275341E+00 
 2008  1104    4  -0.4770250000E+00  0.2004202257E+00 
 2008  1110    4  -0.5344250000E+00  0.1851415320E+00 
 2008  1116    4  -0.1784525000E+00  0.1364127423E+00 
 2008  1122    4  -0.1579775000E+00  0.1593824411E+00 
 2008  1128    4  -0.4042950000E+00  0.2082657007E+00 
 2008  1134    4  -0.3272360000E+00  0.1970123927E+00 
 2008  1140    4  0.6064950000E-01  0.1969412922E+00 
 2008  1146    4  -0.1697350000E+00  0.1606391505E+00 
 2008  1152    4  -0.5563750000E+00  0.2421004479E+00 
 2008  1158    4  -0.5046750000E+00  0.1838348087E+00 
 2008  1164    4  -0.2246000000E+00  0.2306591967E+00 
 2008  1170    4  -0.5736000000E+00  0.1628366820E+00 
 2008  1176    4  -0.7323000000E+00  0.2070359510E+00 
 2008  1182    4  -0.8476500000E+00  0.1485781528E+00 
 2008  1188    4  -0.1293000000E+00  0.1679078467E+00 
 2008  1194    4  -0.3518250000E+00  0.1502349556E+00 
 2008  1200    4  -0.6000500000E+00  0.1893025290E+00 
 2008  1206    4  -0.4793250000E+00  0.1716737221E+00 
 2008  1212    4  0.4891250000E-01  0.1462362916E+00 
 2008  1218    4  0.2557175000E+00  0.2457427672E+00 
 2008  1224    4  -0.2411350000E+00  0.2217322860E+00 
 2008  1230    4  -0.2973000000E-01  0.1899791954E+00 
 2008  1236    4  0.2189325000E+00  0.2081650551E+00 
 2008  1242    4  0.3669750000E-01  0.1988467207E+00 
 2008  1248    4  -0.3112250000E+00  0.2672844868E+00 
 2008  1254    4  -0.2204175000E+00  0.1811734305E+00 
 2008  1260    4  -0.2313000000E+00  0.2663128142E+00 
 2008  1266    4  -0.3987175000E+00  0.2204384708E+00 
 2008  1272    4  -0.9707000000E+00  0.2944439930E+00 
 2008  1278    4  -0.7276500000E+00  0.1907757388E+00 
 2008  1284    4  -0.6103750000E+00  0.2259214175E+00 
 2008  1290    4  -0.7289250000E+00  0.1774048530E+00 
 2008  1296    4  -0.7138500000E+00  0.2861385897E+00 
 2008  1302    4  -0.4027700000E+00  0.2080581210E+00 
 2008  1308    4  -0.1605550000E+00  0.2538920343E+00 
 2008  1314    4  -0.1823000000E+00  0.2750788065E+00 
 2008  1320    4  -0.4992250000E+00  0.3008789406E+00 
 2008  1326    4  -0.2256950000E+00  0.2303880315E+00 
 2008  1332    4  -0.1314550000E+00  0.2602303078E+00 
 2008  1338    4  -0.1988350000E+00  0.1716933216E+00 
 2008  1344    4  -0.5075000000E+00  0.3108957703E+00 
 2008  1350    4  -0.3366275000E+00  0.1880288602E+00 
 2008  1356    4  0.8265500000E-01  0.2477835650E+00 
 2008  1362    4  -0.3867500000E-02  0.1936903149E+00 
 2008  1368    4  -0.1920825000E+00  0.2807308850E+00 
 2008  1374    4  -0.5725000000E-01  0.2230343079E+00 
 2008  1380    4  0.1378450000E+00  0.2120456698E+00 
 2008  1386    4  0.8732500000E-02  0.1826732388E+00 
 2008  1392    4  -0.3755750000E+00  0.1750105193E+00 
 2008  1398    4  -0.2467927500E+00  0.2067800849E+00 
 2008  1404    4  0.4391500000E-01  0.2020497109E+00 
 2008  1410    4  -0.5760000000E-02  0.1839482694E+00 
 2008  1416    4  -0.5379000000E+00  0.2419024804E+00 
 2008  1422    4  -0.4341750000E+00  0.1940518665E+00 
 2008  1428    4  0.8056000000E-01  0.2050658328E+00 
 2008  1434    4  0.6121250000E-01  0.2043504844E+00 
 2008  1440    4  -0.3713000000E+00  0.2792298784E+00 
 2008  1446    4  -0.2266350000E+00  0.2111220742E+00 
 2008  1452    4  -0.3013500000E-01  0.2134748807E+00 
 2008  1458    4  -0.2109000000E-01  0.2058017208E+00 
 2008  1464    4  -0.4559500000E+00  0.2497432832E+00 
 2008  1470    4  -0.1905525000E+00  0.1664729611E+00 
 2008  1476    4  0.3646125000E+00  0.2055122940E+00 
 2008  1482    4  0.1631500000E+00  0.1800328095E+00 
 2008  1488    4  -0.3511250000E+00  0.2079623088E+00 
 2008  1494    4  -0.1862475000E+00  0.1554761244E+00 
 2008  1500    4  0.3508000000E+00  0.2675022336E+00 
 2008  1506    4  0.1415000000E-02  0.2153017294E+00 
 2008  1512    4  -0.3704500000E+00  0.2350515422E+00 
 2008  1518    4  -0.5093000000E-01  0.1786249974E+00 
 2008  1524    4  -0.4710000000E-01  0.2397922747E+00 
 2008  1530    4  -0.2177800000E+00  0.1634025465E+00 
 2008  1536    4  -0.5120750000E+00  0.3007260911E+00 
 2008  1542    4  -0.1308000000E+00  0.2535485456E+00 
 2008  1548    4  0.5849750000E-01  0.2309828273E+00 
 2008  1554    4  -0.1519450000E+00  0.2590714208E+00 
 2008  1560    4  -0.3780500000E+00  0.2349006332E+00 
 2008  1566    4  -0.3655950000E+00  0.1911299481E+00 
 2008  1572    4  0.2775000000E-01  0.2643470115E+00 
 2008  1578    4  -0.3525750000E+00  0.2072341957E+00 
 2008  1584    4  -0.9571250000E+00  0.2963248671E+00 
 2008  1590    4  -0.8119000000E+00  0.2101503866E+00 
 2008  1596    4  -0.5694000000E+00  0.3026861824E+00 
 2008  1602    4  -0.7287500000E+00  0.2916709490E+00 
 2008  1608    4  -0.9449000000E+00  0.2604041666E+00 
 2008  1614    4  -0.6614500000E+00  0.2350740362E+00 
 2008  1620    4  -0.3435150000E+00  0.2410758173E+00 
 2008  1626    4  -0.4135750000E+00  0.2109758917E+00 
 2008  1632    4  -0.7442000000E+00  0.2282164762E+00 
 2008  1638    4  -0.3777750000E+00  0.2108924178E+00 
 2008  1644    4  -0.1949702500E+00  0.2338306617E+00 
 2008  1650    4  -0.3974500000E+00  0.1832013169E+00 
 2008  1656    4  -0.7672500000E+00  0.2416710729E+00 
 2008  1662    4  -0.5456000000E+00  0.2308624374E+00 
 2008  1668    4  0.2240000000E-01  0.2707177959E+00 
 2008  1674    4  -0.3894500000E+00  0.2101072286E+00 
 2008  1680    4  -0.8576000000E+00  0.3043043131E+00 
 2008  1686    4  -0.6403750000E+00  0.2399631886E+00 
 2008  1692    4  -0.4610000000E+00  0.2510292114E+00 
 2008  1698    4  -0.4086000000E+00  0.2263838002E+00 
 2008  1704    4  -0.8397500000E+00  0.2664062828E+00 
 2008  1710    4  -0.6003750000E+00  0.2309287160E+00 
 2008  1716    4  -0.3370500000E+00  0.1990552247E+00 
 2008  1722    4  -0.2991000000E+00  0.1796322215E+00 
 2008  1728    4  -0.8052000000E+00  0.2679716683E+00 
 2008  1734    4  -0.6334250000E+00  0.2251407379E+00 
 2008  1740    4  0.4891000000E-01  0.1486871592E+00 
 2008  1746    4  -0.1717690000E+00  0.1650893027E+00 
 2008  1752    4  -0.5214750000E+00  0.2064307435E+00 
 2008  1758    4  -0.1455275000E+00  0.1693897378E+00 
 2008  1764    4  0.3064975000E+00  0.1745745013E+00 
 2008  1770    4  0.7766000000E-01  0.1066201688E+00 
 2008  1776    4  -0.4810250000E+00  0.1947157078E+00 
 2008  1782    4  -0.3218500000E-01  0.1658099794E+00 
 2008  1788    4  0.6336500000E-01  0.1715890954E+00 
 2008  1794    4  -0.1335525000E+00  0.1294998632E+00 
 2008  1800    4  -0.1880525000E+00  0.2331351802E+00 
 2008  1806    4  -0.1320647500E+00  0.1346809622E+00 
 2008  1812    4  0.6254000000E-01  0.1204810350E+00 
 2008  1818    4  -0.1867655000E+00  0.2281676025E+00 
 2008  1824    4  -0.6978500000E+00  0.1909960929E+00 
 2008  1830    4  -0.6979000000E+00  0.1988890520E+00 
 2008  1836    4  -0.1050000000E-02  0.2141463810E+00 
 2008  1842    4  -0.1686500000E+00  0.1533311089E+00 
 2008  1848    4  -0.3275000000E+00  0.1935473715E+00 
 2008  1854    4  0.7773750000E-01  0.1473520163E+00 
 2008  1860    4  0.6126000000E+00  0.1762079595E+00 
 2008  1866    4  0.3404000000E+00  0.1376194572E+00 
 2008  1872    4  0.1251750000E-01  0.2064326716E+00 
 2008  1878    4  0.1388500000E+00  0.1750263052E+00 
 2008  1884    4  0.6154500000E+00  0.1261017545E+00 
 2008  1890    4  0.6596750000E+00  0.1435573818E+00 
 2008  1896    4  0.5910500000E-01  0.1766181986E+00 
 2008  1902    4  0.2614225000E+00  0.1428641506E+00 
 2008  1908    4  0.1998150000E+00  0.1777610409E+00 
 2008  1914    4  0.3774250000E+00  0.9449654425E-01 
 2008  1920    4  0.9654250000E-01  0.1864725849E+00 
 2008  1926    4  0.1089000000E+00  0.2597571462E+00 
 2008  1932    4  0.3936250000E+00  0.1803243519E+00 
 2008  1938    4  0.1832000000E+00  0.2137543801E+00 
 2008  1944    4  0.3813900000E+00  0.2233166346E+00 
 2008  1950    4  0.1882630000E+00  0.1656623319E+00 
 2008  1956    4  0.6997750000E+00  0.1713550317E+00 
 2008  1962    4  0.1850460000E+00  0.1814729467E+00 
 2008  1968    4  0.2527475000E+00  0.1562181240E+00 
 2008  1974    4  0.4315000000E+00  0.1336859566E+00 
 2008  1980    4  0.8828750000E+00  0.1247281319E+00 
 2008  1986    4  0.6761750000E+00  0.1602436953E+00 
 2008  1992    4  0.3314750000E+00  0.1432623010E+00 
 2008  1998    4  0.4599750000E+00  0.1557083391E+00 
 2008  2004    4  0.5041750000E+00  0.1590022229E+00 
 2008  2010    4  0.4065500000E+00  0.1507465671E+00 
 2008  2016    4  0.8095750000E-01  0.1625400425E+00 
 2008  2022    4  0.6996750000E-01  0.1964402483E+00 
 2008  2028    4  0.3557500000E-01  0.1955410363E+00 
 2008  2034    4  -0.3528750000E+00  0.1829653844E+00 
 2008  2040    4  -0.2962100000E+00  0.2266889351E+00 
 2008  2046    4  -0.3161100000E+00  0.2185278136E+00 
 2008  2052    4  -0.2930950000E+00  0.2063537789E+00 
 2008  2058    4  -0.6275750000E+00  0.1961117841E+00 
 2008  2064    4  -0.2477425000E+00  0.2577331423E+00 
 2008  2070    4  0.2385725000E+00  0.2085511143E+00 
 2008  2076    4  0.4464500000E+00  0.1975915041E+00 
 2008  2082    4  0.8770000000E+00  0.1605187216E+00 
 2008  2088    4  0.6315750000E+00  0.1414998653E+00 
 2008  2094    4  0.1860550000E+00  0.1694048909E+00 
 2008  2100    4  0.2576675000E+00  0.1757424612E+00 
 2008  2106    4  0.1337675000E+00  0.1882404796E+00 
 2008  2112    4  -0.4669500000E-01  0.1500929140E+00 
 2008  2118    4  -0.1855000000E-01  0.1593484311E+00 
 2008  2124    4  0.2772500000E-01  0.2187179962E+00 
 2008  2130    4  0.3803000000E+00  0.2546898015E+00 
 2008  2136    4  -0.2738000000E-01  0.1675642420E+00 
 2008  2142    4  0.2330000000E-01  0.1991644672E+00 
 2008  2148    4  0.1491300000E+00  0.1826620756E+00 
 2008  2154    4  0.4048500000E-01  0.2324691048E+00 
 2008  2160    4  0.3667000000E-01  0.1712142392E+00 
 2008  2166    4  0.2025300000E+00  0.2569091857E+00 
 2008  2172    4  0.9688500000E-01  0.2020072515E+00 
 2008  2178    4  0.1502250000E-01  0.2204214736E+00 
 2008  2184    4  -0.4251500000E+00  0.2813284424E+00 
 2008  2190    4  -0.3996000000E+00  0.2365954036E+00 
 2008  2196    4  -0.3235430000E+00  0.2425281904E+00 
 2008  2202    4  -0.4649750000E+00  0.2259292962E+00 
 2008  2208    4  -0.8882750000E+00  0.3027054292E+00 
 2008  2214    4  -0.8294750000E+00  0.2512869811E+00 
 2008  2220    4  -0.4464250000E+00  0.2158834914E+00 
 2008  2226    4  -0.3858500000E+00  0.2097837279E+00 
 2008  2232    4  -0.8247500000E+00  0.2856517241E+00 
 2008  2238    4  -0.5983000000E+00  0.2598783177E+00 
 2008  2244    4  -0.2771775000E+00  0.2491287920E+00 
 2008  2250    4  -0.1285075000E+00  0.2531232055E+00 
 2008  2256    4  -0.5039500000E+00  0.2761228486E+00 
 2008  2262    4  -0.3339225000E+00  0.2494494208E+00 
 2008  2268    4  -0.1255500000E+00  0.2742514403E+00 
 2008  2274    4  -0.6970000000E-02  0.1591555228E+00 
 2008  2280    4  -0.2495750000E+00  0.2809351916E+00 
 2008  2286    4  -0.1834550000E+00  0.2687460476E+00 
 2008  2292    4  0.1615675000E+00  0.2397503267E+00 
 2008  2298    4  -0.1054625000E+00  0.2551560977E+00 
 2008  2304    4  -0.6040000000E+00  0.2752916726E+00 
 2008  2310    4  -0.3971600000E+00  0.2745711999E+00 
 2008  2316    4  -0.3423650000E+00  0.2326795257E+00 
 2008  2322    4  -0.1111737500E+00  0.1728645599E+00 
 2008  2328    4  -0.5536250000E+00  0.2290708119E+00 
 2008  2334    4  -0.2870975000E+00  0.2087835566E+00 
 2008  2340    4  -0.5600000000E-02  0.2213982159E+00 
 2008  2346    4  0.1427175000E+00  0.1796699764E+00 
 2008  2352    4  -0.4533250000E+00  0.2380143943E+00 
 2008  2358    4  -0.2141150000E+00  0.2082328785E+00 
 2008  2364    4  -0.2226000000E+00  0.2243587517E+00 
 2008  2370    4  -0.3426000000E+00  0.2092272927E+00 
 2008  2376    4  -0.7096500000E+00  0.2309276131E+00 
 2008  2382    4  -0.4647650000E+00  0.2713369523E+00 
 2008  2388    4  -0.4555000000E+00  0.2067795807E+00 
 2008  2394    4  -0.5569250000E+00  0.2089658510E+00 
 2008  2400    4  -0.3371500000E+00  0.2618242970E+00 
 2008  2406    4  -0.2378800000E+00  0.1638452019E+00 
 2008  2412    4  0.2815975000E+00  0.1516719487E+00 
 2008  2418    4  0.4301500000E+00  0.1781431096E+00 
 2008  2424    4  0.1122300000E+00  0.1713518827E+00 
 2008  2430    4  0.2893950000E+00  0.1925714597E+00 
 2008  2436    4  0.3111650000E+00  0.1739087855E+00 
 2008  2442    4  0.1305625000E+00  0.2106305218E+00 
 2008  2448    4  -0.3890500000E+00  0.1893600077E+00 
 2008  2454    4  -0.3699000000E+00  0.1971176172E+00 
 2008  2460    4  0.2557500000E-02  0.1876297829E+00 
 2008  2466    4  -0.1858700000E+00  0.2122980539E+00 
 2008  2472    4  -0.3376750000E+00  0.2141076876E+00 
 2008  2478    4  -0.5251500000E+00  0.1988009117E+00 
 2008  2484    4  -0.1661512750E+00  0.1752827415E+00 
 2008  2490    4  -0.3401000000E+00  0.1156695509E+00 
 2008  2496    4  -0.4030000000E+00  0.1636164417E+00 
 2008  2502    4  -0.1986475000E+00  0.2103409467E+00 
 2008  2508    4  0.2024380000E+00  0.1371908311E+00 
 2008  2514    4  0.9615100000E-01  0.1878084918E+00 
 2008  2520    4  -0.6951750000E-01  0.2033305964E+00 
 2008  2526    4  -0.9115750000E-01  0.2073065337E+00 
 2008  2532    4  0.2912400000E+00  0.2310444671E+00 
 2008  2538    4  0.1844000000E+00  0.2695205001E+00 
 2008  2544    4  -0.6709000000E+00  0.2529133943E+00 
 2008  2550    4  -0.2760820000E+00  0.2246384454E+00 
 2008  2556    4  0.1610750000E+00  0.1656167017E+00 
 2008  2562    4  -0.5992250000E-01  0.2160288710E+00 
 2008  2568    4  -0.5479750000E+00  0.2159347862E+00 
 2008  2574    4  -0.2026950000E+00  0.2148972640E+00 
 2008  2580    4  0.3631950000E+00  0.1978953387E+00 
 2008  2586    4  0.1324250000E+00  0.1972230130E+00 
 2008  2592    4  -0.2981825000E+00  0.2406957090E+00 
 2008  2598    4  -0.2809250000E-01  0.1920762249E+00 
 2008  2604    4  0.1587500000E-01  0.2264099642E+00 
 2008  2610    4  -0.1150470000E+00  0.1697691213E+00 
 2008  2616    4  -0.2143875000E+00  0.2765986764E+00 
 2008  2622    4  -0.9144000000E-01  0.2031598381E+00 
 2008  2628    4  -0.1028500000E+00  0.2797937499E+00 
 2008  2634    4  -0.2875525000E+00  0.2142368135E+00 
 2008  2640    4  -0.4345250000E+00  0.2409631961E+00 
 2008  2646    4  -0.2288650000E+00  0.2170735812E+00 
 2008  2652    4  0.1018975000E+00  0.1599553766E+00 
 2008  2658    4  0.2502387500E+00  0.1628931759E+00 
 2008  2664    4  -0.3177250000E-01  0.1851212934E+00 
 2008  2670    4  0.5181750000E-01  0.1531335173E+00 
 2008  2676    4  0.4684000000E+00  0.2015215745E+00 
 2008  2682    4  0.1134825000E+00  0.1971358134E+00 
 2008  2688    4  0.1296250000E+00  0.1708549147E+00 
 2008  2694    4  -0.1058750000E-01  0.1847193018E+00 
 2008  2700    4  0.5061750000E+00  0.2215757136E+00 
 2008  2706    4  0.2571150000E+00  0.1278367579E+00 
 2008  2712    4  -0.6948500000E-01  0.1945877866E+00 
 2008  2718    4  -0.1205000000E-01  0.2473501011E+00 
 2008  2724    4  -0.1968500000E+00  0.2085788842E+00 
 2008  2730    4  -0.9639650000E-01  0.1999678638E+00 
 2008  2736    4  -0.2221125000E+00  0.2589580848E+00 
 2008  2742    4  -0.1226675000E+00  0.2559202096E+00 
 2008  2748    4  0.2450975000E+00  0.2217561713E+00 
 2008  2754    4  0.4173750000E+00  0.2466027816E+00 
 2008  2760    4  -0.2458925000E+00  0.2899904010E+00 
 2008  2766    4  -0.1233050000E+00  0.2521619481E+00 
 2008  2772    4  0.2441500000E+00  0.2346832966E+00 
 2008  2778    4  0.1392625000E+00  0.2220907286E+00 
 2008  2784    4  -0.2032600000E+00  0.2990080363E+00 
 2008  2790    4  -0.2188250000E+00  0.2439874728E+00 
 2008  2796    4  0.8332500000E-01  0.2314451055E+00 
 2008  2802    4  -0.1231000000E+00  0.1903544720E+00 
 2008  2808    4  -0.3276300000E+00  0.2663821723E+00 
 2008  2814    4  -0.3476750000E+00  0.2133395460E+00 
 2008  2820    4  -0.8642250000E-01  0.2147741384E+00 
 2008  2826    4  -0.3517500000E-01  0.2332421422E+00 
 2008  2832    4  -0.4677000000E+00  0.2605107963E+00 
 2008  2838    4  -0.1931400000E+00  0.2376705152E+00 
 2008  2844    4  0.1895425000E+00  0.2438237009E+00 
 2008  2850    4  0.2340750000E+00  0.2628544500E+00 
 2008  2856    4  -0.2446200000E+00  0.2390782641E+00 
 2008  2862    4  -0.1204475000E+00  0.2515584689E+00 
 2008  2868    4  0.9625250000E-01  0.2503624059E+00 
 2008  2874    4  0.1319650000E+00  0.2258278275E+00 
 2008  2880    4  -0.4104625000E+00  0.3134310278E+00 
 2008  2886    4  -0.2714150000E+00  0.2162936399E+00 
 2008  2892    4  0.9385500000E-01  0.1944225606E+00 
 2008  2898    4  -0.2199380000E+00  0.2654849158E+00 
 2008  2904    4  -0.4462500000E+00  0.2848029977E+00 
 2008  2910    4  -0.4924000000E+00  0.2394156114E+00 
 2008  2916    4  -0.3157825000E+00  0.2135022703E+00 
 2008  2922    4  -0.1283050000E+00  0.2013055050E+00 
 2008  2928    4  -0.7020750000E+00  0.2987824742E+00 
 2008  2934    4  -0.5763500000E+00  0.2171257067E+00 
 2008  2940    4  -0.1154505000E+00  0.2294525050E+00 
 2008  2946    4  0.2471000000E-01  0.2017623734E+00 
 2008  2952    4  -0.6597500000E+00  0.2843073117E+00 
 2008  2958    4  -0.5143250000E+00  0.2549574511E+00 
 2008  2964    4  -0.9632000000E-01  0.2234195251E+00 
 2008  2970    4  0.4276750000E-01  0.2187358765E+00 
 2008  2976    4  -0.5272500000E+00  0.2822969757E+00 
 2008  2982    4  -0.2857900000E+00  0.2307406668E+00 
 2008  2988    4  -0.1565200000E+00  0.2319078140E+00 
 2008  2994    4  0.1337200000E+00  0.1953915919E+00 
 2008  3000    4  -0.4152500000E-01  0.2281141312E+00 
 2008  3006    4  -0.1018885000E+00  0.1773731482E+00 
 2008  3012    4  0.4453500000E+00  0.1601219301E+00 
 2008  3018    4  0.6682750000E+00  0.2009490405E+00 
 2008  3024    4  0.2614525000E+00  0.2504630826E+00 
 2008  3030    4  0.3766250000E+00  0.1911901197E+00 
 2008  3036    4  0.7228750000E+00  0.2009557336E+00 
 2008  3042    4  0.7180000000E+00  0.1665728219E+00 
 2008  3048    4  0.2427400000E+00  0.2345588621E+00 
 2008  3054    4  0.4028250000E+00  0.1700581720E+00 
 2008  3060    4  0.4655000000E+00  0.1834139171E+00 
 2008  3066    4  0.5627250000E+00  0.2024394771E+00 
 2008  3072    4  -0.9123500000E-01  0.2083434224E+00 
 2008  3078    4  -0.4799250000E-01  0.1825409000E+00 
 2008  3084    4  0.1693950000E+00  0.1922517366E+00 
 2008  3090    4  0.2173650000E+00  0.1788234875E+00 
 2008  3096    4  -0.2501975000E+00  0.2041094205E+00 
 2008  3102    4  -0.1973825000E+00  0.2247492301E+00 
 2008  3108    4  -0.1066750000E-01  0.1944666248E+00 
 2008  3114    4  0.1176750000E+00  0.1817091959E+00 
 2008  3120    4  -0.9430000000E-01  0.2720267266E+00 
 2008  3126    4  -0.3942500000E-01  0.2500355312E+00 
 2008  3132    4  0.2877900000E+00  0.1602582581E+00 
 2008  3138    4  0.4104000000E+00  0.2091708273E+00 
 2008  3144    4  0.1405650000E+00  0.2375329170E+00 
 2008  3150    4  0.8427000000E-01  0.2018315305E+00 
 2008  3156    4  0.2000000000E-02  0.1929491772E+00 
 2008  3162    4  0.1529500000E-01  0.1837703678E+00 
 2008  3168    4  -0.1462675000E+00  0.2749481563E+00 
 2008  3174    4  -0.4014500000E+00  0.2097897698E+00 
 2008  3180    4  -0.2255000000E-01  0.2174264301E+00 
 2008  3186    4  -0.3137500000E-01  0.2551345956E+00 
 2008  3192    4  -0.1390500000E+00  0.3077708766E+00 
 2008  3198    4  -0.3178400000E+00  0.2168664031E+00 
 2008  3204    4  0.4590250000E-01  0.1572533768E+00 
 2008  3210    4  0.5452500000E-01  0.1955663235E+00 
 2008  3216    4  -0.1995425000E+00  0.2223506160E+00 
 2008  3222    4  -0.4218250000E-01  0.1798466689E+00 
 2008  3228    4  0.3690250000E+00  0.2283242253E+00 
 2008  3234    4  0.4635250000E+00  0.2025680302E+00 
 2008  3240    4  0.3923100000E+00  0.2537667124E+00 
 2008  3246    4  0.1112355000E+00  0.2121277664E+00 
 2008  3252    4  0.5029750000E+00  0.2156067644E+00 
 2008  3258    4  0.2827375000E+00  0.2168078509E+00 
 2008  3264    4  -0.2668935000E+00  0.2759572758E+00 
 2008  3270    4  -0.2021075000E+00  0.2062846125E+00 
 2008  3276    4  0.3011150000E+00  0.2342588817E+00 
 2008  3282    4  0.3221975000E+00  0.2575168276E+00 
 2008  3288    4  -0.1051500000E+00  0.2754856484E+00 
 2008  3294    4  0.1159275000E+00  0.2368291468E+00 
 2008  3300    4  0.4966500000E+00  0.2270802777E+00 
 2008  3306    4  0.5741750000E+00  0.2469028288E+00 
 2008  3312    4  0.1957677500E+00  0.2847363464E+00 
 2008  3318    4  0.2748900000E+00  0.2130617712E+00 
 2008  3324    4  0.5694750000E+00  0.2376570362E+00 
 2008  3330    4  0.4312575000E+00  0.2526935603E+00 
 2008  3336    4  0.5015000000E-01  0.2561345984E+00 
 2008  3342    4  0.1228525000E+00  0.2202916391E+00 
 2008  3348    4  0.2654350000E+00  0.2096382734E+00 
 2008  3354    4  -0.1222550000E+00  0.2175239161E+00 
 2008  3360    4  -0.5565500000E+00  0.2602670311E+00 
 2008  3366    4  -0.4572750000E+00  0.2603814065E+00 
 2008  3372    4  -0.3874100000E+00  0.2191848177E+00 
 2008  3378    4  -0.5005750000E+00  0.2004466060E+00 
 2008  3384    4  -0.5799000000E+00  0.2949399007E+00 
 2008  3390    4  -0.3904000000E+00  0.2078493806E+00 
 2008  3396    4  0.7055750000E-01  0.1836792242E+00 
 2008  3402    4  0.1343250000E+00  0.1724373129E+00 
 2008  3408    4  -0.2658505000E+00  0.2382896874E+00 
 2008  3414    4  -0.2884400000E+00  0.2352105436E+00 
 2008  3420    4  -0.2714000000E+00  0.1931133217E+00 
 2008  3426    4  -0.4173000000E+00  0.1939281697E+00 
 2008  3432    4  -0.8008500000E+00  0.2554040475E+00 
 2008  3438    4  -0.7195250000E+00  0.2121001459E+00 
 2008  3444    4  -0.2365950000E+00  0.1915104507E+00 
 2008  3450    4  0.7146000000E-01  0.2046617766E+00 
 2008  3456    4  -0.3234000000E+00  0.2023695259E+00 
 2008  3462    4  -0.4397250000E+00  0.2224667545E+00 
 2008  3468    4  -0.4294500000E+00  0.1901227301E+00 
 2008  3474    4  -0.2720750000E+00  0.1869744284E+00 
 2008  3480    4  -0.2701550000E+00  0.2921911174E+00 
 2008  3486    4  -0.3261000000E+00  0.1932107269E+00 
 2008  3492    4  0.6112500000E-02  0.1963951450E+00 
 2008  3498    4  -0.1955250000E+00  0.1812356838E+00 
 2008  3504    4  -0.2450275000E+00  0.2625311817E+00 
 2008  3510    4  -0.2906150000E+00  0.2147479957E+00 
 2008  3516    4  -0.5872500000E-02  0.1923117996E+00 
 2008  3522    4  -0.1313100000E+00  0.2289249722E+00 
 2008  3528    4  -0.3745000000E+00  0.2497197729E+00 
 2008  3534    4  -0.4718750000E+00  0.2022185621E+00 
 2008  3540    4  -0.2152000000E+00  0.2014742912E+00 
 2008  3546    4  -0.1378700000E+00  0.2088523950E+00 
 2008  3552    4  -0.6140500000E+00  0.2875112650E+00 
 2008  3558    4  -0.3899750000E+00  0.1985521012E+00 
 2008  3564    4  -0.7239000000E-01  0.1908407852E+00 
 2008  3570    4  0.1399250000E+00  0.2085305658E+00 
 2008  3576    4  -0.1606750000E+00  0.2618442034E+00 
 2008  3582    4  0.3372500000E-01  0.1712291210E+00 
 2008  3588    4  0.4846000000E+00  0.1767080785E+00 
 2008  3594    4  0.2083250000E+00  0.2015551708E+00 
 2008  3600    4  -0.4098500000E-01  0.2532013777E+00 
 2008  3606    4  -0.6769250000E-01  0.1985188295E+00 
 2008  3612    4  0.3222500000E-01  0.2387907073E+00 
 2008  3618    4  -0.7920000000E-01  0.2591904223E+00 
 2008  3624    4  -0.2685350000E+00  0.3255367808E+00 
 2008  3630    4  -0.4687500000E+00  0.2132690847E+00 
 2008  3636    4  0.6204750000E-01  0.2305334754E+00 
 2008  3642    4  -0.7056500000E-01  0.2449723386E+00 
 2008  3648    4  -0.6610750000E+00  0.2778782501E+00 
 2008  3654    4  -0.5382000000E+00  0.2016495103E+00 
 2008  3660    4  -0.2247445000E+00  0.2160274455E+00 
 2008  3666    4  -0.2594850000E+00  0.2224495050E+00 
 2008  3672    4  -0.4310000000E+00  0.2760334309E+00 
 2008  3678    4  -0.9676500000E-01  0.2299791462E+00 
 2008  3684    4  0.2007000000E+00  0.2259629284E+00 
 2008  3690    4  0.5884500000E+00  0.2441646217E+00 
 2008  3696    4  0.1845250000E+00  0.2450124729E+00 
 2008  3702    4  0.2163750000E+00  0.2012782449E+00 
 2008  3708    4  0.2391675000E+00  0.2018106171E+00 
 2008  3714    4  0.2110000000E+00  0.1910206402E+00 
 2008  3720    4  -0.2200775000E-01  0.2017037038E+00 
 2008  3726    4  -0.3476500000E+00  0.1624485996E+00 
 2008  3732    4  -0.6176750000E-01  0.1980373845E+00 
 2008  3738    4  -0.9972500000E-02  0.2291816382E+00 
 2008  3744    4  -0.2803050000E+00  0.2490837712E+00 
 2008  3750    4  -0.2887500000E+00  0.1680384703E+00 
 2008  3756    4  0.2279312500E+00  0.1699225498E+00 
 2008  3762    4  0.1450500000E+00  0.1712527445E+00 
 2008  3768    4  0.6373000000E-01  0.2571601577E+00 
 2008  3774    4  0.1072500000E+00  0.2178753141E+00 
 2008  3780    4  0.3726525000E+00  0.2010100066E+00 
 2008  3786    4  0.6296500000E+00  0.2086242376E+00 
 2008  3792    4  0.3012500000E+00  0.2580959560E+00 
 2008  3798    4  0.3428600000E+00  0.2252022975E+00 
 2008  3804    4  0.5907000000E+00  0.1875942963E+00 
 2008  3810    4  0.6099500000E+00  0.1838295202E+00 
 2008  3816    4  0.3488825000E+00  0.2453880089E+00 
 2008  3822    4  0.2383200000E+00  0.1848256238E+00 
 2008  3828    4  0.3146300000E+00  0.1802667099E+00 
 2008  3834    4  0.5100750000E+00  0.1965472256E+00 
 2008  3840    4  0.1768500000E+00  0.1816637347E+00 
 2008  3846    4  0.3042325000E+00  0.1821076417E+00 
 2008  3852    4  0.2258625000E+00  0.1915132547E+00 
 2008  3858    4  0.2849825000E+00  0.1940639210E+00 
 2008  3864    4  0.6484925000E-01  0.2594809125E+00 
 2008  3870    4  0.1349000000E+00  0.2075194690E+00 
 2008  3876    4  0.4350500000E+00  0.1602275959E+00 
 2008  3882    4  0.5835250000E+00  0.2174966250E+00 
 2008  3888    4  0.2220150000E+00  0.2034461272E+00 
 2008  3894    4  0.3612775000E+00  0.2046090064E+00 
 2008  3900    4  0.6266000000E+00  0.1951916494E+00 
 2008  3906    4  0.6674000000E+00  0.1923625353E+00 
 2008  3912    4  0.3672775000E+00  0.2135171609E+00 
 2008  3918    4  0.4619000000E+00  0.1944302574E+00 
 2008  3924    4  0.4974500000E+00  0.2097087564E+00 
 2008  3930    4  0.4354875000E+00  0.2076842326E+00 
 2008  3936    4  0.8190000000E-01  0.2312571080E+00 
 2008  3942    4  0.9010750000E-01  0.1934348099E+00 
 2008  3948    4  0.2355850000E+00  0.2083414881E+00 
 2008  3954    4  0.2255000000E+00  0.1981989278E+00 
 2008  3960    4  -0.6870000000E-01  0.2160443820E+00 
 2008  3966    4  0.9013175000E-01  0.1756842770E+00 
 2008  3972    4  0.4394000000E+00  0.1860925173E+00 
 2008  3978    4  0.5725500000E+00  0.2214663914E+00 
 2008  3984    4  0.3551150000E+00  0.2910654612E+00 
 2008  3990    4  0.3769250000E+00  0.2424521332E+00 
 2008  3996    4  0.4120750000E+00  0.2191984532E+00 
 2008  4002    4  0.4599775000E+00  0.2725822904E+00 
 2008  4008    4  -0.5312500000E-01  0.2967042835E+00 
 2008  4014    4  0.1134475000E+00  0.1902995737E+00 
 2008  4020    4  0.4217750000E+00  0.2158574457E+00 
 2008  4026    4  0.5679250000E+00  0.2895016181E+00 
 2008  4032    4  0.9828500000E-01  0.2839341150E+00 
 2008  4038    4  0.3742000000E+00  0.1987023276E+00 
 2008  4044    4  0.6352250000E+00  0.1947962830E+00 
 2008  4050    4  0.6921250000E+00  0.2736416761E+00 
 2008  4056    4  0.1930100000E+00  0.2815586605E+00 
 2008  4062    4  0.4358500000E+00  0.2134096354E+00 
 2008  4068    4  0.7355500000E+00  0.2019769356E+00 
 2008  4074    4  0.8341000000E+00  0.2149473773E+00 
 2008  4080    4  0.8281000000E-01  0.2480675015E+00 
 2008  4086    4  -0.3275000000E-02  0.2157130313E+00 
 2008  4092    4  0.1607175000E+00  0.1752320471E+00 
 2008  4098    4  -0.5222750000E-01  0.1821907340E+00 
 2008  4104    4  -0.4505250000E+00  0.2015976237E+00 
 2008  4110    4  -0.2869975000E+00  0.1634603316E+00 
 2008  4116    4  -0.4357000000E-01  0.1592746361E+00 
 2008  4122    4  0.4091250000E-01  0.1573177135E+00 
 2008  4128    4  -0.3674500000E+00  0.1693942959E+00 
 2008  4134    4  -0.1658725000E+00  0.2046894789E+00 
 2008  4140    4  0.1446750000E+00  0.2013464598E+00 
 2008  4146    4  0.1197500000E-01  0.2263698122E+00 
 2008  4152    4  -0.2345575000E+00  0.2287510687E+00 
 2008  4158    4  -0.1315550000E+00  0.1840397405E+00 
 2008  4164    4  0.2994300000E+00  0.1983055186E+00 
 2008  4170    4  0.3752800000E+00  0.2467093881E+00 
 2008  4176    4  0.5125625000E-01  0.2696813527E+00 
 2008  4182    4  -0.4172500000E-01  0.2338131131E+00 
 2008  4188    4  0.2037800000E+00  0.2084236460E+00 
 2008  4194    4  0.1867000000E+00  0.2443705076E+00 
 2008  4200    4  -0.1258725000E+00  0.2466319034E+00 
 2008  4206    4  -0.8379500000E-01  0.2090372863E+00 
 2008  4212    4  0.1443925000E+00  0.2011347960E+00 
 2008  4218    4  0.4021275000E+00  0.2146303282E+00 
 2008  4224    4  0.3248125000E-01  0.2234550062E+00 
 2008  4230    4  -0.1076750000E+00  0.2313416021E+00 
 2008  4236    4  0.2644000000E+00  0.2046463535E+00 
 2008  4242    4  0.1768000000E+00  0.2060070387E+00 
 2008  4248    4  -0.2585950000E+00  0.2450471072E+00 
 2008  4254    4  -0.4261250000E-01  0.1959846498E+00 
 2008  4260    4  0.7062250000E-01  0.2205205297E+00 
 2008  4266    4  0.1858000000E+00  0.2087431077E+00 
 2008  4272    4  -0.1415825000E+00  0.2218028452E+00 
 2008  4278    4  0.1217850000E+00  0.1897765704E+00 
 2008  4284    4  0.4938500000E+00  0.1942517246E+00 
 2008  4290    4  0.3771425000E+00  0.2494020628E+00 
 2008  4296    4  0.1738500000E+00  0.2260417384E+00 
 2008  4302    4  0.2374600000E+00  0.1844846926E+00 
 2008  4308    4  0.3134650000E+00  0.1781564753E+00 
 2008  4314    4  0.3806900000E+00  0.2128140815E+00 
 2008  4320    4  0.3519475000E-01  0.2149984039E+00 
 2008  4326    4  0.2528000000E+00  0.2050257301E+00 
 2008  4332    4  0.4545000000E+00  0.1917166268E+00 
 2008  4338    4  0.6162500000E+00  0.2032907339E+00 
 2008  4344    4  0.9875000000E-01  0.2157121288E+00 
 2008  4350    4  0.2514625000E+00  0.1934212933E+00 
 2008  4356    4  0.3251050000E+00  0.1990754557E+00 
 2008  4362    4  0.4188750000E+00  0.2015462897E+00 
 2008  4368    4  0.3257500000E-01  0.2084016480E+00 
 2008  4374    4  0.2074950000E+00  0.1810879540E+00 
 2008  4380    4  0.2400175000E+00  0.1925692575E+00 
 2008  4386    4  0.1378000000E+00  0.2138098103E+00 
 2008  4392    4  -0.3646000000E+00  0.2290774105E+00 
 2008  4398    4  -0.1298825000E+00  0.2020638486E+00 
 2008  4404    4  0.6452750000E-01  0.2156305411E+00 
 2008  4410    4  0.4199000000E-01  0.1914336864E+00 
 2008  4416    4  -0.1928125000E+00  0.2489632362E+00 
 2008  4422    4  -0.1098225000E+00  0.1938312504E+00 
 2008  4428    4  0.2243650000E+00  0.1828272919E+00 
 2008  4434    4  0.1735000000E+00  0.2195610735E+00 
 2008  4440    4  0.2920825000E+00  0.2345693147E+00 
 2008  4446    4  0.2907950000E+00  0.2227576465E+00 
 2008  4452    4  0.4628250000E+00  0.2080823199E+00 
 2008  4458    4  0.6103750000E+00  0.1710857588E+00 
 2008  4464    4  0.3285900000E+00  0.2452013852E+00 
 2008  4470    4  0.1701500000E+00  0.2273511436E+00 
 2008  4476    4  0.1194000000E+00  0.2160909878E+00 
 2008  4482    4  -0.1177425000E+00  0.2248290782E+00 
 2008  4488    4  -0.4396500000E+00  0.2523777476E+00 
 2008  4494    4  -0.3721500000E+00  0.1756274110E+00 
 2008  4500    4  -0.2003865000E+00  0.1962164262E+00 
 2008  4506    4  -0.1870100000E+00  0.1734275545E+00 
 2008  4512    4  0.5685000000E-02  0.2726845883E+00 
 2008  4518    4  0.1191000000E+00  0.2180965268E+00 
 2008  4524    4  0.5028500000E+00  0.1809218132E+00 
 2008  4530    4  0.6354500000E+00  0.2641196840E+00 
 2008  4536    4  0.1184500000E+00  0.2268505510E+00 
 2008  4542    4  0.4300500000E+00  0.1812718470E+00 
 2008  4548    4  0.7243500000E+00  0.1899855850E+00 
 2008  4554    4  0.6719000000E+00  0.2067029148E+00 
 2008  4560    4  0.2279000000E+00  0.2171337491E+00 
 2008  4566    4  -0.1152500000E-01  0.2485554302E+00 
 2008  4572    4  0.3178950000E+00  0.2229700273E+00 
 2008  4578    4  0.1915750000E+00  0.1732230986E+00 
 2008  4584    4  -0.3306000000E+00  0.1745319169E+00 
 2008  4590    4  -0.2535125000E+00  0.2082879268E+00 
 2008  4596    4  0.6313550000E-01  0.2052136403E+00 
 2008  4602    4  0.1946750000E-01  0.2162364508E+00 
 2008  4608    4  -0.3020475000E+00  0.2503999756E+00 
 2008  4614    4  -0.1458775000E+00  0.2267093020E+00 
 2008  4620    4  0.2204250000E+00  0.1945553054E+00 
 2008  4626    4  0.1269425000E+00  0.2356181910E+00 
 2008  4632    4  -0.1037225000E+00  0.2122315501E+00 
 2008  4638    4  0.2112000000E+00  0.2006234159E+00 
 2008  4644    4  0.4377250000E+00  0.2013672935E+00 
 2008  4650    4  0.5404250000E+00  0.2440669619E+00 
 2008  4656    4  0.1921250000E+00  0.2206352349E+00 
 2008  4662    4  0.2086500000E+00  0.1914234899E+00 
 2008  4668    4  0.2299000000E+00  0.2098101880E+00 
 2008  4674    4  0.1237000000E+00  0.2350412836E+00 
 2008  4680    4  -0.2957825000E+00  0.2341000340E+00 
 2008  4686    4  -0.3402500000E+00  0.2030803105E+00 
 2008  4692    4  -0.3072250000E-01  0.1957365449E+00 
 2008  4698    4  0.1267750000E+00  0.2222976763E+00 
 2008  4704    4  -0.4344750000E+00  0.2585342180E+00 
 2008  4710    4  -0.3556250000E+00  0.1979060936E+00 
 2008  4716    4  0.1047700000E+00  0.1776153082E+00 
 2008  4722    4  0.3605400000E+00  0.1947858717E+00 
 2008  4728    4  -0.3298500000E-01  0.2248557975E+00 
 2008  4734    4  -0.7913350000E-01  0.1788030835E+00 
 2008  4740    4  0.2342525000E+00  0.1808101830E+00 
 2008  4746    4  0.1704000000E+00  0.2192951094E+00 
 2008  4752    4  -0.2752500000E+00  0.2462416750E+00 
 2008  4758    4  0.7650000000E-01  0.1841903499E+00 
 2008  4764    4  0.3487950000E+00  0.1771713156E+00 
 2008  4770    4  0.5081500000E+00  0.2369051023E+00 
 2008  4776    4  0.1182000000E+00  0.2244366392E+00 
 2008  4782    4  0.1564000000E+00  0.1886438841E+00 
 2008  4788    4  0.3844650000E+00  0.2186148752E+00 
 2008  4794    4  0.4317500000E+00  0.1889682315E+00 
 2008  4800    4  -0.2762500000E-02  0.2108910601E+00 
 2008  4806    4  0.2025750000E-01  0.2121084343E+00 
 2008  4812    4  0.2328400000E+00  0.1996361085E+00 
 2008  4818    4  0.1401500000E+00  0.2122611422E+00 
 2008  4824    4  -0.1785975000E+00  0.2418078144E+00 
 2008  4830    4  0.1149500000E+00  0.1915794939E+00 
 2008  4836    4  0.2280200000E+00  0.1841106819E+00 
 2008  4842    4  0.3384025000E+00  0.2258673848E+00 
 2008  4848    4  -0.3319000000E-01  0.1939324848E+00 
 2008  4854    4  -0.5251750000E-01  0.1980867949E+00 
 2008  4860    4  0.3369250000E-01  0.2009819138E+00 
 2008  4866    4  0.8435000000E-01  0.2585476600E+00 
 2008  4872    4  -0.2307242500E+00  0.2448882806E+00 
 2008  4878    4  -0.8757250000E-01  0.2003200673E+00 
 2008  4884    4  0.2207500000E+00  0.2105894169E+00 
 2008  4890    4  0.3134825000E+00  0.2123184682E+00 
 2008  4896    4  0.9402500000E-02  0.2429687213E+00 
 2008  4902    4  0.3852250000E-01  0.1796000529E+00 
 2008  4908    4  0.2667850000E+00  0.1937542636E+00 
 2008  4914    4  0.3853725000E+00  0.2097340191E+00 
 2008  4920    4  0.1852250000E+00  0.2174849693E+00 
 2008  4926    4  0.3595875000E+00  0.1950541603E+00 
 2008  4932    4  0.6439000000E+00  0.1608371381E+00 
 2008  4938    4  0.5101000000E+00  0.2189568793E+00 
 2008  4944    4  0.2117000000E+00  0.2167028726E+00 
 2008  4950    4  0.1996500000E+00  0.2229175801E+00 
 2008  4956    4  0.3016375000E+00  0.2045625191E+00 
 2008  4962    4  0.2500250000E+00  0.2595004371E+00 
 2008  4968    4  -0.5424750000E-01  0.2618994469E+00 
 2008  4974    4  -0.4739750000E-01  0.1904855861E+00 
 2008  4980    4  0.5007750000E+00  0.1711802467E+00 
 2008  4986    4  0.4924750000E+00  0.1973496817E+00 
 2008  4992    4  0.7098250000E-01  0.2523386116E+00 
 2008  4998    4  0.2129125000E+00  0.1661169482E+00 
 2008  5004    4  0.4714500000E+00  0.1952405375E+00 
 2008  5010    4  0.4103750000E+00  0.1846151318E+00 
 2008  5016    4  -0.2234225000E+00  0.1908248040E+00 
 2008  5022    4  0.1134500000E+00  0.1536748272E+00 
 2008  5028    4  0.1290750000E+00  0.1911881845E+00 
 2008  5034    4  0.6870000000E-01  0.2179136756E+00 
 2008  5040    4  -0.2230750000E+00  0.2233225253E+00 
 2008  5046    4  0.6523500000E-01  0.1913470895E+00 
 2008  5052    4  0.1924775000E+00  0.1765213840E+00 
 2008  5058    4  0.1438750000E+00  0.1881976936E+00 
 2008  5064    4  -0.1730500000E-01  0.1903382281E+00 
 2008  5070    4  0.2092175000E+00  0.1857906750E+00 
 2008  5076    4  0.4535000000E+00  0.2002250234E+00 
 2008  5082    4  0.6904000000E+00  0.1822380723E+00 
 2008  5088    4  0.1929500000E+00  0.2230830171E+00 
 2008  5094    4  0.1285250000E+00  0.1937054126E+00 
 2008  5100    4  0.1914250000E+00  0.1586965245E+00 
 2008  5106    4  0.3316375000E+00  0.2128642566E+00 
 2008  5112    4  -0.2107575000E+00  0.2238470306E+00 
 2008  5118    4  -0.2977600000E+00  0.2069239590E+00 
 2008  5124    4  -0.1553500000E+00  0.1948365301E+00 
 2008  5130    4  0.6650000000E-01  0.1865985129E+00 
 2008  5136    4  -0.3743250000E+00  0.2366094395E+00 
 2008  5142    4  -0.4649750000E+00  0.2143236382E+00 
 2008  5148    4  -0.7774400000E-01  0.1876067728E+00 
 2008  5154    4  -0.2150825000E+00  0.2170091284E+00 
 2008  5160    4  -0.2912000000E+00  0.2163263622E+00 
 2008  5166    4  -0.2342675000E+00  0.2190909507E+00 
 2008  5172    4  0.5471750000E-01  0.1781718508E+00 
 2008  5178    4  0.2490250000E+00  0.2242894600E+00 
 2008  5184    4  -0.3496250000E-01  0.2448129958E+00 
 2008  5190    4  0.5328000000E-01  0.2076549595E+00 
 2008  5196    4  0.3094750000E-01  0.2076435438E+00 
 2008  5202    4  0.4051000000E+00  0.2181494556E+00 
 2008  5208    4  -0.9244000000E-01  0.2779426783E+00 
 2008  5214    4  -0.1970375000E+00  0.1943585512E+00 
 2008  5220    4  0.1180750000E+00  0.1731649412E+00 
 2008  5226    4  0.3216100000E+00  0.2299670853E+00 
 2008  5232    4  0.1016750000E+00  0.2460256224E+00 
 2008  5238    4  0.5965000000E-01  0.2072216024E+00 
 2008  5244    4  0.2049750000E+00  0.2125752264E+00 
 2008  5250    4  0.1232500000E+00  0.2453990067E+00 
 2008  5256    4  -0.2773867500E+00  0.2893805429E+00 
 2008  5262    4  -0.1571600000E+00  0.2249751912E+00 
 2008  5268    4  0.1813500000E+00  0.1859092453E+00 
 2008  5274    4  0.4175922500E+00  0.2489068570E+00 
 2008  5280    4  -0.2425750000E-01  0.3020669352E+00 
 2008  5286    4  0.1029000000E+00  0.2042810442E+00 
 2008  5292    4  0.4939250000E+00  0.1750132477E+00 
 2008  5298    4  0.6843750000E+00  0.2133265030E+00 
 2008  5304    4  0.3814525000E+00  0.2876949631E+00 
 2008  5310    4  0.1686250000E+00  0.2079774913E+00 
 2008  5316    4  0.4805000000E+00  0.2088776795E+00 
 2008  5322    4  0.5157500000E+00  0.2607901120E+00 
 2008  5328    4  -0.1059522500E+00  0.2831190207E+00 
 2008  5334    4  -0.5928000000E-01  0.1781286563E+00 
 2008  5340    4  0.2214500000E+00  0.2014530280E+00 
 2008  5346    4  0.2817750000E+00  0.2818659289E+00 
 2008  5352    4  -0.2851725000E+00  0.2709191390E+00 
 2008  5358    4  -0.2298250000E-01  0.1714634169E+00 
 2008  5364    4  0.2837575000E+00  0.1940116232E+00 
 2008  5370    4  0.2641000000E+00  0.2442562282E+00 
 2008  5376    4  -0.1458600000E-01  0.2884673472E+00 
 2008  5382    4  -0.1857250000E-01  0.1663925821E+00 
 2008  5388    4  0.2107250000E+00  0.2414559005E+00 
 2008  5394    4  0.3538250000E+00  0.2984033292E+00 
 2008  5400    4  -0.2672000000E+00  0.3308666345E+00 
 2008  5406    4  -0.3101500000E+00  0.2228822615E+00 
 2008  5412    4  0.9682500000E-02  0.2007366145E+00 
 2008  5418    4  -0.1040350000E+00  0.2431312648E+00 
 2008  5424    4  -0.5715500000E+00  0.3059853387E+00 
 2008  5430    4  -0.4649750000E+00  0.1883015716E+00 
 2008  5436    4  -0.7526500000E-01  0.1984100040E+00 
 2008  5442    4  -0.1523375000E+00  0.2370477075E+00 
 2008  5448    4  -0.5669500000E+00  0.2818087516E+00 
 2008  5454    4  -0.3443750000E+00  0.1890713275E+00 
 2008  5460    4  -0.4531750000E-01  0.1900913147E+00 
 2008  5466    4  -0.2006375000E+00  0.2174969522E+00 
 2008  5472    4  -0.4560500000E+00  0.2296421183E+00 
 2008  5478    4  -0.4991500000E+00  0.2320926593E+00 
 2008  5484    4  -0.2068050000E+00  0.1949697331E+00 
 2008  5490    4  -0.4037250000E+00  0.2929573550E+00 
 2008  5496    4  -0.9959750000E+00  0.2510052228E+00 
 2008  5502    4  -0.6821500000E+00  0.2495712073E+00 
 2008  5508    4  -0.2629250000E+00  0.1837772616E+00 
 2008  5514    4  -0.1864450000E+00  0.2627318173E+00 
 2008  5520    4  -0.7057750000E+00  0.2749445978E+00 
 2008  5526    4  -0.4883500000E+00  0.2262070456E+00 
 2008  5532    4  -0.3842250000E+00  0.2066721846E+00 
 2008  5538    4  -0.2559400000E+00  0.2912845358E+00 
 2008  5544    4  -0.5653000000E+00  0.2993646773E+00 
 2008  5550    4  -0.5018750000E+00  0.1755790331E+00 
 2008  5556    4  -0.4451000000E-01  0.1819046073E+00 
 2008  5562    4  0.1611000000E+00  0.2306976701E+00 
 2008  5568    4  -0.2002450000E+00  0.2831710805E+00 
 2008  5574    4  -0.3964000000E+00  0.2478971258E+00 
 2008  5580    4  -0.4333750000E+00  0.2273280710E+00 
 2008  5586    4  -0.4895750000E+00  0.2506243541E+00 
 2008  5592    4  -0.7718500000E+00  0.2860056337E+00 
 2008  5598    4  -0.5944750000E+00  0.2337887655E+00 
 2008  5604    4  -0.1676450000E+00  0.2019876038E+00 
 2008  5610    4  -0.2000000000E+00  0.3081926102E+00 
 2008  5616    4  -0.3096995000E+00  0.2877482865E+00 
 2008  5622    4  -0.3194000000E+00  0.2728454782E+00 
 2008  5628    4  -0.1553305225E+00  0.1929279973E+00 
 2008  5634    4  0.8193500000E-01  0.2440447760E+00 
 2008  5640    4  -0.8733250000E-01  0.3080980650E+00 
 2008  5646    4  -0.2614375000E+00  0.2446348130E+00 
 2008  5652    4  -0.9001750000E-02  0.1903978692E+00 
 2008  5658    4  0.1997750000E+00  0.2756706765E+00 
 2008  5664    4  -0.2855400000E+00  0.2643569250E+00 
 2008  5670    4  -0.3213050000E+00  0.2499693883E+00 
 2008  5676    4  0.8859750000E-01  0.1950220706E+00 
 2008  5682    4  0.8350000000E-01  0.2605111610E+00 
 2008  5688    4  -0.2458000000E+00  0.2965127650E+00 
 2008  5694    4  -0.2054000000E+00  0.2151985692E+00 
 2008  5700    4  0.8461750000E-01  0.2077273427E+00 
 2008  5706    4  0.5121750000E-01  0.2399762424E+00 
 2008  5712    4  -0.2994600000E+00  0.2652340585E+00 
 2008  5718    4  -0.2636575000E+00  0.2149676113E+00 
 2008  5724    4  0.1908975000E+00  0.1954154907E+00 
 2008  5730    4  0.4205000000E-01  0.2091025765E+00 
 2008  5736    4  -0.5105500000E-01  0.2068140704E+00 
 2008  5742    4  -0.1525650000E+00  0.2252486232E+00 
 2008  5748    4  -0.7038750000E-01  0.1971925087E+00 
 2008  5754    4  -0.1079500000E-01  0.1644599254E+00 
 2008  5760    4  -0.3133600000E+00  0.2801093307E+00 
 2008  5766    4  -0.4701750000E+00  0.2280691932E+00 
 2008  5772    4  -0.4994750000E+00  0.2011264201E+00 
 2008  5778    4  -0.5160500000E+00  0.2061953503E+00 
 2008  5784    4  -0.7850750000E+00  0.2507762785E+00 
 2008  5790    4  -0.5628750000E+00  0.2035014297E+00 
 2008  5796    4  -0.1741825000E+00  0.2122649180E+00 
 2008  5802    4  0.2055500000E-01  0.2359139739E+00 
 2008  5808    4  -0.1229535000E+00  0.2910046501E+00 
 2008  5814    4  -0.1000325000E+00  0.1889673691E+00 
 2008  5820    4  0.1935050000E+00  0.1781181380E+00 
 2008  5826    4  0.3326080000E+00  0.1973886962E+00 
 2008  5832    4  -0.8375000000E-01  0.2722176106E+00 
 2008  5838    4  -0.1975522500E+00  0.2327096323E+00 
 2008  5844    4  0.1349750000E+00  0.1721325852E+00 
 2008  5850    4  0.1806175000E+00  0.1476281000E+00 
 2008  5856    4  -0.2543950000E+00  0.1966560960E+00 
 2008  5862    4  -0.2945500000E+00  0.2057052321E+00 
 2008  5868    4  0.3005000000E-02  0.1578088783E+00 
 2008  5874    4  0.2566875000E+00  0.2076552503E+00 
 2008  5880    4  0.9565000000E-01  0.2179907051E+00 
 2008  5886    4  0.7275000000E-03  0.2352922369E+00 
 2008  5892    4  0.2854750000E+00  0.2023084573E+00 
 2008  5898    4  0.1969750000E+00  0.2505251123E+00 
 2008  5904    4  -0.1224377500E+00  0.3613457565E+00 
 2008  5910    4  -0.2245580000E+00  0.2126461060E+00 
 2008  5916    4  0.1824275000E+00  0.2025840931E+00 
 2008  5922    4  0.9405000000E-01  0.2711657473E+00 
 2008  5928    4  -0.4839500000E+00  0.3139406433E+00 
 2008  5934    4  -0.4027500000E+00  0.1985648194E+00 
 2008  5940    4  0.5438000000E-01  0.2167367440E+00 
 2008  5946    4  0.1942500000E-01  0.2367655948E+00 
 2008  5952    4  -0.6678250000E+00  0.2804934079E+00 
 2008  5958    4  -0.3918250000E+00  0.2305187235E+00 
 2008  5964    4  -0.1308325000E+00  0.2160370771E+00 
 2008  5970    4  -0.3096810000E+00  0.2915478257E+00 
 2008  5976    4  -0.7354500000E+00  0.2830095096E+00 
 2008  5982    4  -0.5587500000E+00  0.1968501270E+00 
 2008  5988    4  -0.1596900000E+00  0.1895104121E+00 
 2008  5994    4  -0.1712850000E+00  0.2346436126E+00 
 2008  6000    4  -0.4703250000E+00  0.2259397859E+00 
 2008  6006    4  -0.3809750000E+00  0.2271752999E+00 
 2008  6012    4  0.1860525000E-01  0.1916606927E+00 
 2008  6018    4  -0.1677025000E+00  0.2646860782E+00 
 2008  6024    4  -0.5510750000E+00  0.2318403694E+00 
 2008  6030    4  -0.2477650000E+00  0.2184666580E+00 
 2008  6036    4  0.9102750000E-01  0.1848862022E+00 
 2008  6042    4  0.1847075000E+00  0.2104711371E+00 
 2008  6048    4  -0.1934250000E-01  0.2692034796E+00 
 2008  6054    4  -0.7620000000E-02  0.2255679636E+00 
 2008  6060    4  0.2516900000E+00  0.1845230698E+00 
 2008  6066    4  0.2635525000E+00  0.2320701829E+00 
 2008  6072    4  0.9397500000E-01  0.2129675724E+00 
 2008  6078    4  -0.1898850000E+00  0.2320022371E+00 
 2008  6084    4  -0.1225235000E+00  0.1564316321E+00 
 2008  6090    4  0.4052500000E-02  0.2050153879E+00 
 2008  6096    4  -0.1440650000E+00  0.2596324685E+00 
 2008  6102    4  -0.4172750000E+00  0.2346999507E+00 
 2008  6108    4  -0.5198750000E-01  0.2073091415E+00 
 2008  6114    4  0.1135500000E+00  0.1420867077E+00 
 2008  6120    4  -0.1685525000E+00  0.2512116215E+00 
 2008  6126    4  -0.1833050000E+00  0.2118044056E+00 
 2008  6132    4  0.2700925000E+00  0.1567021958E+00 
 2008  6138    4  0.5731250000E+00  0.1774853286E+00 
 2008  6144    4  0.6138000000E+00  0.2742097464E+00 
 2008  6150    4  0.1227250000E+00  0.1620991884E+00 
 2008  6156    4  0.5500000000E+00  0.2106554652E+00 
 2008  6162    4  0.7367750000E+00  0.2674253015E+00 
 2008  6168    4  0.1842000000E+00  0.2612665593E+00 
 2008  6174    4  0.5241500000E-01  0.1798730571E+00 
 2008  6180    4  0.2076025000E+00  0.2007237816E+00 
 2008  6186    4  0.1888500000E+00  0.2139156668E+00 
 2008  6192    4  -0.3461250000E+00  0.2232080686E+00 
 2008  6198    4  -0.3818500000E+00  0.1754428326E+00 
 2008  6204    4  -0.9497500000E-02  0.1443678940E+00 
 2008  6210    4  0.7194750000E-01  0.1596935151E+00 
 2008  6216    4  -0.1733825000E+00  0.2099771926E+00 
 2008  6222    4  0.5671250000E-01  0.2097484814E+00 
 2008  6228    4  0.1799875000E+00  0.1672983278E+00 
 2008  6234    4  0.3869000000E+00  0.1673579248E+00 
 2008  6240    4  0.4047250000E-01  0.2516217941E+00 
 2008  6246    4  0.1391700000E+00  0.1964314478E+00 
 2008  6252    4  0.3312500000E+00  0.1539705248E+00 
 2008  6258    4  0.3436750000E+00  0.1564437179E+00 
 2008  6264    4  0.4690825000E+00  0.2452545717E+00 
 2008  6270    4  0.2767425000E+00  0.2408621855E+00 
 2008  6276    4  0.4442000000E+00  0.1683364043E+00 
 2008  6282    4  0.6660500000E+00  0.2111743533E+00 
 2008  6288    4  0.3060675000E+00  0.2504827512E+00 
 2008  6294    4  -0.6791000000E-01  0.2019696816E+00 
 2008  6300    4  0.6229275000E-01  0.2026811739E+00 
 2008  6306    4  -0.2653000000E-01  0.3055938345E+00 
 2008  6312    4  -0.2061490000E+00  0.2275794671E+00 
 2008  6318    4  -0.2705975000E+00  0.2158300190E+00 
 2008  6324    4  0.2283800000E+00  0.1744707804E+00 
 2008  6330    4  0.1184425000E+00  0.2550533815E+00 
 2008  6336    4  0.3393675000E+00  0.2197716683E+00 
 2008  6342    4  0.3160935000E+00  0.2173397891E+00 
 2008  6348    4  0.6293750000E+00  0.2205522090E+00 
 2008  6354    4  0.3929675000E+00  0.1849457966E+00 
 2008  6360    4  0.4574150000E+00  0.2666893693E+00 
 2008  6366    4  0.2257250000E-01  0.2301384763E+00 
 2008  6372    4  0.2294250000E+00  0.1836557973E+00 
 2008  6378    4  0.1802250000E-01  0.2075674541E+00 
 2008  6384    4  -0.2269875000E+00  0.3207746221E+00 
 2008  6390    4  -0.4288750000E+00  0.2178367436E+00 
 2008  6396    4  0.4367000000E-01  0.1820799789E+00 
 2008  6402    4  -0.8657500000E-01  0.2740191816E+00 
 2008  6408    4  0.1228525000E+00  0.2691130279E+00 
 2008  6414    4  -0.9584300000E-01  0.2042318402E+00 
 2008  6420    4  0.2422475000E+00  0.1473738996E+00 
 2008  6426    4  0.4537000000E+00  0.2227277598E+00 
 2008  6432    4  0.2467600000E+00  0.2447367030E+00 
 2008  6438    4  -0.2307550000E+00  0.1941649352E+00 
 2008  6444    4  0.4131750000E+00  0.1563116818E+00 
 2008  6450    4  0.2518875000E+00  0.1658643586E+00 
 2008  6456    4  0.1129000000E+00  0.2749811903E+00 
 2008  6462    4  -0.5352500000E-01  0.1679046772E+00 
 2008  6468    4  0.4782250000E+00  0.1570247652E+00 
 2008  6474    4  0.7858250000E+00  0.2348899569E+00 
 2008  6480    4  0.3183750000E+00  0.2837667297E+00 
 2008  6486    4  0.9627250000E-01  0.1945024801E+00 
 2008  6492    4  0.2033650000E+00  0.1709890572E+00 
 2008  6498    4  0.3020500000E+00  0.2650629218E+00 
 2008  6504    4  -0.4048925000E+00  0.2937146075E+00 
 2008  6510    4  -0.5773000000E+00  0.1832017740E+00 
 2008  6516    4  -0.4276250000E+00  0.2112192389E+00 
 2008  6522    4  -0.3386250000E+00  0.2398682490E+00 
 2008  6528    4  -0.7297750000E+00  0.3122102046E+00 
 2008  6534    4  -0.5951250000E+00  0.1767026369E+00 
 2008  6540    4  0.1449407500E+00  0.2042017490E+00 
 2008  6546    4  0.1812500000E+00  0.2936709851E+00 
 2008  6552    4  -0.2147750000E+00  0.2829593312E+00 
 2008  6558    4  -0.2679600000E+00  0.2071323992E+00 
 2008  6564    4  0.1955950000E+00  0.1954331505E+00 
 2008  6570    4  0.1214750000E+00  0.2082588819E+00 
 2008  6576    4  -0.1352750000E+00  0.2263256103E+00 
 2008  6582    4  -0.9990500000E-01  0.2062008571E+00 
 2008  6588    4  -0.5575000000E-02  0.1987081827E+00 
 2008  6594    4  0.2401750000E+00  0.1861552897E+00 
 2008  6600    4  0.1232250000E+00  0.2460060810E+00 
 2008  6606    4  0.5979250000E-01  0.1893508336E+00 
 2008  6612    4  0.1912250000E+00  0.2143595505E+00 
 2008  6618    4  0.2785400000E+00  0.1772560036E+00 
 2008  6624    4  0.2539000000E+00  0.2287640160E+00 
 2008  6630    4  0.2744000000E-01  0.1902559166E+00 
 2008  6636    4  0.2145525000E+00  0.2227009842E+00 
 2008  6642    4  -0.3898500000E-01  0.2322123052E+00 
 2008  6648    4  -0.3823500000E+00  0.2580434217E+00 
 2008  6654    4  -0.4697500000E+00  0.2172816893E+00 
 2008  6660    4  -0.3113500000E+00  0.2149813073E+00 
 2008  6666    4  -0.9725000000E-01  0.1845489985E+00 
 2008  6672    4  -0.8897500000E-02  0.2429629869E+00 
 2008  6678    4  -0.1101750000E-01  0.2093736753E+00 
 2008  6684    4  0.3815000000E-01  0.1747679676E+00 
 2008  6690    4  0.3053750000E+00  0.1176601329E+00 
 2008  6696    4  0.2415000000E-01  0.2478296744E+00 
 2008  6702    4  -0.3504250000E+00  0.2419771826E+00 
 2008  6708    4  -0.1885250000E-01  0.1851860977E+00 
 2008  6714    4  -0.4824250000E-01  0.2226260066E+00 
 2008  6720    4  -0.5029500000E+00  0.3040139347E+00 
 2008  6726    4  -0.7090250000E+00  0.2221526657E+00 
 2008  6732    4  -0.2857175000E+00  0.2443195795E+00 
 2008  6738    4  -0.4140425000E+00  0.3151730468E+00 
 2008  6744    4  -0.1104250000E+01  0.3025516196E+00 
 2008  6750    4  -0.1017350000E+01  0.1997204734E+00 
 2008  6756    4  -0.3278875000E+00  0.2245766138E+00 
 2008  6762    4  -0.5913250000E+00  0.2722567481E+00 
 2008  6768    4  -0.6254250000E+00  0.3293414973E+00 
 2008  6774    4  -0.2769475000E+00  0.1956900311E+00 
 2008  6780    4  0.2423075000E+00  0.1846949557E+00 
 2008  6786    4  0.6391250000E-01  0.2430142495E+00 
 2008  6792    4  -0.1549450000E+00  0.2897547412E+00 
 2008  6798    4  -0.2620725000E+00  0.1767958138E+00 
 2008  6804    4  0.2583825000E+00  0.1675974729E+00 
 2008  6810    4  0.2390475000E+00  0.1835943852E+00 
 2008  6816    4  -0.2821775000E+00  0.2002364003E+00 
 2008  6822    4  -0.2388350000E+00  0.1932575812E+00 
 2008  6828    4  0.7759500000E-01  0.1718589016E+00 
 2008  6834    4  -0.2833000000E-01  0.2258589066E+00 
 2008  6840    4  -0.2256500000E+00  0.2538951605E+00 
 2008  6846    4  -0.3481125000E+00  0.1942375040E+00 
 2008  6852    4  0.2177475000E+00  0.2154760608E+00 
 2008  6858    4  0.2062600000E+00  0.2391992178E+00 
 2008  6864    4  -0.1546475000E+00  0.2415571667E+00 
 2008  6870    4  -0.2658050000E+00  0.2092641968E+00 
 2008  6876    4  0.6230500000E-01  0.2045170337E+00 
 2008  6882    4  -0.2170750000E-01  0.2145530649E+00 
 2008  6888    4  -0.2055500000E+00  0.3107418648E+00 
 2008  6894    4  -0.1677475000E+00  0.1937867882E+00 
 2008  6900    4  0.1267850000E+00  0.1915553358E+00 
 2008  6906    4  0.2958525000E+00  0.1572215150E+00 
 2008  6912    4  -0.3131000000E+00  0.3202112913E+00 
 2008  6918    4  -0.2102825000E+00  0.1586307030E+00 
 2008  6924    4  0.1621725000E+00  0.1848133547E+00 
 2008  6930    4  0.7577500000E-01  0.2123392377E+00 
 2008  6936    4  -0.5441000000E+00  0.3568237030E+00 
 2008  6942    4  -0.3713250000E+00  0.2032164779E+00 
 2008  6948    4  0.8232750000E-01  0.1947786854E+00 
 2008  6954    4  0.7043750000E-01  0.1780869920E+00 
 2008  6960    4  -0.4038500000E+00  0.2578799091E+00 
 2008  6966    4  -0.3983500000E+00  0.1985744885E+00 
 2008  6972    4  -0.1138125000E+00  0.1894294472E+00 
 2008  6978    4  0.1998750000E-01  0.2330149791E+00 
 2008  6984    4  -0.1375965000E+00  0.2331099483E+00 
 2008  6990    4  -0.3089450000E+00  0.2227645126E+00 
 2008  6996    4  0.1498750000E+00  0.1787166385E+00 
 2008  7002    4  0.1666500000E+00  0.1811437620E+00 
 2008  7008    4  -0.3682025000E+00  0.3203961236E+00 
 2008  7014    4  -0.3161500000E+00  0.1951277594E+00 
 2008  7020    4  0.1543250000E+00  0.1843921280E+00 
 2008  7026    4  0.3212535000E+00  0.1915946930E+00 
 2008  7032    4  0.8460750000E-01  0.2542560819E+00 
 2008  7038    4  -0.2906300000E+00  0.2040918609E+00 
 2008  7044    4  -0.4881500000E-01  0.1185396654E+00 
 2008  7050    4  -0.1083350000E+00  0.1798342251E+00 
 2008  7056    4  -0.2294250000E+00  0.2232579491E+00 
 2008  7062    4  -0.2875375000E+00  0.2106138272E+00 
 2008  7068    4  -0.1076175000E+00  0.1728486220E+00 
 2008  7074    4  -0.9600750000E-01  0.1174620071E+00 
 2008  7080    4  -0.1308000000E-02  0.1700503925E+00 
 2008  7086    4  -0.5986500000E-01  0.2121976684E+00 
 2008  7092    4  0.2344995000E+00  0.1483131835E+00 
 2008  7098    4  0.4208250000E+00  0.8065325086E-01 
 2008  7104    4  0.3936000000E+00  0.1381194592E+00 
 2008  7110    4  0.2132975000E+00  0.1417658034E+00 
 2008  7116    4  0.4217500000E+00  0.1553834853E+00 
 2008  7122    4  0.4160500000E+00  0.9892849691E-01 
 2008  7128    4  0.2478245000E+00  0.1607530429E+00 
 2008  7134    4  0.3340500000E-01  0.1895933993E+00 
 2008  7140    4  0.4175500000E+00  0.1311480556E+00 
 2008  7146    4  0.1700750000E-01  0.1308686715E+00 
 2008  7152    4  0.3330975000E+00  0.2390014802E+00 
 2008  7158    4  0.1555375000E+00  0.2030236235E+00 
 2008  7164    4  0.3532000000E+00  0.1413826368E+00 
 2008  7170    4  -0.6695500000E-01  0.1792112628E+00 
 2008  7176    4  -0.2192450000E+00  0.2504859826E+00 
 2008  7182    4  -0.4474500000E+00  0.1978068818E+00 
 2008  7188    4  -0.1451500000E+00  0.2058265883E+00 
 2008  7194    4  -0.3200050000E+00  0.2328993969E+00 
 2008  7200    4  -0.6353500000E+00  0.3564729618E+00 
 2008  7206    4  -0.4527750000E+00  0.1823523015E+00 
 2008  7212    4  0.2430000000E-01  0.2763403789E+00 
 2008  7218    4  -0.5922500000E-01  0.2875973346E+00 
 2008  7224    4  -0.5383250000E+00  0.3605429751E+00 
 2008  7230    4  -0.5175250000E+00  0.1963361706E+00 
 2008  7236    4  -0.5051500000E-01  0.2357164094E+00 
 2008  7242    4  -0.3772250000E+00  0.1887903119E+00 
 2008  7248    4  -0.6312500000E+00  0.2869674764E+00 
 2008  7254    4  -0.4475250000E+00  0.1721416041E+00 
 2008  7260    4  0.1198025000E+00  0.2291751154E+00 
 2008  7266    4  0.2023750000E-01  0.2023298772E+00 
 2008  7272    4  -0.3661250000E+00  0.2685162134E+00 
 2008  7278    4  -0.4792250000E+00  0.1509235299E+00 
 2008  7284    4  0.1183600000E-01  0.1667060625E+00 
 2008  7290    4  0.4313250000E-01  0.1597838389E+00 
 2008  7296    4  -0.5615000000E+00  0.2742177875E+00 
 2008  7302    4  -0.4433500000E+00  0.1745771248E+00 
 2008  7308    4  -0.6376750000E-01  0.1878886151E+00 
 2008  7314    4  -0.2752375000E+00  0.1973837993E+00 
 2008  7320    4  -0.6765500000E+00  0.3165960636E+00 
 2008  7326    4  -0.5733750000E+00  0.1903228491E+00 
 2008  7332    4  -0.3392750000E-01  0.1611391891E+00 
 2008  7338    4  -0.2016075000E+00  0.1483381767E+00 
 2008  7344    4  -0.5093500000E+00  0.2533786544E+00 
 2008  7350    4  -0.5782750000E+00  0.1933199598E+00 
 2008  7356    4  -0.1721000000E-01  0.1950452571E+00 
 2008  7362    4  -0.2041375000E+00  0.2080606340E+00 
 2008  7368    4  -0.7079250000E+00  0.2182502506E+00 
 2008  7374    4  -0.1044050000E+01  0.1733759715E+00 
 2008  7380    4  -0.5766500000E+00  0.1590795477E+00 
 2008  7386    4  -0.7281000000E+00  0.1872545727E+00 
 2008  7392    4  -0.8525500000E+00  0.2039095572E+00 
 2008  7398    4  -0.7866750000E+00  0.1655234028E+00 
 2008  7404    4  -0.1293650000E+00  0.1652242303E+00 
 2008  7410    4  -0.7473650000E-01  0.1657878052E+00 
 2008  7416    4  -0.2806125000E+00  0.2386599101E+00 
 2008  7422    4  -0.3585500000E+00  0.1594746453E+00 
 2008  7428    4  0.3048000000E-01  0.1401299980E+00 
 2008  7434    4  -0.1423150000E+00  0.1943928304E+00 
 2008  7440    4  -0.3826750000E+00  0.2393064079E+00 
 2008  7446    4  -0.3098500000E+00  0.1798371833E+00 
 2008  7452    4  -0.7378750000E-01  0.1964346277E+00 
 2008  7458    4  -0.2362500000E+00  0.1213836171E+00 
 2008  7464    4  -0.3847250000E+00  0.1332689269E+00 
 2008  7470    4  -0.3786000000E+00  0.1208549958E+00 
 2008  7476    4  -0.2342167500E+00  0.1775925176E+00 
 2008  7482    4  -0.4834750000E+00  0.1731736322E+00 
 2008  7488    4  -0.1404725000E+00  0.2045222427E+00 
 2008  7494    4  -0.3275750000E+00  0.1570236825E+00 
 2008  7500    4  0.2375857500E+00  0.1492564892E+00 
 2008  7506    4  0.6000500000E-01  0.1372934670E+00 
 2008  7512    4  0.1318750000E-03  0.1147030230E+00 
 2008  7518    4  0.1107250000E-01  0.1594038402E+00 
 2008  7524    4  -0.9881500000E-01  0.1890675664E+00 
 2008  7530    4  -0.5431250000E+00  0.1157225642E+00 
 2008  7536    4  -0.6686250000E+00  0.2149656644E+00 
 2008  7542    4  -0.4185250000E+00  0.2051908182E+00 
 2008  7548    4  -0.3927750000E+00  0.1849873965E+00 
 2008  7554    4  -0.3922250000E+00  0.1929461891E+00 
 2008  7560    4  -0.4335500000E+00  0.2332108113E+00 
 2008  7566    4  -0.2960500000E+00  0.1825765387E+00 
 2008  7572    4  -0.1627452500E+00  0.1672181354E+00 
 2008  7578    4  -0.2125500000E+00  0.1478055354E+00 
 2008  7584    4  -0.1908675000E+00  0.1675992037E+00 
 2008  7590    4  -0.1278250000E+00  0.1300095609E+00 
 2008  7596    4  -0.1259025000E+00  0.1442112708E+00 
 2008  7602    4  -0.2482125000E+00  0.1476983005E+00 
 2008  7608    4  -0.1565025000E+00  0.2169754699E+00 
 2008  7614    4  -0.2451525000E+00  0.1669453242E+00 
 2008  7620    4  0.1221050000E+00  0.1740971541E+00 
 2008  7626    4  -0.1213037500E+00  0.1869078056E+00 
 2008  7632    4  -0.1952075000E+00  0.1918987013E+00 
 2008  7638    4  -0.1035200000E+00  0.1200571839E+00 
 2008  7644    4  -0.4410575000E-01  0.1637823872E+00 
 2008  7650    4  -0.1707457500E+00  0.1550285531E+00 
 2008  7656    4  -0.4726500000E+00  0.1942238206E+00 
 2008  7662    4  -0.3884750000E+00  0.1770006974E+00 
 2008  7668    4  -0.1790875000E+00  0.1915098255E+00 
 2008  7674    4  -0.1831700000E+00  0.1841701492E+00 
 2008  7680    4  -0.2811225000E+00  0.2363225603E+00 
 2008  7686    4  -0.3148075000E+00  0.2197414712E+00 
 2008  7692    4  -0.2148125000E+00  0.1960821970E+00 
 2008  7698    4  -0.3877250000E+00  0.1793725923E+00 
 2008  7704    4  -0.6485000000E+00  0.2480527061E+00 
 2008  7710    4  -0.7366500000E+00  0.2073005246E+00 
 2008  7716    4  -0.3840250000E+00  0.2014180525E+00 
 2008  7722    4  -0.4740250000E+00  0.1461672394E+00 
 2008  7728    4  -0.8268500000E+00  0.2480592923E+00 
 2008  7734    4  -0.1062025000E+01  0.2151834145E+00 
 2008  7740    4  -0.5916750000E+00  0.1967190684E+00 
 2008  7746    4  -0.4703500000E+00  0.1770224633E+00 
 2008  7752    4  -0.7578500000E+00  0.2194378101E+00 
 2008  7758    4  -0.7624250000E+00  0.2112709442E+00 
 2008  7764    4  -0.3893500000E+00  0.1991732600E+00 
 2008  7770    4  -0.2173430000E+00  0.2115133080E+00 
 2008  7776    4  -0.4391000000E+00  0.2221574667E+00 
 2008  7782    4  -0.3904250000E+00  0.1905029314E+00 
 2008  7788    4  -0.6135350000E-01  0.1763787787E+00 
 2008  7794    4  -0.1207022500E+00  0.1954303207E+00 
 2008  7800    4  -0.3871500000E+00  0.2843525057E+00 
 2008  7806    4  -0.4516000000E+00  0.1842393959E+00 
 2008  7812    4  -0.2237300000E+00  0.1688386736E+00 
 2008  7818    4  -0.1248225000E+00  0.1531448395E+00 
 2008  7824    4  -0.3352500000E+00  0.1651857515E+00 
 2008  7830    4  -0.2096950000E+00  0.1951288990E+00 
 2008  7836    4  0.2563637250E-01  0.1106231723E+00 
 2008  7842    4  0.1100225000E+00  0.1070507614E+00 
 2008  7848    4  0.2144000000E-01  0.1359995557E+00 
 2008  7854    4  0.1176850000E+00  0.1755631928E+00 
 2008  7860    4  0.2595700000E+00  0.1559745066E+00 
 2008  7866    4  0.3488000000E+00  0.1149538168E+00 
 2008  7872    4  0.4827500000E-02  0.1840433326E+00 
 2008  7878    4  -0.8626750000E-01  0.2017712174E+00 
 2008  7884    4  0.1483750000E+00  0.1710766111E+00 
 2008  7890    4  -0.2047350000E+00  0.1617217230E+00 
 2008  7896    4  -0.6021750000E+00  0.2140915853E+00 
 2008  7902    4  -0.6014750000E+00  0.1631671287E+00 
 2008  7908    4  -0.3867350000E+00  0.2182660319E+00 
 2008  7914    4  -0.4020500000E+00  0.1617054962E+00 
 2008  7920    4  -0.7990250000E+00  0.2463494101E+00 
 2008  7926    4  -0.5735250000E+00  0.1248391440E+00 
 2008  7932    4  -0.1462975000E+00  0.1661046674E+00 
 2008  7938    4  -0.2588500000E-01  0.1529527719E+00 
 2008  7944    4  -0.3689400000E+00  0.2418439017E+00 
 2008  7950    4  -0.2694050000E+00  0.2038739686E+00 
 2008  7956    4  0.2376250000E-01  0.1557645393E+00 
 2008  7962    4  -0.1954800000E+00  0.1458361279E+00 
 2008  7968    4  -0.2980975000E+00  0.1554657889E+00 
 2008  7974    4  -0.3465900000E+00  0.1799091974E+00 
 2008  7980    4  -0.9430000000E-01  0.1523862691E+00 
 2008  7986    4  -0.2901500000E+00  0.1406580339E+00 
 2008  7992    4  -0.4060750000E+00  0.2166813718E+00 
 2008  7998    4  -0.4017500000E+00  0.2068967436E+00 
 2008  8004    4  0.1301900000E+00  0.1590821703E+00 
 2008  8010    4  0.4391500000E-01  0.1443834467E+00 
 2008  8016    4  -0.4268000000E+00  0.1782201307E+00 
 2008  8022    4  -0.1982550000E+00  0.1962778636E+00 
 2008  8028    4  -0.3055750000E+00  0.1480494238E+00 
 2008  8034    4  -0.9112500000E-01  0.1348876016E+00 
 2008  8040    4  -0.3558750000E+00  0.1727651061E+00 
 2008  8046    4  -0.2519675000E+00  0.1661337102E+00 
 2008  8052    4  -0.2780900000E+00  0.1587889584E+00 
 2008  8058    4  -0.2658450000E+00  0.1565879372E+00 
 2008  8064    4  -0.1958375000E+00  0.2423543670E+00 
 2008  8070    4  -0.9265750000E-01  0.1818671422E+00 
 2008  8076    4  0.9712500000E-01  0.2667026188E+00 
 2008  8082    4  0.1332060000E+00  0.2395202428E+00 
 2008  8088    4  -0.9750000000E-03  0.2688960057E+00 
 2008  8094    4  0.3674750000E+00  0.1909573038E+00 
 2008  8100    4  0.3700750000E+00  0.1755288206E+00 
 2008  8106    4  0.1828675000E+00  0.2115683945E+00 
 2008  8112    4  -0.3048500000E+00  0.2390801173E+00 
 2008  8118    4  -0.1883200000E+00  0.1806323707E+00 
 2008  8124    4  -0.4385000000E-02  0.2151130532E+00 
 2008  8130    4  -0.1550175000E+00  0.1899611524E+00 
 2008  8136    4  -0.4005000000E+00  0.2434538663E+00 
 2008  8142    4  -0.3889000000E+00  0.1500231815E+00 
 2008  8148    4  -0.1608817500E+00  0.2125905573E+00 
 2008  8154    4  -0.7359500000E-01  0.1844239460E+00 
 2008  8160    4  -0.6061250000E+00  0.2538595515E+00 
 2008  8166    4  -0.4262250000E+00  0.2002458411E+00 
 2008  8172    4  -0.1790975000E+00  0.2221171293E+00 
 2008  8178    4  -0.4825000000E-02  0.2503384946E+00 
 2008  8184    4  -0.6073750000E+00  0.2972975645E+00 
 2008  8190    4  -0.4236250000E+00  0.1940737022E+00 
 2008  8196    4  -0.2213125000E+00  0.2057596614E+00 
 2008  8202    4  -0.3600750000E+00  0.1943940377E+00 
 2008  8208    4  -0.8156000000E+00  0.2448701799E+00 
 2008  8214    4  -0.5588500000E+00  0.1570969844E+00 
 2008  8220    4  -0.5105250000E+00  0.1753780969E+00 
 2008  8226    4  -0.6643250000E+00  0.1738967707E+00 
 2008  8232    4  -0.9784000000E+00  0.1761471118E+00 
 2008  8238    4  -0.9196250000E+00  0.1396767406E+00 
 2008  8244    4  -0.2770650000E+00  0.1784756361E+00 
 2008  8250    4  -0.3094350000E+00  0.1991547556E+00 
 2008  8256    4  -0.6050000000E+00  0.2266483730E+00 
 2008  8262    4  -0.5691250000E+00  0.1313425174E+00 
 2008  8268    4  -0.1885450000E+00  0.1105810159E+00 
 2008  8274    4  -0.1197575000E+00  0.1841197529E+00 
 2008  8280    4  -0.2341200000E+00  0.2036277583E+00 
 2008  8286    4  0.8497250000E-01  0.1252432815E+00 
 2008  8292    4  0.3355250000E+00  0.1652279997E+00 
 2008  8298    4  0.1815875000E+00  0.1638127757E+00 
 2008  8304    4  -0.2785475000E+00  0.2113141625E+00 
 2008  8310    4  -0.1447025000E+00  0.1567643688E+00 
 2008  8316    4  -0.1310700000E+00  0.1815113597E+00 
 2008  8322    4  -0.2655000000E+00  0.1636335540E+00 
 2008  8328    4  -0.7891000000E+00  0.1910409773E+00 
 2008  8334    4  -0.4226000000E+00  0.1631581901E+00 
 2008  8340    4  -0.1442250000E+00  0.1580803811E+00 
 2008  8346    4  -0.4373000000E+00  0.9521000473E-01 
 2008  8352    4  -0.7695750000E+00  0.2131578567E+00 
 2008  8358    4  -0.2262250000E+00  0.2164568938E+00 
 2008  8364    4  -0.1129975000E+00  0.1683212777E+00 
 2008  8370    4  -0.1276325000E+00  0.1552025817E+00 
 2008  8376    4  -0.5902000000E+00  0.1871173829E+00 
 2008  8382    4  -0.4664500000E+00  0.1746039876E+00 
 2008  8388    4  -0.1174075000E+00  0.1822285877E+00 
 2008  8394    4  -0.2217725000E+00  0.1258866326E+00 
 2008  8400    4  -0.2572050000E+00  0.1833930971E+00 
 2008  8406    4  -0.6985250000E-01  0.1976312204E+00 
 2008  8412    4  0.2236875000E+00  0.1793528120E+00 
 2008  8418    4  -0.3280000000E+00  0.1518959677E+00 
 2008  8424    4  -0.7528500000E+00  0.2432892774E+00 
 2008  8430    4  -0.7379750000E+00  0.1816234205E+00 
 2008  8436    4  -0.8039750000E+00  0.1797626960E+00 
 2008  8442    4  -0.1067500000E+01  0.1214958847E+00 
 2008  8448    4  -0.1548250000E+01  0.1815370141E+00 
 2008  8454    4  -0.1411500000E+01  0.1723492095E+00 
 2008  8460    4  -0.1011325000E+01  0.1638801601E+00 
 2008  8466    4  -0.8034000000E+00  0.1303367945E+00 
 2008  8472    4  -0.1179825000E+01  0.2071905931E+00 
 2008  8478    4  -0.6985000000E+00  0.1902993300E+00 
 2008  8484    4  -0.3647500000E+00  0.1807039637E+00 
 2008  8490    4  -0.4342000000E+00  0.1750427805E+00 
 2008  8496    4  -0.8084500000E+00  0.2519137700E+00 
 2008  8502    4  -0.3559850000E+00  0.1788580294E+00 
 2008  8508    4  -0.1035200000E+00  0.1428841461E+00 
 2008  8514    4  -0.3910750000E+00  0.1220482768E+00 
 2008  8520    4  -0.7621000000E+00  0.1877851299E+00 
 2008  8526    4  -0.4361750000E+00  0.1444613335E+00 
 2008  8532    4  -0.2246200000E+00  0.1643871595E+00 
 2008  8538    4  -0.5042250000E-01  0.1230718636E+00 
 2008  8544    4  -0.6386750000E+00  0.2028990559E+00 
 2008  8550    4  -0.6234500000E+00  0.1807656286E+00 
 2008  8556    4  -0.2319847500E+00  0.1552930076E+00 
 2008  8562    4  -0.3541500000E+00  0.1308750645E+00 
 2008  8568    4  -0.9419250000E+00  0.2760899616E+00 
 2008  8574    4  -0.7149000000E+00  0.1536942582E+00 
 2008  8580    4  -0.4101750000E+00  0.1790131472E+00 
 2008  8586    4  -0.3718250000E+00  0.1629792836E+00 
 2008  8592    4  -0.8447750000E+00  0.2365100460E+00 
 2008  8598    4  -0.8057000000E+00  0.1603963372E+00 
 2008  8604    4  -0.3167000000E+00  0.1362970836E+00 
 2008  8610    4  -0.2120225000E+00  0.1117973860E+00 
 2008  8616    4  -0.4416750000E+00  0.1152539885E+00 
 2008  8622    4  -0.2323425000E+00  0.1390354484E+00 
 2008  8628    4  0.2024700000E+00  0.1191170588E+00 
 2008  8634    4  0.1168375000E-01  0.7236110483E-01 
 2008  8640    4  -0.5174000000E+00  0.1516006596E+00 
 2008  8646    4  -0.2993250000E+00  0.1677428594E+00 
 2008  8652    4  -0.2607825000E+00  0.1427539716E+00 
 2008  8658    4  -0.5545250000E+00  0.1172043595E+00 
 2008  8664    4  -0.4747000000E+00  0.1996006638E+00 
 2008  8670    4  -0.4020075000E+00  0.1965147760E+00 
 2008  8676    4  -0.8105000000E-02  0.1768226373E+00 
 2008  8682    4  -0.9247000000E-01  0.1759364308E+00 
 2008  8688    4  -0.5250000000E+00  0.2606282698E+00 
 2008  8694    4  -0.2845788325E+00  0.1669782640E+00 
 2008  8700    4  -0.1748625000E-01  0.1793594006E+00 
 2008  8706    4  -0.6987750000E-01  0.1506197547E+00 
 2008  8712    4  -0.3740475000E+00  0.2512862805E+00 
 2008  8718    4  -0.2641975000E+00  0.1885772084E+00 
 2008  8724    4  0.2158500000E-01  0.2228597107E+00 
 2008  8730    4  -0.2240475000E+00  0.1344157199E+00 
 2008  8736    4  -0.8410750000E+00  0.3056108422E+00 
 2008  8742    4  -0.6639250000E+00  0.1774985405E+00 
 2008  8748    4  -0.2975250000E+00  0.1838313680E+00 
 2008  8754    4  -0.3356250000E+00  0.1054831829E+00 
 2008  8760    4  -0.6497000000E+00  0.2371755468E+00 
 2008  8766    4  -0.2976800000E+00  0.1304176913E+00 
 2008  8772    4  0.2789750000E-01  0.1981678758E+00 
 2008  8778    4  0.1770000000E-01  0.1142786898E+00 
 2008  8784    4  -0.5206500000E+00  0.1954512407E+00 
